Step	Time_elapsed
1	0.0
2	1582650948.2341292
3	3165.5465779304504
4	1379.729756116867
5	1379.729756116867
6	4986.262409210205
7	9729.076122999191
8	9729.076122999191
9	2271.4214985370636
10	2271.4214985370636
11	2394.555273294449
12	1737.1869406700134
13	1961.6086566448212
14	1465.6498687267303
15	2607.941694021225
16	2266.014670610428
17	3616.22616314888
18	2579.91503572464
19	2315.632066011429
20	2636.9248349666595
21	2636.9248349666595
22	10716.598481178284
23	1798.0537495613098
24	2529.7003581523895
25	1945.4765012264252
26	1945.4765012264252
27	1945.4765012264252
28	6715.130522251129
29	1590.3128261566162
30	0.0
31	0.0
32	1582867886.50218
33	2796.5476908683777
34	2115.045287847519
35	1168.3951833248138
36	3935.2164645195007
37	1028.3876042366028
38	1113.0060424804688
39	1787.663004398346
40	1787.663004398346
41	5607.012680768967
42	4969.423973560333
43	1119.2358226776123
44	1642.0542089939117
45	1990.696177482605
46	8605.312508106232
47	1917.5656094551086
48	1033.5487101078033
49	1107.387013912201
50	1731.7999861240387
51	1630.6968841552734
52	1630.6968841552734
53	1868.6863722801208
54	3080.379536628723
55	3373.7335798740387
56	1756.9631626605988
57	4481.388489961624
58	1872.0728042125702
59	1872.0728042125702
60	5234.29803609848
61	1232.8916730880737
62	1918.9594161510468
63	1595.2860884666443
64	1665.113679409027
65	1504.9404456615448
66	2190.9621772766113
67	2351.385516166687
68	1603.8053216934204
69	1575.2232160568237
70	5265.825016498566
71	5265.825016498566
72	4955.364324331284
73	1539.1024687290192
74	1965.836477279663
75	1494.522124528885
76	1494.522124528885
77	8906.90709733963
78	8906.90709733963
79	8135.17093205452
80	1727.6129033565521
81	1583391799.0419729
82	4587.625851154327
83	4587.625851154327
84	2127.3604123592377
85	2482.499003171921
86	6547.551958084106
87	4682.296892166138
88	2335.090410709381
89	2335.090410709381
90	2335.090410709381
91	9344.910413265228
92	1261.05952835083
93	2764.6249284744263
94	2764.6249284744263
95	3437.4285774230957
96	1781.072214126587
97	1781.072214126587
98	7957.860999584198
99	7957.860999584198
100	6575.03381896019
101	2058.179353237152
102	2291.570564031601
103	2291.570564031601
104	2291.570564031601
105	8569.341106653214
106	3407.7479770183563
107	1006.367267370224
108	1006.367267370224
109	5908.909208774567
110	5908.909208774567
111	5908.909208774567
112	8686.481225013733
113	1831.0067703723907
114	1532.9100503921509
115	2652.552731990814
116	3716.374267101288
117	2390.3316411972046
118	2390.3316411972046
119	2390.3316411972046
120	2390.3316411972046
121	11538.072756767273
122	1349.7756986618042
123	2693.3371312618256
124	2693.3371312618256
125	3578.7940974235535
126	1255.914137840271
127	1046.502477645874
128	1046.502477645874
129	6142.35458278656
130	3869.6780445575714
131	3869.6780445575714
132	4868.860164642334
133	2245.5683920383453
134	3188.4141359329224
135	1747.9810888767242
136	1222.066456079483
137	1357.6141874790192
138	1292.5310792922974
139	2973.094579935074
140	3090.765236854553
141	5713.1468369960785
142	5713.1468369960785
143	5713.1468369960785
144	5318.814950704575
145	1482.2231407165527
146	1482.2231407165527
147	6225.673691034317
148	1925.3403589725494
149	1831.9662368297577
150	1831.9662368297577
151	1831.9662368297577
152	4604.077296495438
153	1526.7746238708496
154	3393.9637520313263
155	3393.9637520313263
156	3393.9637520313263
157	7264.909455060959
158	1241.3276126384735
159	1725.2324423789978
160	3180.0278141498566
161	3180.0278141498566
162	7630.965043544769
163	7630.965043544769
164	5746.349506855011
165	1584602181.499048
166	1584602181.499048
167	1584602181.499048
168	7965.84965634346
169	2062.9802916049957
170	5032.19602894783
171	5032.19602894783
172	5355.683459997177
173	5355.683459997177
174	6463.213637113571
175	6463.213637113571
176	6463.213637113571
177	5565.585832595825
178	5565.585832595825
179	5565.585832595825
180	4803.223343133926
181	1040.433086156845
182	4172.5844304561615
183	4172.5844304561615
184	5485.978729248047
185	5485.978729248047
186	1827.3431856632233
187	2357.984662771225
188	1534.604329586029
189	1147.0129013061523
190	795.434720993042
191	795.434720993042
192	2942.3994603157043
193	2942.3994603157043
194	2248.606057405472
195	952.3895976543427
196	952.3895976543427
197	3865.6148352622986
198	1824.5630943775177
199	723.5330772399902
200	851.5108671188354
201	1232.78586602211
202	1007.7555024623871
203	1481.9799044132233
204	1076.0499091148376
205	1066.533648967743
206	882.3095591068268
207	949.4737982749939
208	798.1097691059113
209	1171.7456803321838
210	1120.9611766338348
211	731.8071520328522
212	505.89636182785034
213	1466.2077295780182
214	1703.0754761695862
215	778.9741485118866
216	1520.3652839660645
217	1099.6883697509766
218	1798.5268874168396
219	1232.4930081367493
220	1262.6777369976044
221	3575.468686580658
222	3575.468686580658
223	1951.6886644363403
224	571.8394343852997
225	880.8304142951965
226	702.6555709838867
227	929.3947985172272
228	703.1688528060913
229	466.53761768341064
230	1798.241609096527
231	632.5251100063324
232	2123.574382543564
233	2123.574382543564
234	1470.612294435501
235	1089.495171546936
236	716.312178850174
237	934.0675001144409
238	298.30624127388
239	298.30624127388
240	2914.774549484253
241	563.4283199310303
242	736.269190788269
243	625.3755362033844
244	1282.7356450557709
245	1574.788694858551
246	665.3442621231079
247	1390.427820444107
248	1026.792890071869
249	1346.6305572986603
250	1021.7969584465027
251	1342.417149066925
252	1029.2439937591553
253	371.17785239219666
254	1603.9937145709991
255	520.4727401733398
256	936.5662627220154
257	706.5182931423187
258	589.7419908046722
259	1105.814689874649
260	2630.383178949356
261	863.1458296775818
262	3614.922675848007
263	1061.7728803157806
264	1145.341817855835
265	1145.341817855835
266	2262.3919270038605
267	838.8978745937347
268	838.8978745937347
269	2981.8564252853394
270	2981.8564252853394
271	2882.4441821575165
272	973.0702719688416
273	649.1122334003448
274	1377.83385014534
275	1377.83385014534
276	1377.83385014534
277	2747.7634694576263
278	879.1658837795258
279	5937.16485452652
280	2368.330365896225
281	3335.031424999237
282	3335.031424999237
283	1618.9063606262207
284	1223.9707989692688
285	958.2848525047302
286	958.2848525047302
287	3481.069292783737
288	3481.069292783737
289	7669.667619466782
290	7669.667619466782
291	3484.9402911663055
292	2374.4221119880676
293	862.4469075202942
294	982.6139407157898
295	1502.2896106243134
296	1293.9447858333588
297	1293.9447858333588
298	1611.4072461128235
299	5504.257712841034
300	1542.0864477157593
301	1415.366361618042
302	1384.9251663684845
303	1355.9750351905823
304	1147.3025591373444
305	888.2036354541779
306	1595.899979352951
307	720.4161059856415
308	720.4161059856415
309	720.4161059856415
310	1881.9085114002228
311	1881.9085114002228
312	1358.5683953762054
313	1048.4170129299164
314	1010.5464067459106
315	1010.5464067459106
316	1596.042578458786
317	1368.1032030582428
318	1171.9085986614227
319	1171.9085986614227
320	1190.8924179077148
321	1190.8924179077148
322	1444.6979758739471
323	556.4156851768494
324	1233.408133983612
325	900.1938683986664
326	2047.2335913181305
327	730.5458078384399
328	770.0297527313232
329	2741.6206488609314
330	2741.6206488609314
331	1255.445652961731
332	667.4024679660797
333	1243.5492134094238
334	711.4120597839355
335	1228.674153327942
336	1009.0047039985657
337	279.9536736011505
338	868.5139758586884
339	1324.4335210323334
340	2713.6482951641083
341	506.7013626098633
342	9375.837907075882
343	620.3508908748627
344	598.4275579452515
345	543.8095560073853
346	726.8743605613708
347	881.4409694671631
348	1042.3028819561005
349	603.5835773944855
350	298.97985219955444
351	931.1845042705536
352	905.6088438034058
353	1446.6568768024445
354	523.8446152210236
355	646.7753436565399
356	1001.1807267665863
357	659.4848368167877
358	462.99236607551575
359	517.1590738296509
360	2603.818773984909
361	919.7757775783539
362	481.61393332481384
363	559.5612671375275
364	829.9627902507782
365	765.2157471179962
366	267.647926568985
367	878.3678834438324
368	500.73492097854614
369	988.0357329845428
370	1336.987191915512
371	849.6421318054199
372	652.1068680286407
373	580.3403635025024
374	748.342859506607
375	822.6552324295044
376	683.9074449539185
377	296.30232095718384
378	381.9687178134918
379	1322.9975032806396
380	907.1182014942169
381	972.4846503734589
382	675.5512540340424
383	675.5512540340424
384	2742.797623157501
385	855.5874018669128
386	651.449289560318
387	569.6006524562836
388	575.7874655723572
389	537.1493847370148
390	453.17247700691223
391	1133.7302622795105
392	670.978565454483
393	1156.7610177993774
394	797.3538899421692
395	689.9052493572235
396	1125.7532131671906
397	1173.5052826404572
398	1226.8830878734589
399	1922.3603127002716
400	1917.8209235668182
401	1917.8209235668182
402	5383.309303760529
403	496.06704115867615
404	955.5990326404572
405	2531.1129353046417
406	1344.3258724212646
407	2116.519846200943
408	1027.699827671051
409	658.349990606308
410	1648.9768781661987
411	1648.9768781661987
412	1648.9768781661987
413	1960.0611197948456
414	1138.3479688167572
415	1138.3479688167572
416	1138.3479688167572
417	1138.3479688167572
418	1553.2577602863312
419	1553.2577602863312
420	1553.2577602863312
421	1553.2577602863312
422	2739.2882149219513
423	1634.6739914417267
424	549.3665051460266
425	846.8213360309601
426	1899.6421766281128
427	2262.7594141960144
428	741.2414469718933
429	1115.879938840866
430	1921.6450986862183
431	2659.855733156204
432	2659.855733156204
433	553.8938343524933
434	553.8938343524933
435	2014.3153784275055
436	2014.3153784275055
437	1086.2622032165527
438	645.3984704017639
439	1900.9333209991455
440	2068.15483379364
441	2173.6663765907288
442	4777.186936616898
443	2935.017872571945
444	2935.017872571945
445	718.6981065273285
446	956.7348523139954
447	6519.007220983505
448	1975.3712944984436
449	575.6472907066345
450	117.21557331085205
451	1712.1941199302673
452	1712.1941199302673
453	428.4193046092987
454	1222.5878248214722
455	237.40737795829773
456	1264.0975754261017
457	1857.729325056076
458	2687.4697337150574
459	2687.4697337150574
460	2218.037467479706
461	2004.4070494174957
462	1417.6119298934937
463	832.527426481247
464	365.47067523002625
465	1416.0252254009247
466	6297.572788715363
467	2612.047915697098
468	1998.0359542369843
469	1972.089921951294
470	1329.0702362060547
471	801.1942501068115
472	10492.765862703323
473	3103.075395822525
474	3103.075395822525
475	734.8783411979675
476	868.1491248607635
477	979.6602692604065
478	2557.5839519500732
479	904.3714146614075
480	1005.6133260726929
481	613.5248219966888
482	2117.172467947006
483	2637.3082418441772
484	2126.6360228061676
485	1937.1757853031158
486	1937.1757853031158
487	1937.1757853031158
488	2947.669421672821
489	1347.1886310577393
490	2772.3911883831024
491	1148.3662116527557
492	571.6796243190765
493	2235.7525930404663
494	2235.7525930404663
495	6751.477504491806
496	6751.477504491806
497	6664.066628932953
498	1918.808450460434
499	1017.6202490329742
500	1861.6249606609344
501	1883.0845866203308
502	5469.435748338699
503	5469.435748338699
504	1544.4577724933624
505	3175.447813510895
506	2062.515787124634
507	2101.8871421813965
508	970.2131679058075
509	3350.586790561676
510	2114.8260822296143
511	1225.999717950821
512	2214.274281024933
513	6196.349084854126
514	6196.349084854126
515	1186.4351027011871
516	2668.855970621109
517	4297.76637005806
518	2692.0826749801636
519	2117.5485961437225
520	1882.9442915916443
521	2594.1301262378693
522	2158.699470281601
523	2158.699470281601
524	1834.819216966629
525	785.6677293777466
526	785.6677293777466
527	11051.04264831543
528	11051.04264831543
529	2316.251163959503
530	1812.5734105110168
531	2545.4673380851746
532	1796.9353475570679
533	1796.9353475570679
534	1195.8412821292877
535	2717.899792909622
536	899.8428630828857
537	787.5129923820496
538	2170.221844434738
539	882.309228181839
540	882.309228181839
541	2220.4627554416656
542	2220.4627554416656
543	2220.4627554416656
544	2220.4627554416656
545	4910.3196041584015
546	1441.6948125362396
547	1467.7269587516785
548	1467.7269587516785
549	3325.6788301467896
550	7417.773073196411
551	3013.9133954048157
552	2761.345116853714
553	971.6779556274414
554	3207.80167555809
555	2587.218729734421
556	1568.6171925067902
557	1568.6171925067902
558	2338.7048869132996
559	10163.368734359741
560	10163.368734359741
561	1640.9183282852173
562	1640.9183282852173
563	5311.988680124283
564	2491.6194524765015
565	19502.733963251114
566	2150.151974439621
567	1144.9358878135681
568	1197.0595474243164
569	2472.3268694877625
570	1099.7829823493958
571	2132.6055545806885
572	632.7363653182983
573	1098.706852197647
574	443.9356586933136
575	443.9356586933136
576	2248.6230635643005
577	1512.7937273979187
578	783.9703588485718
579	875.006950378418
580	729.5411095619202
581	729.5411095619202
582	1400.4443836212158
583	1596.9865906238556
584	516.2725701332092
585	3136.8590779304504
586	682.0866420269012
587	961.0737371444702
588	1860.6667449474335
589	1860.6667449474335
590	5111.541913509369
591	2520.403843641281
592	1808.6468892097473
593	1808.6468892097473
594	1808.6468892097473
595	1022.2512669563293
596	1022.2512669563293
597	591.112578868866
598	591.112578868866
599	1050.9226524829865
600	3070.3901793956757
601	3070.3901793956757
602	3070.3901793956757
603	743.6548941135406
604	1084.5054502487183
605	1084.5054502487183
606	1285.2865657806396
607	2408.069108724594
608	2408.069108724594
609	3213.4392364025116
610	2721.2736842632294
611	2227.4475650787354
612	1597.3808674812317
613	1597.3808674812317
614	1446.071664571762
615	1597.4552512168884
616	1597.4552512168884
617	885.9241743087769
618	3120.582414865494
619	1943.514856338501
620	1082.8387100696564
621	1082.8387100696564
622	1082.8387100696564
623	3349.4506685733795
624	3349.4506685733795
625	2272.25425696373
626	887.4464902877808
627	887.4464902877808
628	857.3479552268982
629	857.3479552268982
630	4094.6144235134125
631	494.1266231536865
632	494.1266231536865
633	494.1266231536865
634	3205.8504354953766
635	2132.632675409317
636	2726.3136467933655
637	1560.1845481395721
638	873.5859141349792
639	1870.2956080436707
640	3533.4107422828674
641	525.9460434913635
642	525.9460434913635
643	525.9460434913635
644	4133.520371675491
645	4133.520371675491
646	8642.183126211166
647	2820.2714455127716
648	2959.949156522751
649	2959.949156522751
650	2959.949156522751
651	2959.949156522751
652	2959.949156522751
653	10496.031910419464
654	10496.031910419464
655	10496.031910419464
656	12173.81300163269
657	1295.6960668563843
658	2275.8099253177643
659	2275.8099253177643
660	2816.505429983139
661	5443.260953426361
662	5876.683622121811
663	17090.381677865982
664	5035.344522714615
665	2524.9369699954987
666	2524.9369699954987
667	0.0
668	2026.55815243721
669	2026.55815243721
670	4030.7974650859833
671	4030.7974650859833
672	4030.7974650859833
673	4537.992437124252
674	4537.992437124252
675	6067.652209043503
676	2971.4874086380005
677	2971.4874086380005
678	2971.4874086380005
679	4278.211721897125
680	3911.4013373851776
681	3918.1656663417816
682	1590.5289113521576
683	2341.7106096744537
684	4661.601422786713
685	4661.601422786713
686	7160.41233086586
687	3270.8984797000885
688	4031.341160058975
689	4461.217059612274
690	2895.92005443573
691	2895.92005443573
692	2730.6580893993378
693	6510.062698841095
694	7398.2266001701355
695	7398.2266001701355
696	7398.2266001701355
697	4452.823397636414
698	4452.823397636414
699	2441.770148038864
700	3701.409734725952
701	2258.84050822258
702	2652.270887851715
703	2652.270887851715
704	2652.270887851715
705	2652.270887851715
706	2652.270887851715
707	2652.270887851715
708	5056.320659399033
709	5056.320659399033
710	5056.320659399033
711	5056.320659399033
712	5354.937271356583
713	5354.937271356583
714	5354.937271356583
715	5354.937271356583
716	5354.937271356583
717	22071.839656591415
718	22071.839656591415
719	8440.796678304672
720	2944.2569789886475
721	4673.874539613724
722	4591.850501537323
723	2886.452170610428
724	3582.9807035923004
725	2525.422137260437
726	2525.422137260437
727	1829.9940083026886
728	3446.6425399780273
729	3446.6425399780273
730	3446.6425399780273
731	3446.6425399780273
732	3446.6425399780273
733	3446.6425399780273
734	3101.644740343094
735	3101.644740343094
736	3101.644740343094
737	2194.4766042232513
738	2194.4766042232513
739	2194.4766042232513
740	4160.612790822983
741	4160.612790822983
742	4160.612790822983
743	4160.612790822983
744	4160.612790822983
745	2131.66161608696
746	2131.66161608696
747	2131.66161608696
748	2131.66161608696
749	2131.66161608696
750	7563.517883777618
751	7563.517883777618
752	6833.898850917816
753	6833.898850917816
754	2580.7924354076385
755	5196.8371341228485
756	3078.567087173462
757	3078.567087173462
758	3078.567087173462
759	3312.996636390686
760	2907.9926433563232
761	2907.9926433563232
762	9567.306485414505
763	3464.247458219528
764	4774.650209188461
765	3169.5730109214783
766	3169.5730109214783
767	3329.150088787079
768	3329.150088787079
769	8912.850414276123
770	6083.902630805969
771	3412.0253443717957
772	2943.9658675193787
773	2943.9658675193787
774	9604.803403139114
775	12470.025050163269
776	12023.990001916885
777	4734.365680932999
778	3017.4886345863342
779	3017.4886345863342
780	4536.788387537003
781	5115.842710733414
782	5115.842710733414
783	1372.001044511795
784	4298.852979183197
785	1027.360806465149
786	1027.360806465149
787	1027.360806465149
788	3910.6968533992767
789	4047.361328125
790	2711.1053383350372
791	2549.0911695957184
792	2549.0911695957184
793	3872.0080213546753
794	2239.29740858078
795	2239.29740858078
796	4319.337381362915
797	4319.337381362915
798	5571.711759328842
799	3441.636915922165
800	5416.78481388092
801	5416.78481388092
802	2278.0560677051544
803	5251.667121887207
804	5251.667121887207
805	2558.5964710712433
806	2781.8801939487457
807	2867.8650472164154
808	2867.8650472164154
809	2867.8650472164154
810	2541.022610425949
811	5801.270272016525
812	4415.4603452682495
813	2992.181710958481
814	2296.2245218753815
815	2296.2245218753815
816	8034.069863557816
817	9344.802887678146
818	9344.802887678146
819	1320.783076763153
820	17154.471168994904
821	2248.2019996643066
822	2248.2019996643066
823	2541.6011674404144
824	4911.194631576538
825	1445.757819890976
826	3844.294665813446
827	11304.82362151146
828	5283.95060634613
829	5283.95060634613
830	2922.9978547096252
831	2922.9978547096252
832	4088.617574453354
833	4088.617574453354
834	4088.617574453354
835	2824.875813484192
836	2800.074068069458
837	2800.074068069458
838	3054.2118611335754
839	7212.942491054535
840	7212.942491054535
841	7212.942491054535
842	11040.652293920517
843	2617.680077314377
844	3491.249590396881
845	3491.249590396881
846	3491.249590396881
847	2678.474541425705
848	5336.04109621048
849	5336.04109621048
850	5336.04109621048
851	3133.052734851837
852	3133.052734851837
853	1823.0628426074982
854	3838.1279666423798
855	3838.1279666423798
856	3838.1279666423798
857	2307.4206850528717
858	2307.4206850528717
859	5834.139125347137
860	7329.887597799301
861	7329.887597799301
862	7329.887597799301
863	7184.848365545273
864	7184.848365545273
865	3055.6829698085785
866	3055.6829698085785
867	3496.4850890636444
868	4797.24064040184
869	4797.24064040184
870	4797.24064040184
871	4797.24064040184
872	7853.192978382111
873	7853.192978382111
874	7853.192978382111
875	9004.053214073181
876	9004.053214073181
877	1748.5719423294067
878	2875.366718530655
879	2875.366718530655
880	3624.0456099510193
881	3560.5791239738464
882	3560.5791239738464
883	3560.5791239738464
884	3560.5791239738464
885	2683.974713563919
886	13014.108374118805
887	13014.108374118805
888	13014.108374118805
889	5648.2479593753815
890	5648.2479593753815
891	5648.2479593753815
892	5585.943242549896
893	7044.543153762817
894	7044.543153762817
895	3166.7281506061554
896	2777.4459371566772
897	2777.4459371566772
898	4851.846568822861
899	4851.846568822861
900	5047.934966802597
901	5047.934966802597
902	5047.934966802597
903	3577.324771642685
904	4326.331362962723
905	4326.331362962723
906	3644.936080932617
907	4004.1941390037537
908	4004.1941390037537
909	9690.407326221466
910	3558.9402265548706
911	4539.358340263367
912	1930.7119126319885
913	1930.7119126319885
914	1944.1923213005066
915	4116.502122879028
916	3683.0247082710266
917	3683.0247082710266
918	3683.0247082710266
919	3683.0247082710266
920	8018.749142408371
921	8018.749142408371
922	7028.7802855968475
923	3261.0933978557587
924	5563.236286878586
925	2775.38130235672
926	3848.706512451172
927	3848.706512451172
928	6187.182423114777
929	4776.712137460709
930	3313.4643478393555
931	3313.4643478393555
932	3313.4643478393555
933	3313.4643478393555
934	7058.94230723381
935	7058.94230723381
936	3755.494316339493
937	4759.886249065399
938	4759.886249065399
939	4183.323648452759
940	4183.323648452759
941	6505.981823921204
942	3459.6531488895416
943	3459.6531488895416
944	2778.1106073856354
945	3347.4187257289886
946	3153.955793619156
947	3153.955793619156
948	3153.955793619156
949	3153.955793619156
950	3153.955793619156
951	3153.955793619156
952	3799.598095178604
953	7587.699493408203
954	3598.352854013443
955	19154.189039468765
956	3027.5128655433655
957	2074.732023000717
958	2074.732023000717
959	2074.732023000717
960	2765.5889179706573
961	2765.5889179706573
962	5721.753946065903
963	5721.753946065903
964	3086.6668570041656
965	2655.0286362171173
966	2211.571422100067
967	4530.899272680283
968	4530.899272680283
969	4530.899272680283
970	53883.031192064285
971	7068.678950071335
972	9480.616336345673
973	5901.859352111816
974	5901.859352111816
975	5901.859352111816
976	4524.813785791397
977	4524.813785791397
978	4524.813785791397
979	4524.813785791397
980	3162.7931501865387
981	3162.7931501865387
982	4662.88926243782
983	4662.88926243782
984	4662.88926243782
985	7035.1032807827
986	3992.7222242355347
987	2802.1013407707214
988	3453.8665413856506
989	3437.8123145103455
990	10278.256011247635
991	10278.256011247635
992	8656.208560466766
993	3447.5900399684906
994	0.4819040298461914
995	0.2365741729736328
996	2775.310245513916
997	3740.998204469681
998	3740.998204469681
999	10591.20843577385
1000	5928.309505939484
1001	5928.309505939484
1002	5928.309505939484
1003	11167.037095308304
1004	4063.88956618309
1005	4063.88956618309
1006	4063.88956618309
1007	0.23169851303100586
1008	0.23125147819519043
1009	0.23125147819519043
1010	2895.253650665283
1011	2895.253650665283
1012	2507.767090320587
1013	2507.767090320587
1014	2507.767090320587
1015	2507.767090320587
1016	2507.767090320587
1017	2507.767090320587
1018	3294.152899980545
1019	0.23131680488586426
1020	0.23131680488586426
1021	0.24085736274719238
1022	0.23164844512939453
1023	0.23085498809814453
1024	4696.097841262817
1025	4696.097841262817
1026	4696.097841262817
1027	4859.972048044205
1028	3753.294971227646
1029	3499.4033422470093
1030	3499.4033422470093
1031	3499.4033422470093
1032	6740.513515710831
1033	6740.513515710831
1034	6740.513515710831
1035	2839.674442768097
1036	1257.122343301773
1037	0.23191046714782715
1038	0.2319023609161377
1039	4379.424599409103
1040	4379.424599409103
1041	4379.424599409103
1042	4379.424599409103
1043	0.24214506149291992
1044	1561.24493765831
1045	1561.24493765831
1046	0.23494195938110352
1047	0.2347111701965332
1048	0.23156476020812988
1049	0.23251891136169434
1050	1135.2496647834778
1051	2237.0034098625183
1052	2237.0034098625183
1053	3186.7104921340942
1054	2041.724865436554
1055	1326.190215587616
1056	0.2322235107421875
1057	0.2322235107421875
1058	0.2322235107421875
1059	1066.7603764533997
1060	843.9624214172363
1061	843.9624214172363
1062	3293.1712708473206
1063	3293.1712708473206
1064	4311.800646066666
1065	4311.800646066666
1066	2099.302010536194
1067	1546.7497668266296
1068	1513.4295949935913
1069	1748.9297165870667
1070	1748.9297165870667
1071	1748.9297165870667
1072	4021.907594203949
1073	4021.907594203949
1074	5799.875991344452
1075	2259.7882211208344
1076	0.23275327682495117
1077	0.2329726219177246
1078	0.23277711868286133
1079	2475.4896581172943
1080	3996.277434825897
1081	0.23209357261657715
1082	2518.4910349845886
1083	2518.4910349845886
1084	4059.3037350177765
1085	2105.471735715866
1086	23694.127096891403
1087	0.2330484390258789
1088	0.2330484390258789
1089	0.24062705039978027
1090	3907.152456998825
1091	2553.976953983307
1092	2870.7116193771362
1093	2266.584035873413
1094	1613.3674144744873
1095	5971.834933280945
1096	5971.834933280945
1097	0.25618743896484375
1098	1663.4606478214264
1099	1663.4606478214264
1100	1663.4606478214264
1101	6001.849684476852
1102	6001.849684476852
1103	6001.849684476852
1104	6001.849684476852
1105	2775.4489617347717
1106	4142.73167681694
1107	4142.73167681694
1108	5522.1269381046295
1109	2406.7277975082397
1110	2406.7277975082397
1111	0.24364686012268066
1112	0.24364686012268066
1113	2982.468618631363
1114	3256.5625841617584
1115	3256.5625841617584
1116	5610.38330411911
1117	6529.025548458099
1118	1478.5555987358093
1119	0.0
1120	3258.3280913829803
1121	2742.1456623077393
1122	1832.4345157146454
1123	4458.381847858429
1124	4458.381847858429
1125	3805.8603451251984
1126	3805.8603451251984
1127	2493.8827781677246
1128	5569.077769994736
1129	9230.425199270248
1130	9230.425199270248
1131	1427.5127294063568
1132	0.23363661766052246
1133	0.23363661766052246
1134	0.23547911643981934
1135	1906.065220117569
1136	2848.0846090316772
1137	3690.0639202594757
1138	2992.419960975647
1139	2992.419960975647
1140	3725.8135113716125
1141	3725.8135113716125
1142	1879.090490102768
1143	4521.028931617737
1144	1203.4792108535767
1145	0.2333207130432129
1146	2643.797746181488
1147	2643.797746181488
1148	0.23531246185302734
1149	2468.565640926361
1150	3429.22456908226
1151	3429.22456908226
1152	3429.22456908226
1153	3429.22456908226
1154	9348.154141426086
1155	9348.154141426086
1156	0.23641085624694824
1157	0.23641085624694824
1158	0.23168087005615234
1159	0.23168087005615234
1160	0.23358821868896484
1161	3218.653330564499
1162	2589.7641870975494
1163	1034.9953632354736
1164	4739.169600486755
1165	2692.579388856888
1166	0.23479485511779785
1167	4105.203568458557
1168	4105.203568458557
1169	4767.169842720032
1170	4767.169842720032
1171	4767.169842720032
1172	0.2372443675994873
1173	0.2372443675994873
1174	0.23931407928466797
1175	0.23931407928466797
1176	0.23931407928466797
1177	23341.281950712204
1178	3204.6052474975586
1179	3092.2797799110413
1180	0.23606491088867188
1181	3348.2419497966766
1182	0.23646926879882812
1183	11122.634067773819
1184	1543.7786633968353
1185	3811.965338230133
1186	3011.685625076294
1187	3011.685625076294
1188	1985.8403973579407
1189	3287.116676568985
1190	3192.9521663188934
1191	4131.7090716362
1192	4131.7090716362
1193	1939.7498934268951
1194	9314.274923324585
1195	0.2371525764465332
1196	4631.765766143799
1197	3920.715588092804
1198	0.23640894889831543
1199	2284.6618752479553
1200	2284.6618752479553
1201	0.2368299961090088
1202	5203.289665222168
1203	5203.289665222168
1204	5203.289665222168
1205	3139.933210134506
1206	2420.8367762565613
1207	1105.542896747589
1208	0.23578143119812012
1209	2719.8328897953033
1210	2719.8328897953033
1211	2695.351527452469
1212	1362.8964660167694
1213	0.23359990119934082
1214	0.23312759399414062
1215	0.23312759399414062
1216	3390.036954164505
1217	1681.1680846214294
1218	0.2355201244354248
1219	0.236403226852417
1220	0.236403226852417
1221	2415.4957876205444
1222	2106.7841222286224
1223	2106.7841222286224
1224	1502.4833765029907
1225	0.23657679557800293
1226	0.2336263656616211
1227	0.23537158966064453
1228	3800.46342086792
1229	3800.46342086792
1230	0.24071455001831055
1231	2693.2803807258606
1232	0.23479938507080078
1233	3051.515857934952
1234	0.2375938892364502
1235	2070.9019598960876
1236	1515.6873195171356
1237	1515.6873195171356
1238	1515.6873195171356
1239	3351.8779442310333
1240	3466.747275352478
1241	0.23596453666687012
1242	1510.274723291397
1243	5568.897084951401
1244	5568.897084951401
1245	0.23621559143066406
1246	749.3274064064026
1247	4435.0748035907745
1248	0.23662829399108887
1249	4241.503975391388
1250	0.24082040786743164
1251	4007.6433362960815
1252	2889.825493335724
1253	1634.7839646339417
1254	0.24061131477355957
1255	0.24061131477355957
1256	0.24318146705627441
1257	2345.9199385643005
1258	2345.9199385643005
1259	2345.9199385643005
1260	3836.3313710689545
1261	3836.3313710689545
1262	1648.1909692287445
1263	2228.186219930649
1264	2409.440387248993
1265	0.2384355068206787
1266	0.23949241638183594
1267	2549.6783554553986
1268	1225.6030585765839
1269	0.2640879154205322
1270	0.25933003425598145
1271	0.2559061050415039
1272	1798.7358815670013
1273	0.2377467155456543
1274	0.2373640537261963
1275	1911.1247673034668
1276	0.23758792877197266
1277	0.23758792877197266
1278	3362.563762664795
1279	0.24068045616149902
1280	1728.4304778575897
1281	0.2407398223876953
1282	0.24090123176574707
1283	2255.0858047008514
1284	1332.467465877533
1285	0.23843669891357422
1286	0.23894762992858887
1287	0.23900675773620605
1288	0.23914289474487305
1289	0.23914289474487305
1290	0.23914289474487305
1291	0.24049139022827148
1292	0.23973512649536133
1293	3198.627608060837
1294	2573.635504961014
1295	0.2377769947052002
1296	0.23802518844604492
1297	0.2383439540863037
1298	0.23885560035705566
1299	2540.2553412914276
1300	2540.2553412914276
1301	2540.2553412914276
1302	2666.5260677337646
1303	0.23864197731018066
1304	3272.402812242508
1305	3272.402812242508
1306	1195.7308564186096
1307	0.2374413013458252
1308	0.2374413013458252
1309	0.23921680450439453
1310	8058.54510641098
1311	0.2378683090209961
1312	0.2392268180847168
1313	0.23798727989196777
1314	2883.8914568424225
1315	0.23842406272888184
1316	0.23842406272888184
1317	0.23892712593078613
1318	0.23892712593078613
1319	1393.1790556907654
1320	0.2390286922454834
1321	2192.929174423218
1322	1215.4893028736115
1323	0.23890948295593262
1324	0.23781275749206543
1325	0.23781275749206543
1326	1944.0789051055908
1327	879.7533302307129
1328	2107.9095351696014
1329	0.23861217498779297
1330	0.2380084991455078
1331	0.2377474308013916
1332	0.23836565017700195
1333	0.2374565601348877
1334	0.24321603775024414
1335	0.24321603775024414
1336	0.24321603775024414
1337	2529.8463208675385
1338	0.23654460906982422
1339	2183.085751056671
1340	2680.613967180252
1341	2680.613967180252
1342	1691.68092918396
1343	0.2391834259033203
1344	1245.7492575645447
1345	1245.7492575645447
1346	0.23902559280395508
1347	1305.0985453128815
1348	0.23771429061889648
1349	0.23771429061889648
1350	1504.7979300022125
1351	4494.996835947037
1352	4494.996835947037
1353	0.23940610885620117
1354	0.2364799976348877
1355	0.23630261421203613
1356	0.24119997024536133
1357	0.23590826988220215
1358	0.23590826988220215
1359	2199.7226707935333
1360	2199.7226707935333
1361	0.2402503490447998
1362	0.23561668395996094
1363	0.2362678050994873
1364	2863.6778995990753
1365	1045.9835708141327
1366	2558.089902162552
1367	4753.1052169799805
1368	1819.0899484157562
1369	1819.0899484157562
1370	1819.0899484157562
1371	0.24602127075195312
1372	0.24881672859191895
1373	0.24881672859191895
1374	1618.2571494579315
1375	0.24028897285461426
1376	2772.7779319286346
1377	1098.2014119625092
1378	1907.6502096652985
1379	1487.986769914627
1380	0.23902440071105957
1381	0.23868203163146973
1382	4256.11087679863
1383	0.2397477626800537
1384	0.2394886016845703
1385	0.2394886016845703
1386	0.24882912635803223
1387	0.24076294898986816
1388	1252.2519052028656
1389	1252.2519052028656
1390	2073.3134427070618
1391	0.23821330070495605
1392	1050.5913693904877
1393	2988.154704809189
1394	1819.7331535816193
1395	0.23822426795959473
1396	0.23850321769714355
1397	0.23850321769714355
1398	0.24743080139160156
1399	0.2384188175201416
1400	0.2384188175201416
1401	0.2507631778717041
1402	0.2398204803466797
1403	0.24099516868591309
1404	3633.4070274829865
1405	15240.639270544052
1406	2293.370947599411
1407	0.24126291275024414
1408	0.24073052406311035
1409	2106.097334623337
1410	0.2426295280456543
1411	847.1851072311401
1412	0.2395458221435547
1413	0.2401599884033203
1414	1883.7317025661469
1415	0.2399303913116455
1416	0.2399303913116455
1417	0.2399303913116455
1418	1237.5230996608734
1419	0.2405073642730713
1420	0.2405073642730713
1421	5002.038534641266
1422	1780.1422369480133
1423	5029.548232555389
1424	0.23823118209838867
1425	713.5179407596588
1426	2168.671286344528
1427	2429.367668867111
1428	2122.0245323181152
1429	2122.0245323181152
1430	3302.352369070053
1431	2079.1708312034607
1432	2079.1708312034607
1433	2366.829892873764
1434	0.24099946022033691
1435	0.24099946022033691
1436	0.24099946022033691
1437	0.24099946022033691
1438	3499.6069843769073
1439	1690.9737300872803
1440	1652.6980426311493
1441	6215.801440000534
1442	1904.1486456394196
1443	1904.1486456394196
1444	1399.9934878349304
1445	2257.9428861141205
1446	1467.0567691326141
1447	3425.329719543457
1448	6359.152778863907
1449	1860.5092220306396
1450	1964.0334463119507
1451	0.23940300941467285
1452	0.24100589752197266
1453	1726.2656943798065
1454	0.24071240425109863
1455	0.24071240425109863
1456	2690.862842321396
1457	2968.1697084903717
1458	2968.1697084903717
1459	1596.394305229187
1460	1447.557233095169
1461	2529.474018096924
1462	2529.474018096924
1463	2529.474018096924
1464	2061.3831527233124
1465	0.23827552795410156
1466	0.29840660095214844
1467	0.29840660095214844
1468	0.29840660095214844
1469	0.29840660095214844
1470	544.7802965641022
1471	6142.920561075211
1472	0.32205653190612793
1473	0.24297809600830078
1474	830.0662603378296
1475	1042.9293484687805
1476	1854.0984227657318
1477	1421.1287245750427
1478	1421.1287245750427
1479	0.2381892204284668
1480	3028.2287452220917
1481	3302.5182523727417
1482	1642.3419156074524
1483	2614.2556643486023
1484	3126.196229457855
1485	3126.196229457855
1486	1726.3312854766846
1487	1726.3312854766846
1488	727.7961654663086
1489	0.27591562271118164
1490	6163.788505315781
1491	6163.788505315781
1492	1867.3800823688507
1493	2564.8008337020874
1494	2564.8008337020874
1495	2659.210287332535
1496	2659.210287332535
1497	1116.8258669376373
1498	768.5480713844299
1499	768.5480713844299
1500	2730.2695219516754
1501	2730.2695219516754
1502	3744.551701784134
1503	1605.788221359253
1504	0.2459712028503418
1505	1070.1907215118408
1506	1574.2075288295746
1507	2818.959834098816
1508	1463.6745493412018
1509	1532.8422830104828
1510	1696.8732726573944
1511	1604.220073223114
1512	1604.220073223114
1513	1604.220073223114
1514	0.2389545440673828
1515	0.23739123344421387
1516	0.23739123344421387
1517	1645.1110208034515
1518	1645.1110208034515
1519	4264.046382665634
1520	1822.2183315753937
1521	1822.2183315753937
1522	1846.3119885921478
1523	0.24291682243347168
1524	4929.712777853012
1525	2262.493128299713
1526	1505.9782693386078
1527	0.23821306228637695
1528	0.23821306228637695
1529	0.2501845359802246
1530	0.2501845359802246
1531	0.2501845359802246
1532	55638.13432955742
1533	0.2458336353302002
1534	0.2458336353302002
1535	2082.174262046814
1536	2375.7516486644745
1537	2704.952412843704
1538	1072.9864463806152
1539	1689.542678117752
1540	0.2371535301208496
1541	0.2371535301208496
1542	819.3680212497711
1543	871.1142191886902
1544	871.1142191886902
1545	871.1142191886902
1546	2631.209677219391
1547	1746.992210149765
1548	1746.992210149765
1549	1903.8606400489807
1550	1192.1027662754059
1551	1023.9996182918549
1552	872.0814702510834
1553	872.0814702510834
1554	872.0814702510834
1555	2252.176116466522
1556	1522.873865365982
1557	1522.873865365982
1558	1108.9569051265717
1559	1776.848471879959
1560	1776.848471879959
1561	1134.5460450649261
1562	825.7576017379761
1563	0.23840951919555664
1564	2290.6711933612823
1565	1082.4316720962524
1566	0.291149377822876
1567	3712.8430807590485
1568	3712.8430807590485
1569	9670.953973054886
1570	1961.1739184856415
1571	1723.8855020999908
1572	2010.8622453212738
1573	2010.8622453212738
1574	1747.0081734657288
1575	4977.0043795108795
1576	11039.857118368149
1577	4098.79829621315
1578	0.23395752906799316
1579	0.23395752906799316
1580	0.23299670219421387
1581	0.23299670219421387
1582	0.23407578468322754
1583	2166.7551329135895
1584	2166.7551329135895
1585	1685.662479877472
1586	1464.6606676578522
1587	1323.1895489692688
1588	4244.375014066696
1589	1635.5954585075378
1590	4080.2464141845703
1591	2751.6577706336975
1592	1687.6483647823334
1593	1687.6483647823334
1594	2582.929386138916
1595	1829.717934846878
1596	2045.7912151813507
1597	2860.674184322357
1598	1716.9212186336517
1599	1766.9118900299072
1600	1485.0606052875519
1601	4048.971934556961
1602	1035.7980811595917
1603	915.9863812923431
1604	3472.3439557552338
1605	0.2329397201538086
1606	2328.872596025467
1607	1544.5012741088867
1608	0.23395133018493652
1609	1738.2069325447083
1610	877.9906783103943
1611	877.9906783103943
1612	877.9906783103943
1613	1507.5354044437408
1614	1947.3798792362213
1615	0.23444819450378418
1616	5719.649069547653
1617	0.23239588737487793
1618	0.2323441505432129
1619	0.0
1620	1536.2802369594574
1621	0.2449662685394287
1622	0.2449662685394287
1623	11280.176905155182
1624	0.24443316459655762
1625	1887.6503429412842
1626	0.24374055862426758
1627	0.2439565658569336
1628	0.24254369735717773
1629	0.24373602867126465
1630	0.24283313751220703
1631	0.24286460876464844
1632	1232.901305437088
1633	4630.440362691879
1634	4630.440362691879
1635	1675.6569566726685
1636	0.24450421333312988
1637	0.24450421333312988
1638	1540.0111520290375
1639	1540.0111520290375
1640	1573.6121709346771
1641	0.24209904670715332
1642	4279.458269119263
1643	0.2448267936706543
1644	0.2440173625946045
1645	0.24295973777770996
1646	1660.5166010856628
1647	1660.5166010856628
1648	1660.5166010856628
1649	0.24725341796875
1650	1350.0942029953003
1651	1350.0942029953003
1652	3197.4061517715454
1653	3197.4061517715454
1654	0.24428725242614746
1655	0.2440345287322998
1656	0.2440345287322998
1657	1984.8307104110718
1658	0.24260425567626953
1659	4035.940681219101
1660	0.24544119834899902
1661	0.24472713470458984
1662	0.24367928504943848
1663	0.24367928504943848
1664	0.24603676795959473
1665	0.242628812789917
1666	0.242628812789917
1667	5318.455240249634
1668	3625.972424030304
1669	660.9237358570099
1670	0.2440049648284912
1671	0.24445319175720215
1672	0.24445319175720215
1673	0.24654293060302734
1674	0.24654293060302734
1675	0.24654293060302734
1676	0.24571871757507324
1677	0.24571871757507324
1678	0.24725127220153809
1679	0.24725127220153809
1680	0.24725127220153809
1681	0.2548713684082031
1682	4822.389765262604
1683	4822.389765262604
1684	1481.882410287857
1685	1481.882410287857
1686	7823.923483848572
1687	3220.4011569023132
1688	3220.4011569023132
1689	798.111293554306
1690	798.111293554306
1691	1524.788495540619
1692	0.2413804531097412
1693	0.2413804531097412
1694	1758.5384619235992
1695	2505.4750084877014
1696	0.2421715259552002
1697	0.24226093292236328
1698	7097.585923910141
1699	1700.3702054023743
1700	0.24454307556152344
1701	0.24454307556152344
1702	2696.159210205078
1703	0.24254369735717773
1704	4634.514578819275
1705	2758.720994234085
1706	4848.578638076782
1707	0.24533414840698242
1708	0.24463391304016113
1709	0.24401473999023438
1710	748.2090132236481
1711	2324.0637300014496
1712	684.2462999820709
1713	684.2462999820709
1714	1301.3835458755493
1715	0.24582338333129883
1716	0.24582338333129883
1717	709.9719762802124
1718	0.24473905563354492
1719	0.24303150177001953
1720	0.24308419227600098
1721	2236.68382191658
1722	0.24492359161376953
1723	3306.65770983696
1724	0.24316072463989258
1725	3024.318021297455
1726	8875.113623857498
1727	5758.775166511536
1728	0.24440550804138184
1729	0.24356865882873535
1730	0.2440176010131836
1731	0.2440176010131836
1732	0.24673867225646973
1733	3582.0010180473328
1734	0.24570918083190918
1735	0.24577856063842773
1736	0.2445542812347412
1737	1514.383290529251
1738	0.2433147430419922
1739	0.24135518074035645
1740	1225.595824956894
1741	1225.595824956894
1742	0.24857234954833984
1743	1245.3368349075317
1744	850.4167177677155
1745	850.4167177677155
1746	0.2533285617828369
1747	0.2533285617828369
1748	0.2533285617828369
1749	0.2533285617828369
1750	0.245527982711792
1751	0.245527982711792
1752	0.245527982711792
1753	0.2496166229248047
1754	0.245408296585083
1755	0.24337434768676758
1756	922.8322808742523
1757	0.2459883689880371
1758	0.24419116973876953
1759	0.24445366859436035
1760	0.24445366859436035
1761	0.25053954124450684
1762	0.25053954124450684
1763	0.24907970428466797
1764	0.2447195053100586
1765	0.2416222095489502
1766	0.241987943649292
1767	0.24282407760620117
1768	2914.1600563526154
1769	0.2462317943572998
1770	1620.302922964096
1771	1620.302922964096
1772	0.24880456924438477
1773	1003.1727511882782
1774	4112.490353822708
1775	0.24527835845947266
1776	0.24567127227783203
1777	0.24567127227783203
1778	4086.840940475464
1779	4086.840940475464
1780	0.2514166831970215
1781	0.2451949119567871
1782	0.2451949119567871
1783	1456.794981956482
1784	1456.794981956482
1785	1654.2919561862946
1786	592.9353840351105
1787	2837.6382410526276
1788	413.36225152015686
1789	1002.7996535301208
1790	1002.7996535301208
1791	1174.6201436519623
1792	1174.6201436519623
1793	0.25047898292541504
1794	10886.61503648758
1795	1508.2128357887268
1796	0.0
1797	534.4846706390381
1798	0.23369598388671875
1799	0.23325228691101074
1800	6276.2137813568115
1801	0.23675894737243652
1802	0.23523950576782227
1803	1176.2859723567963
1804	2189.2569806575775
1805	0.23555898666381836
1806	1439.8181338310242
1807	932.7086753845215
1808	7670.683676958084
1809	1172.809104681015
1810	1827.1865379810333
1811	2752.603031396866
1812	0.23438477516174316
1813	0.23438477516174316
1814	0.23597311973571777
1815	1827.6528828144073
1816	0.2386491298675537
1817	0.23655962944030762
1818	2592.865654706955
1819	0.2368166446685791
1820	994.4687557220459
1821	1558.6544206142426
1822	9173.24485206604
1823	1570.5171151161194
1824	1570.5171151161194
1825	699.9639072418213
1826	1351.7131443023682
1827	1351.7131443023682
1828	3323.8622398376465
1829	3323.8622398376465
1830	1346.7942159175873
1831	1270.675056695938
1832	2216.281838417053
1833	2216.281838417053
1834	5015.389386892319
1835	0.23369812965393066
1836	0.23369812965393066
1837	0.23369812965393066
1838	1312.246917963028
1839	1312.246917963028
1840	447.1996052265167
1841	2218.026464700699
1842	0.23359155654907227
1843	0.23359155654907227
1844	0.23359155654907227
1845	1429.1684823036194
1846	1429.1684823036194
1847	2778.53742647171
1848	2778.53742647171
1849	477.1913990974426
1850	2455.352007627487
1851	2455.352007627487
1852	3087.251805305481
1853	1517.8579511642456
1854	1517.8579511642456
1855	1517.8579511642456
1856	6500.8788957595825
1857	886.8659198284149
1858	886.8659198284149
1859	886.8659198284149
1860	886.8659198284149
1861	886.8659198284149
1862	797.2187240123749
1863	1572.9259676933289
1864	1572.9259676933289
1865	1536.8262107372284
1866	826.5213243961334
1867	826.5213243961334
1868	3427.078258037567
1869	609.5254728794098
1870	878.0946202278137
1871	0.23595094680786133
1872	0.23595094680786133
1873	9254.005806922913
1874	9254.005806922913
1875	9254.005806922913
1876	1291.938616991043
1877	1406.8179671764374
1878	2366.1930108070374
1879	2366.1930108070374
1880	2744.1149876117706
1881	999.2317814826965
1882	3403.388315677643
1883	0.23609304428100586
1884	1319.0279376506805
1885	1356.2834939956665
1886	0.2373046875
1887	2118.613372564316
1888	790.7299172878265
1889	659.1329374313354
1890	1699.3378276824951
1891	1699.3378276824951
1892	1699.3378276824951
1893	0.2369539737701416
1894	0.23480892181396484
1895	1648.820039510727
1896	1648.820039510727
1897	856.1492576599121
1898	856.1492576599121
1899	856.1492576599121
1900	987.1084916591644
1901	2331.1891646385193
1902	558.9700229167938
1903	1681.1116607189178
1904	1681.1116607189178
1905	1354.4103133678436
1906	1000.0341124534607
1907	3645.7234835624695
1908	606.8019354343414
1909	854.1371340751648
1910	854.1371340751648
1911	854.1371340751648
1912	854.1371340751648
1913	2737.0401871204376
1914	4722.353500843048
1915	4722.353500843048
1916	4722.353500843048
1917	3499.2316920757294
1918	2084.475886106491
1919	3452.9701676368713
1920	3452.9701676368713
1921	3070.8702194690704
1922	1149.4234294891357
1923	2926.6054809093475
1924	1367.2700791358948
1925	2030.9844896793365
1926	11642.47160077095
1927	3406.702184200287
1928	0.23927760124206543
1929	1924.6721320152283
1930	0.23498964309692383
1931	0.2337939739227295
1932	1226.7482886314392
1933	2444.756420612335
1934	4236.533939599991
1935	1226.6433489322662
1936	1226.6433489322662
1937	2389.3682174682617
1938	2389.3682174682617
1939	2389.3682174682617
1940	2389.3682174682617
1941	3202.828047990799
1942	3202.828047990799
1943	2129.4532475471497
1944	5893.82893538475
1945	5893.82893538475
1946	2213.71040725708
1947	2256.0984523296356
1948	2341.6124379634857
1949	1755.4028022289276
1950	1755.4028022289276
1951	1435.5377254486084
1952	731.4262742996216
1953	731.4262742996216
1954	731.4262742996216
1955	1824.1533632278442
1956	1824.1533632278442
1957	1824.1533632278442
1958	2039.5989110469818
1959	2885.263511657715
1960	2885.263511657715
1961	3990.2961571216583
1962	3990.2961571216583
1963	4475.149399280548
1964	1846.1171386241913
1965	1846.1171386241913
1966	1265.768260717392
1967	3181.414388179779
1968	3181.414388179779
1969	3181.414388179779
1970	3181.414388179779
1971	3181.414388179779
1972	3949.989145755768
1973	1602.4801998138428
1974	3605.7854857444763
1975	6679.743501186371
1976	0.23789215087890625
1977	0.2379460334777832
1978	1122.672001838684
1979	2096.769096851349
1980	2096.769096851349
1981	2096.769096851349
1982	2096.769096851349
1983	2427.080291032791
1984	3671.532148838043
1985	3101.0342700481415
1986	3101.0342700481415
1987	2284.686527490616
1988	2284.686527490616
1989	1532.1158034801483
1990	2003.392216682434
1991	2417.5727355480194
1992	3135.918776512146
1993	3135.918776512146
1994	6738.182466745377
1995	6738.182466745377
1996	1778.325082540512
1997	1778.325082540512
1998	2736.7327272892
1999	2736.7327272892
2000	4539.979860544205
2001	4539.979860544205
2002	2095.9237067699432
2003	1070.2007081508636
2004	2317.5132281780243
2005	2317.5132281780243
2006	6175.826258659363
2007	1028.746131181717
2008	1028.746131181717
2009	2186.434141635895
2010	2186.434141635895
2011	3118.9274492263794
2012	1740.7207698822021
2013	1740.7207698822021
2014	1477.7911279201508
2015	2049.6348316669464
2016	2049.6348316669464
2017	2049.6348316669464
2018	2049.6348316669464
2019	2049.6348316669464
2020	5573.109214544296
2021	1816.2407031059265
2022	1844.1907839775085
2023	1989.342300415039
2024	2858.015727996826
2025	1118.2517075538635
2026	1118.2517075538635
2027	1118.2517075538635
2028	1118.2517075538635
2029	1503.8238031864166
2030	1396.279444694519
2031	1119.0520584583282
2032	2488.974449157715
2033	2441.9670321941376
2034	2793.4209308624268
2035	782.5924363136292
2036	1705.009438753128
2037	1349.133778333664
2038	0.23985981941223145
2039	1465.6724228858948
2040	1465.6724228858948
2041	2274.666711330414
2042	2799.27579665184
2043	2799.27579665184
2044	0.24375200271606445
2045	1918.2511267662048
2046	1631.28187417984
2047	2174.4884774684906
2048	2132.468157052994
2049	2132.468157052994
2050	2132.468157052994
2051	0.24256324768066406
2052	1552.812392950058
2053	4036.033987045288
2054	0.2396833896636963
2055	0.2396833896636963
2056	0.2396833896636963
2057	629.9096014499664
2058	1489.4274039268494
2059	2175.3086352348328
2060	5519.9726140499115
2061	5519.9726140499115
2062	1796.321298122406
2063	3444.1288125514984
2064	3444.1288125514984
2065	4621.608917474747
2066	819.3365862369537
2067	1406.746822834015
2068	1406.746822834015
2069	6409.0926921367645
2070	1747.5227994918823
2071	1747.5227994918823
2072	1747.5227994918823
2073	1422.7419211864471
2074	1422.7419211864471
2075	1422.7419211864471
2076	1424.5309340953827
2077	1884.1265139579773
2078	5823.424731492996
2079	1018.2725737094879
2080	0.24010491371154785
2081	0.24010491371154785
2082	1146.4161040782928
2083	1985.4744970798492
2084	2559.0974881649017
2085	0.24060916900634766
2086	0.24060916900634766
2087	0.24172234535217285
2088	0.24172234535217285
2089	2005.2645726203918
2090	2308.902287721634
2091	2308.902287721634
2092	2308.902287721634
2093	3670.9598319530487
2094	1815.3507709503174
2095	0.24044060707092285
2096	2462.3515553474426
2097	3095.8722021579742
2098	5247.98196387291
2099	2982.193395137787
2100	0.2404029369354248
2101	0.2404029369354248
2102	3364.4245142936707
2103	2792.1158661842346
2104	2449.391734600067
2105	1912.8616480827332
2106	1912.8616480827332
2107	3481.476665496826
2108	3481.476665496826
2109	4028.781202316284
2110	5762.755700826645
2111	5762.755700826645
2112	2534.333288669586
2113	2422.9317903518677
2114	2422.9317903518677
2115	936.4333786964417
2116	3536.5490255355835
2117	4999.149977207184
2118	2479.517737865448
2119	0.2394702434539795
2120	0.23916149139404297
2121	5198.3529505729675
2122	5198.3529505729675
2123	5198.3529505729675
2124	1727.8606495857239
2125	1643.629073381424
2126	3480.335303544998
2127	0.24593377113342285
2128	0.24272966384887695
2129	0.242631196975708
2130	0.241471529006958
2131	0.241471529006958
2132	2796.937460422516
2133	0.24150681495666504
2134	0.24274706840515137
2135	0.24274706840515137
2136	11742.266016483307
2137	5479.051392793655
2138	3763.1661989688873
2139	3763.1661989688873
2140	2015.3247256278992
2141	6282.0780708789825
2142	6282.0780708789825
2143	3272.8007004261017
2144	2058.877704143524
2145	2058.877704143524
2146	2058.877704143524
2147	2058.877704143524
2148	2058.877704143524
2149	2058.877704143524
2150	2058.877704143524
2151	3590.894893884659
2152	2257.544261455536
2153	2474.9088430404663
2154	2474.9088430404663
2155	2474.9088430404663
2156	2474.9088430404663
2157	2474.9088430404663
2158	4361.8123478889465
2159	4361.8123478889465
2160	2436.703627347946
2161	2168.1809952259064
2162	0.0
2163	0.0
2164	3307.049346923828
2165	3926.913550376892
2166	3926.913550376892
2167	2637.04923081398
2168	5123.762874364853
2169	3039.314383506775
2170	3446.305291891098
2171	4244.5394995212555
2172	4244.5394995212555
2173	5469.803472995758
2174	5469.803472995758
2175	2069.4319767951965
2176	0.23966741561889648
2177	0.23966741561889648
2178	3627.771411895752
2179	2904.605443716049
2180	2904.605443716049
2181	2904.605443716049
2182	3273.6942975521088
2183	3066.137630224228
2184	2660.1705751419067
2185	4804.8427975177765
2186	1948.5631833076477
2187	2172.1562016010284
2188	2172.1562016010284
2189	2397.294737815857
2190	9099.460967302322
2191	9500.28535938263
2192	1863.6503841876984
2193	1863.6503841876984
2194	6136.20228934288
2195	2870.7153437137604
2196	2870.7153437137604
2197	2870.7153437137604
2198	2064.214499235153
2199	2064.214499235153
2200	2758.5480546951294
2201	2516.761527776718
2202	3516.0810573101044
2203	2397.123501777649
2204	2397.123501777649
2205	2397.123501777649
2206	3378.8206288814545
2207	3378.8206288814545
2208	3378.8206288814545
2209	1447.3135464191437
2210	1447.3135464191437
2211	3305.0059537887573
2212	3305.0059537887573
2213	3305.0059537887573
2214	3305.0059537887573
2215	2341.817238330841
2216	0.23913264274597168
2217	3026.8451974391937
2218	15847.201487541199
2219	2198.811365365982
2220	2198.811365365982
2221	9782.900138378143
2222	3263.169754266739
2223	2238.4916892051697
2224	2238.4916892051697
2225	3172.113293647766
2226	3172.113293647766
2227	3172.113293647766
2228	6347.992415189743
2229	6347.992415189743
2230	6347.992415189743
2231	6347.992415189743
2232	2663.7363193035126
2233	2663.7363193035126
2234	2663.7363193035126
2235	2663.7363193035126
2236	11530.690794706345
2237	0.24017715454101562
2238	4395.725829362869
2239	4395.725829362869
2240	0.25479602813720703
2241	10104.440840959549
2242	10104.440840959549
2243	1705.2553503513336
2244	1866.1429340839386
2245	2431.7176773548126
2246	2431.7176773548126
2247	5798.959904432297
2248	3747.1770129203796
2249	2353.722463130951
2250	2353.722463130951
2251	2353.722463130951
2252	4230.560008525848
2253	3791.7241826057434
2254	3893.676687002182
2255	3715.8275396823883
2256	2367.100780725479
2257	2070.636412382126
2258	4936.068099021912
2259	1770.946997642517
2260	773.5954282283783
2261	0.23487520217895508
2262	0.23487520217895508
2263	3011.5439298152924
2264	3011.5439298152924
2265	3129.4750792980194
2266	3058.89733171463
2267	0.23742079734802246
2268	3328.227772951126
2269	3328.227772951126
2270	3328.227772951126
2271	0.23982715606689453
2272	0.23982715606689453
2273	3654.8461785316467
2274	3654.8461785316467
2275	2966.0239470005035
2276	2525.548342704773
2277	2525.548342704773
2278	3386.7020053863525
2279	3194.836268424988
2280	3194.836268424988
2281	1616.5916140079498
2282	5768.9629554748535
2283	5768.9629554748535
2284	3115.9062719345093
2285	3115.9062719345093
2286	1851.8661184310913
2287	3543.6341848373413
2288	3602.038608312607
2289	3602.038608312607
2290	1744.5229527950287
2291	1744.5229527950287
2292	1744.5229527950287
2293	9840.46686220169
2294	2229.202763080597
2295	2051.66082239151
2296	1900.6855764389038
2297	1900.6855764389038
2298	1900.6855764389038
2299	1850.1105434894562
2300	10927.475131988525
2301	2361.3689358234406
2302	0.23907470703125
2303	1466.2764415740967
2304	1466.2764415740967
2305	1466.2764415740967
2306	4448.29802441597
2307	3118.897625207901
2308	3118.897625207901
2309	3118.897625207901
2310	1299.5467512607574
2311	3819.1211636066437
2312	3819.1211636066437
2313	3819.1211636066437
2314	3690.2891335487366
2315	3690.2891335487366
2316	3690.2891335487366
2317	3690.2891335487366
2318	7634.597667455673
2319	874.7669768333435
2320	919.2976746559143
2321	2737.737734079361
2322	3484.8523144721985
2323	41687.718126535416
2324	4759.468131780624
2325	4759.468131780624
2326	3843.731597185135
2327	6810.014255523682
2328	6810.014255523682
2329	4157.921068191528
2330	3343.987439393997
2331	4260.3495399951935
2332	3796.078560113907
2333	3796.078560113907
2334	3796.078560113907
2335	0.9973123073577881
2336	3660.943704366684
2337	3660.943704366684
2338	1599.3609173297882
2339	716.667750120163
2340	716.667750120163
