Step	Time_elapsed
1	0.0
2	0.0
3	1582648844.9240935
4	1478.3766994476318
5	1518.348266839981
6	1409.6867649555206
7	1129.7569239139557
8	1640.9908950328827
9	1073.9020981788635
10	992.6678085327148
11	1341.9369065761566
12	976.0867848396301
13	3571.213748216629
14	1027.0203876495361
15	862.2264518737793
16	1014.4086270332336
17	1005.644314289093
18	769.6051352024078
19	1138.7806487083435
20	450.7130317687988
21	838.8724701404572
22	2312.238440513611
23	2647.429921388626
24	737.671450138092
25	1381.2107474803925
26	809.7178606987
27	1380.0479567050934
28	1575.9631521701813
29	849.9566037654877
30	664.3713066577911
31	661.1109981536865
32	661.1109981536865
33	649.4299631118774
34	574.5936367511749
35	1288.8655829429626
36	601.9013509750366
37	910.4915206432343
38	646.3497650623322
39	726.8289778232574
40	1053.5067460536957
41	1053.5067460536957
42	566.4365239143372
43	859.6234138011932
44	601.3250920772552
45	656.515061378479
46	1068.8161585330963
47	3922.3092250823975
48	936.2161755561829
49	601.2563872337341
50	1318.1247923374176
51	772.6480557918549
52	539.3458490371704
53	649.0142011642456
54	1678.822464466095
