Iteration_step	Porb	eccentricity	Wdisk	logQ	primary_mass	age	feh	secondary_mass	posterior_probability	acceptance_ratio	inital_orbital_period	initial_eccentricity	current_orbital_period	current_eccentricity	current_spin	delta_e	delta_p	bad_solution_flag	gsl_flag	
1	4.306	0.035	4.1	8.006006006006006	1.022193732085151	1.936233718547847	-0.5085339379604049	0.8728512278275105	617.5849288660402	0.0	4.3884514093126965	0.04012793614123653	4.306000000139243	0.03500000002750739	4.306000000139244	1.3924328357006743e-10	2.750738525847396e-11	False	False
4	4.306006990389729	0.03309558813587734	3.8450231987674206	7.461187543015004	1.030500685393224	2.1820056442064866	-0.41154534535883286	0.8799445352572739	145.14316377497764	0.23501733444415143	4.320976276442445	0.03380892414824392	4.266273240419213	0.017756988376954237	4.266273240419213	-0.03973374997051593	-0.015338599758923103	False	False
5	4.306008008523694	0.026999981940544922	4.355439531379647	7.899540200015522	1.008948190595161	2.333779423090804	-0.4311606148706264	0.8615408599492079	317.5279534224112	2.187687970717587	4.441003291910545	0.03303440111008962	4.306008008672603	0.026999981965169322	4.306008008672604	1.489093293116639e-10	2.4624399741490777e-11	False	False
8	4.306007406483732	0.026766207305577806	4.199508455923426	8.509360555982687	1.143574094412333	0.8210509971884558	-0.2625060003218754	0.9764979192186911	384.6944650192433	1.2115294444879305	4.28291053687047	0.027290947361787762	4.3060073636823	0.02676620750781299	4.3060073636823	-4.2801431732186757e-08	2.0223518346074165e-10	False	False
10	4.306012466340708	0.024228688505403224	3.4181334168925583	8.869754496723989	1.0739116650690315	0.6110608766141983	-0.4151466914358882	0.9170131708024459	144.57221438122832	0.37581048735389655	4.296418529758132	0.024320623608001125	4.306012466562423	0.024228688686828505	4.306012466562423	2.2171509073132256e-10	1.8142528104836408e-10	False	False
11	4.305998981026501	0.015070447782906927	3.250561085995727	8.584494910105155	1.082103944618811	0.9332271580597237	-0.4713757616099421	0.9240085583100027	89.66630696344292	0.6202181196934441	4.292930680674827	0.01507244091717895	4.305995289478416	0.01473911838236118	4.305995289478417	-3.6915480849941673e-06	-0.0003313294005457476	False	False
12	4.306004744668909	0.027107435357902384	3.5201951876089925	8.127732834784585	1.0200228353445702	1.3975646660748637	-0.5208782390571565	0.8709974991007284	387.1244887424516	4.317390799871827	4.341024310374736	0.02730442671768827	4.305800750735152	0.025497295904464427	4.305800750735153	-0.00020399393375747366	-0.0016101394534379573	False	False
14	4.3060030679644985	0.024853433020346545	3.0554390083361294	8.36058318271365	1.031220034014095	1.7605881727406336	-0.5060048166272682	0.8805587870446356	341.51260547739406	0.882177737158337	4.3637930961599825	0.026314852994649706	4.306003067961748	0.024853433013329467	4.306003067961749	-2.750688565811288e-12	-7.017077890969503e-12	False	False
18	4.306013284218819	0.02259788252542795	3.2488790268873733	8.053307559782	0.9533497422004525	2.6007297123439503	-0.6165317308067849	0.8140653448649664	101.80259699222272	0.29809323392299025	4.476896865001158	0.025617202719848818	4.306013091081987	0.022597270844012262	4.306013091081988	-1.9313683186084063e-07	-6.116814156888195e-07	False	False
22	4.306012959397025	0.03959246988145623	3.8200624995896684	7.8257148823208045	1.0035533750389627	2.953564977409639	-0.5156190911152602	0.8569342269457703	224.41448936268975	2.2044082959871254	4.497717828941287	0.0551099131231692	4.306012959175895	0.03959246980522882	4.306012959175895	-2.2112978115274018e-10	-7.622741327040217e-11	False	False
27	4.306014174315578	0.03331901883080076	3.8693213793463204	7.806349006386285	0.9299360783912789	3.7089262417445945	-0.7982146003282002	0.794072417338313	315.4455210219819	1.4056379421748095	4.6162733876044095	0.045224156156335675	4.306014174193303	0.033319018853852564	4.306014174193303	-1.2227552304011624e-10	2.3051803521578762e-11	False	False
28	4.306013549063415	0.02540503611512918	3.883924484794524	7.792597277747562	0.9331988150420557	4.705369838119334	-0.7293320754793151	0.7968584681644114	220.48419727921214	0.698961255068344	4.697218995485807	0.02501887230308046	4.283240897654348	0.01589665633903166	4.283240897654349	-0.022772651409066924	-0.00950837977609752	False	False
29	4.306002730175196	0.04720049544368628	3.8295075803768106	8.23221546458138	0.9226084461286964	4.4859297116753005	-0.5786332479521933	0.7878153521492939	681.2319826159137	3.0897088817355445	4.580721496014496	0.05435228892413214	4.306002730765191	0.047200495651461526	4.306002730765191	5.899947197463007e-10	2.0777524839532546e-10	False	False
34	4.305996545316394	0.03529000822099815	3.7112359158084827	7.969809820446373	0.9178190742693704	4.808862001776248	-0.6226474968042786	0.7837257075186154	1661.2720595508777	2.4386289868124433	4.704835399070211	0.04621927696240661	4.305996545125688	0.0352900081410775	4.305996545125689	-1.907061175643321e-10	-7.992064648965069e-11	False	False
35	4.306006749132355	0.03745269405206866	3.694105522934459	8.039553130076651	0.9524916580031061	3.858588952650786	-0.5350510049716808	0.8133326267688523	791.6852615728242	0.47655364876650913	4.601640235863552	0.046155681618812894	4.306006749131008	0.03745269405201477	4.306006749131008	-1.34736666268509e-12	-5.3887450057743536e-14	False	False
37	4.306002174826266	0.024991619799016707	2.90278514420242	7.84357278448201	1.043630381916517	2.955105462972182	-0.3671832436776006	0.8911559831185137	508.31450937130893	0.6420664044717106	4.479979180574751	0.023998514040031834	4.3016736432732054	0.016346773972650552	4.3016736432732054	-0.004328531553060344	-0.008644845826366154	False	False
41	4.305997153369371	0.032134637970927124	2.7409385086571083	7.940438559876134	0.9690228038068605	2.5214467516700956	-0.5562367097668591	0.8274485721706781	626.6226335014851	1.2327459121253521	4.492802542560958	0.038046960236586345	4.3059181152619095	0.032039092664595405	4.30591811526191	-7.903810746157092e-05	-9.554530633171937e-05	False	False
47	4.305997029636246	0.03376508860651535	1.3616894034036993	7.227289254049216	1.008948190595161	2.333779423090804	-0.4311606148706264	0.8615408599492079	630.7335896247523	1.0065604973447826	4.518239893646248	0.1031146671609735	4.305997029623513	0.03376508860504591	4.305997029623514	-1.2732925824820995e-11	-1.4694426231365298e-12	False	False
49	4.305990861229846	0.02922056784381491	1.6884123533423776	7.623494532018069	1.0514521174423417	1.78874468993408	-0.5612226907604959	0.8978349630840156	299.96224332790285	0.4755767700692172	4.393900321572482	0.04393286269965347	4.305990861064198	0.02922056777499652	4.305990861064198	-1.6564793980933246e-10	-6.881838848782351e-11	False	False
50	4.305994472407522	0.02099136940740648	1.8991224226313215	7.501581544164067	1.0450530135037694	0.9768942979101813	-0.6138768663699699	0.8923707682308687	220.40711702163074	0.7347828665912908	4.311260652175589	0.02746698640281781	4.305994472764466	0.020991369357823232	4.305994472764467	3.5694380784434543e-10	-4.958324723025598e-11	False	False
51	4.306006633405888	0.011522685478661412	1.251868460618998	6.875686213415553	1.015530976405017	1.0345395175123415	-0.5737556822707941	0.8671619007522441	32.08891060673507	0.14558926699080169	4.349838133406279	0.035225880014563185	4.30600663399766	0.01152268548576229	4.306006633997661	5.917719647641206e-10	7.100877177923515e-12	False	False
53	4.3060052945537155	0.023359396833669138	0.5173236928815579	6.876863036364521	1.002002032050033	1.1242685747380827	-0.5484728019138286	0.8556095351675231	272.57233494877397	8.494284467593125	4.399863334290014	0.01720107627647259	4.3034530794866255	0.005510836834194202	4.3034530794866255	-0.0025522150670900245	-0.017848559999474937	False	False
61	4.305999590457115	0.02312143574213619	0.6108247021957562	6.182409410635699	0.9382296495339526	0.35818287565115714	-0.7742825156415581	0.8011542977370422	668.4158096941993	2.452251105453598	4.340310098492474	0.04627614871202215	4.30610221255879	0.011047811362049478	4.30610221255879	0.00010262210167510943	-0.01207362438008671	False	False
68	4.306006805358601	0.025286321051434905	1.668373780502666	6.066558774763461	1.03878135359544	0.9211864945725596	-0.6769088741890106	0.8870153978351462	370.88249192060727	0.5548679228432467	4.316607494907247	0.025360321114937943	4.306011493328056	2.2001340249105192e-05	4.306011493328058	4.687969455297036e-06	-0.0252643197111858	False	False
69	4.305999414042784	0.03503384173426776	1.7773724560856374	5.709056916197016	1.1134041622047646	0.6639004927843217	-0.42935533344331667	0.9507358141066484	719.2874886471328	1.9393945638207875	4.279810655622393	0.035244370350764345	4.305976869804636	9.974979898032429e-09	4.305976869804635	-2.2544238148292095e-05	-0.03503383175928786	False	False
71	4.305996409483649	0.02899354210310249	2.2707062354690075	5.538455792288656	1.082103944618811	0.9332271580597237	-0.4713757616099421	0.9240085583100027	503.4615193312897	0.6999447749024831	4.2645506665793524	0.029792033050502313	4.305966066433235	9.928983989491842e-09	4.3059660664332355	-3.0343050414494144e-05	-0.0289935321741185	False	False
72	4.30598196580695	0.02402991646392791	2.626049526109805	5.952818051159125	1.0465182669642092	0.9624369980853094	-0.4608562316452875	0.8936219481607383	39.62751034305914	0.07871010756828725	4.242176495704475	0.02399447854635043	4.305982870656093	1.154831056937326e-06	4.305982870656095	9.048491431684624e-07	-0.02402876163287097	False	False
73	4.305987280469783	0.03825122600135709	2.323425246969227	6.7659297553631985	1.0878264747896258	0.3245336289040752	-0.36991811637381167	0.9288950268228615	276.7454653155421	6.983670256337836	4.2291532567387105	0.0721675264247527	4.30598728152915	0.03825122593880762	4.30598728152915	1.059366816491547e-09	-6.254946560702024e-11	False	False
74	4.305988115736928	0.04106034271646389	2.6762467142867328	7.302941068538946	1.061214356942831	0.3914738396018037	-0.4034852683687181	0.9061709393934834	264.8680532431622	0.9570818186349055	4.212864940015062	0.04807945888833649	4.3059881096957975	0.04106034270168728	4.3059881096957975	-6.041130262701699e-09	-1.4776610490763176e-11	False	False
75	4.305986927123947	0.04275540537549106	2.5949468139877796	7.251306022496879	1.1205876630216838	0.8808491690986636	-0.44547410824513456	0.9568698054542157	155.58636269605555	0.5874108288673812	4.269106039837278	0.046486892109117973	4.306165169669299	0.025831171073165824	4.3061651696693	0.00017824254535181439	-0.016924234302325234	False	False
76	4.305982638063517	0.03105088666712182	3.0571063401893266	7.325446291412896	1.0798586681152018	0.1337681416336966	-0.4031431166938669	0.9220913167035708	117.81038816334161	0.7572025344759111	4.212780765172932	0.03212447156449088	4.305982634217066	0.03105088688050231	4.305982634217066	-3.846451157585307e-09	2.1338049036034867e-10	False	False
78	4.305981666706745	0.02385796355321675	2.4367210982218777	7.64299465827869	1.1301633120276455	0.6732003006306004	-0.07850013276894682	0.9650464521404065	69.0233816519205	0.5858853597547021	4.240360998260729	0.027529335622639293	4.3059811899991205	0.02386331166272643	4.305981189999121	-4.767076244860391e-07	5.3481095096813425e-06	False	False
80	4.30598479560526	0.043271364266448356	2.8949752917071376	8.040644228487578	1.103838897098954	0.5698104700846927	-0.2788955444607477	0.9425680342327969	123.89415383204835	1.794959198852888	4.258817255916412	0.043268017485414874	4.304007964872286	0.04151842661175296	4.304007964872288	-0.0019768307329739443	-0.0017529376546953981	False	False
88	4.305988356879647	0.04198525749890619	2.8837061826743398	8.283621279444707	1.0864275680397635	1.1743061175894967	-0.4414972166240552	0.9277005003491541	194.156658438779	1.567117191840859	4.305988356879647	0.04198525749890619	4.30281037240096	0.03949485766039039	4.30281037240096	-0.0031779844786870015	-0.0024903998385158027	False	False
92	4.305984482285083	0.04035636892889644	2.9552855222769336	7.684229863620581	1.061214356942831	0.3914738396018037	-0.4034852683687181	0.9061709393934834	128.0052997035354	0.6592887451444149	4.241386342825561	0.040351790341631194	4.317288525952858	0.03813590806501069	4.317288525952858	0.011304043667775154	-0.002220460863885755	False	False
93	4.305981691321175	0.03354694501202489	2.5050222974671357	7.772930311893744	1.0614713139847143	0.7476771214514987	-0.3256569173656684	0.9063903550115475	43.88705226936769	0.3428534003749188	4.297360498832866	0.033399484052690484	4.333176720516464	0.03041888462215504	4.333176720516465	0.0271950291952896	-0.00312806038986985	False	False
94	4.306014981426352	0.021055042776235478	2.087659967943339	7.673367564596091	1.141692835281417	0.20945380994740148	-0.49822852862180916	0.974891512046802	32.91917196713641	0.7500884717680925	4.30550156536673	0.023227730442082525	4.3402155429539615	0.02221309213295517	4.3402155429539615	0.03420056152760953	0.0011580493567196933	False	False
101	4.306021243919115	0.030528414116981165	2.2748585834984216	8.047717076946917	0.9930738688416756	0.3628199590015246	-0.8367757336893673	0.8479857766039067	69.00076411825418	2.0960662129393306	4.28689813445466	0.031058609605340123	4.303331849560327	0.030534422280081398	4.303331849560328	-0.002689394358787567	6.008163100233027e-06	False	False
102	4.306015638635998	0.03924729340012337	2.070275456127284	8.267884243989823	0.9383434157321111	0.30551524075768444	-0.7631898710549678	0.8012514426936497	238.36396079049132	3.4545119005056355	4.29298085122543	0.039455045088965884	4.306015576301581	0.039247252288247554	4.306015576301583	-6.233441673941797e-08	-4.1111875813404364e-08	False	False
106	4.306000831931303	0.04330988677759833	2.067720155437125	7.682308368997468	1.0430648536931166	2.109258101629992	-0.7274210379773629	0.8906730785685523	548.1787167147945	2.2997550254529173	4.4328395819833135	0.06548608426304915	4.306000832233065	0.043309886661141994	4.306000832233066	3.0176217080679635e-10	-1.164563376288008e-10	False	False
107	4.305998954406638	0.035572209927700944	2.401924639858537	6.641780264841465	0.9604014273327907	2.0542377053347396	-0.9031695735737957	0.8200867787994699	1207.3390038823973	2.2024550882199785	4.407107039484626	0.04885976870430343	4.306223525470801	0.0026202441559065783	4.306223525470801	0.00022457106416329253	-0.032951965771794364	False	False
109	4.30599111453556	0.03781448641090521	3.494974203257593	6.14700896066205	0.9957110009001193	1.9378289533192221	-0.5777016884573793	0.8502376236686119	358.5804866801455	0.29700066470731995	4.29422067079287	0.027984780467260682	4.305994980785113	8.479914849095007e-07	4.305994980785114	3.866249552508805e-06	-0.0378136384194203	False	False
110	4.305995022682294	0.036958575127407314	3.3726079658740282	5.486421462634195	1.0874689835206752	1.0238517575350492	-0.33382836634890983	0.9285897650283046	564.6333955414794	1.57463503039175	4.190159578905816	0.037792352190344644	4.3060111573176005	9.829789052734529e-09	4.306011157317601	1.6134635306919165e-05	-0.03695856529761826	False	False
114	4.306005994496883	0.03375554948291774	3.7378431131778767	5.606792347870853	1.0771707366922756	0.9021194598124622	-0.39854386676639897	0.9197960920615341	520.8954396511946	0.9225374265219639	4.160089281131607	0.033537463648571214	4.306009846768453	9.962963793488583e-09	4.306009846768453	3.852271570181642e-06	-0.03375553951995395	False	False
118	4.3060001435331205	0.03864134266358254	2.932601275196017	6.2382203425544205	1.0977574781445807	0.6910339894787881	-0.3490827093407385	0.9373751105876574	690.8142844786062	1.3262052840032421	4.2000907011327655	0.0469746976386257	4.306090346330065	0.000513585024230826	4.306090346330067	9.020279694471611e-05	-0.038127757639351716	False	False
125	4.305995059220622	0.03944857901675095	3.1368215680721367	6.0949608490135265	1.102780696983325	0.8164941984634548	-0.4535251078804588	0.9416644371540611	522.7391292030209	0.7566999422971683	4.206190116679892	0.039442436747539694	4.3059995711540555	1.8300377305150628e-05	4.305999571154057	4.511933433093418e-06	-0.0394302786394458	False	False
127	4.3059796136471675	0.0412978731945182	3.363590556767239	6.605747081851329	1.1403572629830179	0.30803720720686134	-0.2721357753245889	0.9737510668611989	47.644389057087125	0.09114372044374557	4.148967657930702	0.049465071284269906	4.306229144329959	0.018482302018057395	4.306229144329959	0.00024953068279121027	-0.022815571176460804	False	False
129	4.305989786420833	0.039737969353957306	3.2502803327947887	6.363212027355129	1.107528420496632	0.3205353433591114	-0.33505525155141586	0.9457185182620741	394.64155643339546	8.283064684921012	4.151776576819435	0.036723621359399425	4.306403886473996	0.007030146566235267	4.306403886473997	0.0004141000531632244	-0.03270782278772204	False	False
130	4.305983042036117	0.03752000024619226	3.0520991372589545	6.203760436187515	1.096937265854498	0.37048132689289615	-0.4394289600469825	0.9366747313131558	115.59845868498329	0.29292013676844775	4.179476554709905	0.03607389364159711	4.306202741467842	0.0024858204551654003	4.3062027414678425	0.00021969943172450712	-0.03503417979102686	False	False
131	4.30599407407614	0.026616609832848588	3.3643868246806155	6.102648279644953	1.1492120696418142	0.07324413934914553	-0.3035905505459393	0.9813121862671451	604.6695653588548	5.230775325531256	4.141560303390982	0.027882620949796173	4.306198953031859	0.010030916136567019	4.306198953031858	0.00020487895571896786	-0.01658569369628157	False	False
135	4.3059936519236155	0.033202821367549505	2.9235910242995113	6.014994278826894	1.0828248254514576	0.44323173401396276	-0.4234744984891624	0.9246241184529996	599.8584710154189	0.9920434322825878	4.184634461958107	0.03436901938878199	4.306045284409512	0.0003216970629209558	4.306045284409513	5.163248589656888e-05	-0.03288112430462855	False	False
137	4.305986920033053	0.035254243517231935	3.013012805339713	5.542489235595382	1.1682769480916684	0.4893873544159351	-0.2291130198781402	0.9975916859754757	294.69361520732673	0.4912719073692165	4.168688485935099	0.03636038886657066	4.305986027779075	9.911500131079363e-09	4.305986027779077	-8.92253978257429e-07	-0.0352542336057318	False	False
139	4.3059824714406565	0.03712491237292158	3.621381467916946	5.151142354499401	1.1037011626261002	1.2892027086642706	-0.3937815798883931	0.942450422766427	76.72203100070612	0.2603450738039561	4.208972478259986	0.05593126263856712	4.305977710356187	9.955306263837527e-09	4.305977710356187	-4.7610844697842936e-06	-0.03712490241761531	False	False
142	4.305980160530542	0.040768758856601174	2.8776444123141816	6.056480611777837	1.166487757924466	0.1157360529039686	-0.1754296356951729	0.9960638964917015	76.5946562710172	0.9983397893925964	4.24039103851488	0.12116269184542966	4.3066703981108585	0.021388144661594923	4.306670398110859	0.0006902375803168326	-0.01938061419500625	False	False
148	4.305993747698765	0.044505280580630774	2.9308821310802102	6.384273979311696	1.1172871735506915	0.18034742023203998	-0.3664025187303014	0.9540515174949354	468.4593640235614	6.116084160832283	4.177603603306992	0.04524335147171868	4.306368308888951	0.016989771884952074	4.306368308888952	0.0003745611901857515	-0.0275155086956787	False	False
149	4.3059906286984555	0.04627450889244795	2.743484415516565	6.6486391581674384	1.1097767877223732	0.9953506695017363	-0.3800471047884606	0.9476383990361344	193.15790336776263	0.41232584553064383	4.281023182514484	0.09235967894186872	4.306544862537091	0.006430247884027503	4.306544862537091	0.0005542338386357315	-0.039844261008420444	False	False
150	4.30599246298488	0.02757271017686157	2.7463830564611786	6.986500626809265	1.1134041622047646	0.6639004927843217	-0.42935533344331667	0.9507358141066484	372.65209684760464	1.92926145060756	4.236176926168666	0.054803547176230934	4.305662959886386	0.02493120930491536	4.305662959886386	-0.00032950309849333337	-0.002641500871946211	False	False
155	4.3060046781763095	0.03315886883319164	2.3443597601427615	5.9986912930289105	1.0939449813928404	0.6431911548557785	-0.4323819053445698	0.9341196196113464	616.1763621539831	1.6534895881881142	4.237339161020087	0.03328877939111761	4.306008722735112	2.2691454425748302e-05	4.306008722735112	4.044558802540621e-06	-0.033136177378765896	False	False
157	4.306000361300006	0.033091674531589774	2.7027787852414207	6.032193738196813	1.0971882058015865	1.6238760104625571	-0.35831869455717097	0.9368890089339746	628.3936041957583	1.0198275084734947	4.2822988187116255	0.03204028023739867	4.305917190053027	9.999430772202237e-09	4.3059171900530275	-8.317124697931888e-05	-0.033091664532159004	False	False
158	4.306004280601086	0.02516057003338254	2.6427661412672525	5.8638875571877	0.9948493911617433	2.973414413710837	-0.49705311469529867	0.8495018951130127	427.8719766121016	0.6808980450393162	4.439841354388146	0.024490737637231953	4.3058682816055835	1.2154873527317864e-08	4.305868281605584	-0.0001359989955025398	-0.025160557878509012	False	False
164	4.306007967140523	0.030283305671997024	2.809722969705071	5.612602744185934	1.1114909772739128	3.1242952456380966	-0.3008336028044144	0.9491021454941941	618.3057946253642	1.4450719570866062	4.386507056143267	0.02709398122314485	4.306095030749296	9.97000891850885e-09	4.306095030749295	8.706360877219765e-05	-0.030283295701988105	False	False
171	4.306000434416879	0.043608967190361676	2.8999557463954417	5.935781117934469	0.9948493911617433	2.973414413710837	-0.49705311469529867	0.8495018951130127	541.821172026007	0.8762996833214223	4.433686506602886	0.047005162747405994	4.30598985960641	1.348754984359325e-08	4.30598985960641	-1.0574810469066165e-05	-0.043608953702811835	False	False
173	4.30599896535506	0.04220063644134157	2.869702881699936	6.250637729508493	0.9769155962139459	3.165663834601558	-0.5600615611860824	0.8341882276070883	636.3520110168747	1.1744687064135808	4.463572148236972	0.04490126546377849	4.3060008713670905	1.1675335463039857e-07	4.30600087136709	1.9060120308722617e-06	-0.04220051968798694	False	False
175	4.306003967571899	0.04518835612727966	2.17738496223525	5.403920848302103	1.0911147530125211	1.9324364628556885	-0.2769240560896387	0.9317028875973918	353.4412920283671	0.5554178912133502	4.329670838705083	0.02881561490728346	4.293389498542409	9.768999549375302e-09	4.2933894985424095	-0.012614469029490039	-0.04518834635828011	False	False
177	4.306007512388438	0.04367953062793353	1.9367138328805775	6.002893697439558	1.005103318436489	2.9979285934619555	-0.5152848782583801	0.858257723612918	369.05697107486804	1.0441818185896843	4.493648057175543	0.04297724966230333	4.30610068662306	1.3818180534594169e-08	4.3061006866230604	9.317423462196217e-05	-0.043679516809752995	False	False
184	4.306011814461286	0.04105744939979961	2.565457037594041	6.485562317699066	1.0000330626089735	3.13817976251164	-0.4126283598914791	0.8539282321618025	288.6795204120895	0.782208555961749	4.454863954781815	0.025166538408530083	4.306012221135154	7.470663335783269e-06	4.306012221135155	4.066738679142645e-07	-0.04104997873646383	False	False
188	4.3060078917679405	0.043683736899278354	3.007402845883758	6.76739770031238	0.97547188770479	3.181789277081336	-0.4987203084354382	0.8329554449111202	381.0563170775799	1.3199977488310313	4.471926607988726	0.061480485848108356	4.306182695138803	0.0013876950142469326	4.306182695138803	0.00017480337086261954	-0.04229604188503142	False	False
190	4.306000878176088	0.01879356810001517	2.4010943941129574	7.561589353525358	1.1282309102183352	1.9094895697782817	-0.4201967722718805	0.9633963742354364	168.34928401200628	0.4417963342088665	4.357929628791056	0.03838953284796722	4.306000876175191	0.01879356808276586	4.306000876175191	-2.000897225684639e-09	-1.724930961954918e-11	False	False
192	4.306009575969208	0.021876826714549276	1.7848577978082623	7.695167626564756	1.1246831221137095	0.9660072389943991	-0.36508411849503586	0.9603669179728965	152.77470681327873	0.9074865254691739	4.3051177357420904	0.02667699700990788	4.306012370235902	0.021115901645199744	4.306012370235903	2.7942666944724692e-06	-0.0007609250693495322	False	False
194	4.306003709017141	0.012064856724929412	1.7719147697253488	6.834699532028965	1.1097767877223732	0.9953506695017363	-0.3800471047884606	0.9476383990361344	43.36067603525166	0.28382103909547723	4.294917246426855	0.029161030502676804	4.305312333410026	0.0050343807472740445	4.305312333410025	-0.0006913756071149635	-0.007030475977655368	False	False
195	4.305992761741219	0.013663528268390323	1.9437377829926479	6.67227318539642	1.0765633493474671	0.8684590761270272	-0.32956690559989027	0.9192774440078022	51.06126942230746	1.1775939420500576	4.32080351412274	0.09285579984699857	4.305992761052616	0.013663528251461627	4.305992761052616	-6.886029524366677e-10	-1.692869629199567e-11	False	False
198	4.3059911772275665	0.020723615090757916	1.8007245094639954	7.469214611571104	1.096937265854498	0.37048132689289615	-0.4394289600469825	0.9366747313131558	102.93192271507729	2.0158512289181116	4.288511139868402	0.02072280620001467	4.333185375901285	0.01823065403302861	4.333185375901285	0.027194198673718084	-0.002492961057729306	False	False
201	4.305990561817178	0.032964977451244895	2.1010129204140435	6.896405814274268	1.1694187475382696	0.9267545221041427	-0.2191338494182834	0.9985666685229284	440.9017861921359	4.283430976147047	4.312372026775809	0.0987221999893769	4.3066640365883	0.017064241235115702	4.306664036588301	0.0006734747711218958	-0.015900736216129193	False	False
205	4.305991332614075	0.03414073928908741	1.3502285489210892	6.305723250868611	1.156022226068343	1.1663982511959436	-0.21394292010722635	0.9871273788397581	479.6343214856833	1.0878484426839419	4.327763804340991	0.03457974578018687	4.3059934394224575	9.652472066265625e-06	4.305993439422458	2.1068083828623685e-06	-0.03413108681702114	False	False
206	4.305997095411357	0.029054246147061587	2.375223585844882	5.830955388472771	1.0443966779435936	1.4718334820674908	-0.5075833108810134	0.8918103232960346	482.0754362831616	1.0050895331883607	4.30760919167411	0.029075590906567108	4.305995289022618	9.953824947215502e-09	4.305995289022618	-1.8063887390340483e-06	-0.02905423619323664	False	False
207	4.305992091946413	0.021104003424363454	3.107450111745371	6.759184722698834	1.1160882881259266	3.063061749987554	-0.1954688885421707	0.9530277892307287	332.54848170069886	0.6898266467685494	4.354839321415235	0.02082537150561623	4.305994942871697	1.6458526155229497e-05	4.305994942871697	2.850925284292316e-06	-0.021087544898208223	False	False
210	4.305991676632678	0.04004763931483195	3.1649536347086187	6.301140795616699	1.1826100628287308	1.888386806333441	-0.07106663702007965	1.0098307326494533	691.9915385827012	2.0808741481655875	4.240315761148973	0.04056407127641877	4.305991642229622	1.3880377553402435e-08	4.305991642229623	-3.440305551549727e-08	-0.04004762543445439	False	False
212	4.305991924560454	0.018655198164527303	2.8232556129676447	6.119778462144956	1.1671639414909873	1.4658480147022643	-0.2733376955350654	0.9966412896391541	120.58904504290183	0.17426375659142546	4.245621203240263	0.017825481373039898	4.305992708346289	9.99959550287912e-09	4.305992708346291	7.837858353454408e-07	-0.0186551881649318	False	False
213	4.3059998855803245	0.010095041830724164	2.476374820261208	6.687983397243737	1.061175918040698	1.6203277589308396	-0.510985459756998	0.9061381164149521	27.32634528923345	0.2266071953676355	4.307232227292198	0.011312175663251468	4.305974800790612	0.00038956675570176504	4.3059748007906125	-2.5084789712970235e-05	-0.0097054750750224	False	False
214	4.306005694789892	0.016093584488023203	2.6742445872554246	7.134905452387778	1.12704237593828	1.1656356983397744	-0.34657470325480916	0.9623814848136972	88.46324237605734	3.2372877323961706	4.253175075501258	0.019723894420923458	4.306075112650344	0.006818587706098691	4.306075112650344	6.941786045189247e-05	-0.009274996781924512	False	False
215	4.306001562225808	0.03999556698888708	2.5068303507620042	7.155353249689609	1.108708312584861	1.2651863818919484	-0.3543439483652079	0.9467260281162128	560.7709407510084	6.339027664927435	4.337304763333197	0.11289352609069486	4.306001559103998	0.03999556663604719	4.306001559103998	-3.1218103657693064e-09	-3.5283988925050025e-10	False	False
216	4.306006345846464	0.04218816490779605	2.406138378176123	6.172409706758489	1.0322990243293884	1.1654763898751117	-0.4444830831749203	0.8814801368748647	367.7330600459686	0.6557634023501374	4.284696683852997	0.04291202288628156	4.306019808079612	4.71366404603758e-05	4.306019808079613	1.3462233147798486e-05	-0.04214102826733567	False	False
217	4.306007227502481	0.06129338084041909	2.0262189545513607	6.70598330888182	1.1176620878832335	0.393645377397733	-0.4699067335967799	0.9543716568434931	18.329522035396856	0.04984464011232922	4.403672432219731	0.16564773718310838	4.306007223103594	0.061293380609553146	4.306007223103594	-4.3988865883193284e-09	-2.3086594441723562e-10	False	False
218	4.305990578376793	0.05451707476874664	1.7342843144514166	6.097828569137028	1.0743907985708103	0.6006656988591929	-0.3560968002100515	0.9174223028996149	62.23509271751228	3.3953472762316257	4.27928889526193	0.054643319401408104	4.306096366044674	0.0003747408660075672	4.306096366044676	0.00010578766788071903	-0.05414233390273907	False	False
221	4.305997460696136	0.039034895414378885	0.7732057499239428	6.372432109697313	1.0878264747896258	0.3245336289040752	-0.36991811637381167	0.9288950268228615	768.416215592664	12.34699238065793	4.316956651380858	0.04021756338716131	4.306705889207791	0.008423833674421082	4.306705889207792	0.0007084285116549793	-0.030611061739957805	False	False
222	4.305998129770665	0.0405667464333972	1.521247661541232	6.6701526416758625	1.143272132244184	0.40478842399900383	-0.3276398183691584	0.9762400737233086	718.0380929303668	0.934439016720331	4.371719049761712	0.13415125208911072	4.305998129540375	0.040566746422957135	4.305998129540374	-2.3029045337352727e-10	-1.0440065478789506e-11	False	False
227	4.306003487302535	0.02883484125778111	2.3788042774093765	6.374278773740211	1.031220034014095	1.7605881727406336	-0.5060048166272682	0.8805587870446356	463.83043156980466	0.6459691151995547	4.354103959024781	0.059756929854534555	4.30601826993458	8.14704091729629e-05	4.306018269934582	1.4782632045573507e-05	-0.028753370848608146	False	False
229	4.305990086474345	0.04447753221685976	3.0404455928436667	6.372621040798112	1.007653901144932	3.0566788735199095	-0.5944119553447351	0.8604356661876573	264.90326321024565	0.5711209208798512	4.428144482499493	0.04225019201960283	4.305993264493671	6.108746460912693e-07	4.305993264493672	3.1780193268104995e-06	-0.04447692134221367	False	False
238	4.305979697823121	0.03620327957649144	3.239891108211269	6.450425360888164	0.9605340720340038	2.4676736218735305	-0.551657833427336	0.8202000441098358	41.67091844383689	0.15730617259615995	4.376733994308364	0.03351913951150754	4.306005142298455	0.00012816496736960434	4.3060051422984555	2.5444475333813443e-05	-0.03607511460912184	False	False
241	4.30598240804203	0.046989991987672876	2.807202354241447	6.305767094938294	1.1165219266744189	1.5545980950472222	-0.2930914570198945	0.9533980731872862	41.57962851153576	0.9978092651731646	4.2710412683424765	0.04857597518015045	4.305980875272883	3.2969804972747286e-06	4.305980875272883	-1.5327691462729831e-06	-0.0469866950071756	False	False
242	4.305996805089697	0.04443288633311418	1.982317035187012	5.789061684951908	1.0739584281847965	1.8884846219203784	-0.39573790241823514	0.9170531018269977	380.38407226380684	9.148327820155343	4.368427595986207	0.04724121970448981	4.306010209814646	9.996213335030033e-09	4.306010209814645	1.3404724949594993e-05	-0.044432876336900844	False	False
244	4.305992247506192	0.03216930814565635	2.2281594575686245	6.2255009764574725	1.0076066388310747	0.39399558756363506	-0.49660476392564956	0.8603953088978546	535.8182806568002	1.4086243871041884	4.227615186836659	0.03493166274485236	4.306388886187016	0.005019111652374482	4.306388886187016	0.0003966386808240685	-0.027150196493281868	False	False
246	4.305988993816865	0.029483349176389895	2.7413901772658185	7.209321635449662	1.0753720849618436	0.959067798647503	-0.5262917580823029	0.9182602233489182	215.04386746766974	0.40133731011206136	4.245903898706666	0.03790211384631114	4.29121795471468	0.020859368889142832	4.291217954714681	-0.014771039102185135	-0.008623980287247063	False	False
248	4.305991429125618	0.021378875355714554	2.7183928729999356	6.662670405199285	1.0890160129608422	0.5614979539042542	-0.3703166613798293	0.9299107734672631	184.8890123225852	0.8597734708727831	4.2337602046923	0.08214397405989195	4.305971170974404	0.02183758742462033	4.305971170974405	-2.025815121431407e-05	0.0004587120689057769	False	False
251	4.305993794240877	0.0404511995053155	3.151076943779737	7.171233703539141	1.061214356942831	0.3914738396018037	-0.4034852683687181	0.9061709393934834	549.3583672088436	2.971287262059415	4.185478418275416	0.05024684367871223	4.305993794759837	0.0404511995249002	4.305993794759836	5.189599860955241e-10	1.958470191576467e-11	False	False
256	4.305991632174596	0.03456040811930251	3.380814784154683	6.927047880531623	1.059784072526796	0.9899363916175523	-0.3595795067399621	0.904949619530631	417.03782926612513	0.7591362108217138	4.249100191676691	0.10017880954924491	4.305991370469693	0.034560302398398114	4.305991370469693	-2.6170490308174976e-07	-1.0572090439892046e-07	False	False
257	4.305992831844754	0.024511386913063093	3.666999052692798	7.030064800678564	1.1930037307512389	0.6813795824908985	-0.09412809233732328	1.018705885688483	485.1364552029844	1.1632912440022398	4.146745282388507	0.06117539727725706	4.30599302183749	0.024511293817716866	4.30599302183749	1.8999273621034263e-07	-9.309534622706228e-08	False	False
258	4.3059981331430395	0.0469128731081255	4.463495575975674	6.2604791324634546	1.0878264747896258	0.3245336289040752	-0.36991811637381167	0.9288950268228615	418.3060740830365	0.8622441574876379	4.095840496587193	0.06666759045178543	4.306674343101221	0.009588541462499848	4.306674343101221	0.0006762099581818504	-0.03732433164562565	False	False
259	4.306002829653859	0.04375993206280861	4.088778065325477	6.249759649605721	1.1235595862385666	1.7238842516392174	-0.2801366485003512	0.959407530689112	462.30324191362735	1.1051793663934633	4.188369364655139	0.03871581272534363	4.306011795813034	1.3540112379911442e-07	4.306011795813034	8.966159175116672e-06	-0.04375979666168481	False	False
260	4.306007873450827	0.03903641695768339	4.291441557610273	6.008555929158498	1.0739584281847965	1.8884846219203784	-0.39573790241823514	0.9170531018269977	385.4975138891967	0.8338628824956837	4.205812422556262	0.0341215977506187	4.306028347658702	1.0652890177213483e-08	4.306028347658701	2.0474207874876527e-05	-0.039036406304793214	False	False
263	4.306004761693023	0.03776183037298573	3.750533269417214	5.695521292989119	0.9870929287956162	1.3259659011132876	-0.5806057751479844	0.8428786518985766	534.60905789107	1.386802868058787	4.226365175719213	0.037182873483037414	4.306025684575758	9.992813313159481e-09	4.306025684575758	2.0922882734808468e-05	-0.037761820380172416	False	False
265	4.306006943572538	0.039591595669353975	3.6865913965037285	5.436975258007931	1.1694187475382696	0.9267545221041427	-0.2191338494182834	0.9985666685229284	534.1692093585443	0.9991772520011897	4.148955761369402	0.041744485651798724	4.306008844638077	9.780225979211174e-09	4.306008844638078	1.9010655387674547e-06	-0.039591585889128	False	False
271	4.306002645805547	0.023346738187053215	3.905458314106804	5.073726820929613	1.0365014612827932	1.9248479549951272	-0.40657764432319604	0.8850685977893771	306.66381448941297	0.5740948918745605	4.241546380573492	0.022240688907095987	4.305988015258508	9.721754961158162e-09	4.305988015258508	-1.4630547038763098e-05	-0.023346728465298255	False	False
274	4.306001570813001	0.030228309692680574	4.262764630027788	5.533783940255847	1.1026827979026597	1.7450180556561354	-0.41080811708876563	0.941580841129081	544.4955344621794	1.7755454303232674	4.188965822448947	0.03012092812806704	4.305474172356624	9.954431614330637e-09	4.305474172356623	-0.0005273984563762824	-0.03022829973824896	False	False
276	4.3059942457026015	0.033327392779949214	4.237283242493728	6.041633675925825	1.050878077990962	2.1081627425988057	-0.4801726735827134	0.8973447907964823	498.1937071886467	0.9149638071517576	4.241913215101261	0.03750409948043257	4.305991952515035	1.1642677303474686e-08	4.305991952515036	-2.2931875660603396e-06	-0.03332738113727191	False	False
278	4.306005636889589	0.03523886475069415	3.284353594183729	6.399726593197799	1.0524787652675516	2.309233839494397	-0.4771805118765687	0.8987116176619623	529.6981650189824	1.063237366060118	4.321030002995284	0.03622667453484883	4.3060070758674795	3.3019274614985726e-06	4.30600707586748	1.438977890622084e-06	-0.03523556282323265	False	False
280	4.305987277635687	0.027393104025408566	2.7882378312012586	6.196035386154936	0.9887542382595427	2.2236179697344434	-0.6300675816208382	0.8442972440498234	171.75723864821316	0.32425492476844436	4.372496731883145	0.033941451019950324	4.3059889924821775	9.636106767866951e-07	4.3059889924821775	1.7148464905858418e-06	-0.02739214041473178	False	False
283	4.305995499475104	0.030448867249305053	3.1145386914413313	5.9269937712586405	1.0497780297380928	0.9779324970748984	-0.5083809733703951	0.8964054595933574	517.096035695824	3.010621501402459	4.217834729083551	0.03311031330983881	4.305998055874756	6.049294085897126e-07	4.305998055874755	2.55639965196508e-06	-0.030448262319896464	False	False
286	4.306004500743918	0.030316754177234437	3.6083398213105116	6.192799912258017	1.0465182669642092	0.9624369980853094	-0.4608562316452875	0.8936219481607383	509.4502800455917	0.9852140509258713	4.1842204919520185	0.03810892064140022	4.306024933212658	0.00013048094739888025	4.306024933212659	2.0432468740061438e-05	-0.030186273229835556	False	False
289	4.30600879022901	0.02698858114272028	4.255673519912669	5.49272994072692	1.0198201099706399	3.0172142476605393	-0.325806785983731	0.8708243919039294	414.00005036352275	0.8126407356699717	4.314831101244888	0.02693426842072206	4.3059124147556425	9.988205252188137e-09	4.305912414755643	-9.637547336716068e-05	-0.02698857115451503	False	False
291	4.305987406762676	0.039521118192698546	3.6968807026034165	5.111659958884977	1.12668103586703	0.9132601491810352	-0.39131532089989396	0.962072936526857	207.15200827972086	0.5003671088876102	4.163827740569045	0.020137060712313533	4.306023542756909	9.798861419021734e-09	4.30602354275691	3.6135994233355007e-05	-0.03952110839383713	False	False
292	4.305994282661806	0.043889966866565704	3.8165636689719977	5.191306065826764	1.0570538141241683	1.2087025353212812	-0.4043374492950004	0.9026182518806273	339.1550297147606	1.637227814160478	4.1906768494192645	0.04751846464796449	4.305990339517167	9.893330994694352e-09	4.305990339517168	-3.9431446392512726e-06	-0.04388995697323471	False	False
313	4.305992205963073	0.050081142583381436	4.469520957431467	5.294644855232729	1.020870848466363	0.04657206525777476	-0.5935076427384759	0.8717216175054273	248.86646033266783	0.7337837818356162	4.111249591689948	0.05297286533283342	4.306264357081267	0.0016481990880568812	4.306264357081269	0.00027215111819423043	-0.04843294349532455	False	False
317	4.305994780572768	0.04229836752982463	4.166551737369828	5.710897751398968	0.9807977148461906	2.098358577398991	-0.5520152886046147	0.8375031687071621	406.5842019934636	1.633744464601495	4.276648968431388	0.04217131222719817	4.305970556301099	9.987897569974117e-09	4.305970556301099	-2.4224271669481823e-05	-0.04229835754192706	False	False
324	4.305982924401484	0.028752933420703567	4.2184556428647895	5.809791571133314	1.0171080936994565	2.335091226899934	-0.42809768214037835	0.868508601209966	77.4785499596493	0.19055966655805992	4.267418129828127	0.02837254866550116	4.305960865456443	9.984153227684934e-09	4.305960865456444	-2.205894504037076e-05	-0.02875292343655034	False	False
328	4.3059918645840405	0.029263853526550306	3.5950636027093283	5.91016804415617	1.0533500334134012	2.343560338183389	-0.41047633188080196	0.8994555935317032	372.2222074785886	4.804196873488744	4.295809245103701	0.029340890397566623	4.306058381952706	1.0180672057303632e-08	4.306058381952707	6.651736866558622e-05	-0.029263843345878247	False	False
329	4.305989453317567	0.03123764047530174	3.863590060040916	5.9997018577195105	1.0465560246720476	2.573819971464401	-0.40450518145082165	0.8936541894674614	322.98380273565397	0.8677177133614012	4.297298400886116	0.022385338569500063	4.305902129354618	1.2412241240430707e-08	4.305902129354618	-8.732396294863776e-05	-0.031237628063060498	False	False
331	4.306006820838745	0.030223740141060086	3.3285982607075826	6.664941751896934	0.9287789054787471	2.8772407679604335	-0.5531852689720446	0.7930843073883022	494.116885277123	1.5298503550084612	4.541914682601998	0.1331883017590057	4.306363130250886	0.004665435487248792	4.306363130250886	0.0003563094121403765	-0.025558304653811294	False	False
342	4.30601704188101	0.03521580976710756	4.093543655947211	6.311573836431275	0.9866439272534409	2.734242386806249	-0.6832304347726884	0.8424952494817132	111.50455720897297	0.2256643327346245	4.342598888920829	0.032559855448564504	4.3060218638923775	1.4620688151888524e-06	4.306021863892378	4.822011367089374e-06	-0.03521434769829237	False	False
345	4.306021180916671	0.027625433957339324	2.9425136335044932	6.440217607496293	0.9636116557460191	3.339837649187523	-0.6029763475448775	0.8228279928415257	32.68371700635792	0.29311552661569423	4.477299532980412	0.030385053646719798	4.306025390948989	8.104367596942895e-06	4.30602539094899	4.210032317431001e-06	-0.02761732958974238	False	False
349	4.306018628706137	0.02360415213140035	3.5576982382993094	6.035917231585011	0.9690228038068605	2.5214467516700956	-0.5562367097668591	0.8274485721706781	34.49445229459904	1.055401755188643	4.371051674824374	0.05776195738860926	4.306032544374376	1.5542245783267493e-08	4.306032544374377	1.391566823905066e-05	-0.023604136589154567	False	False
351	4.306013747193296	0.015016029198279573	3.936074868336011	5.575199878135721	1.0728673879864514	2.669438634702103	-0.4079368351124778	0.9161214626016309	28.596873636413875	0.8290281982790438	4.288566095808323	0.014947158979563743	4.305998031457225	9.933696944339466e-09	4.305998031457225	-1.5715736070731623e-05	-0.015016019264582629	False	False
356	4.306014222674389	0.016187028846049153	3.05750733784491	5.3967639984340785	1.029036478223415	2.706813341751129	-0.4078387118951533	0.878694248754974	33.17398567193962	1.1600563786699212	4.3677676088383315	0.015587278184262436	4.3060349317655655	9.989743861394784e-09	4.306034931765565	2.0709091176129846e-05	-0.01618701885630529	False	False
357	4.30602413890814	0.022304211704312953	3.44803087811949	5.408487661510906	0.9956005346913709	2.734767072493744	-0.5378581773285522	0.8501432965729616	6.302222823246583	0.1899748461209878	4.3651427021935945	0.01851425617424774	4.306023848404741	9.953617585193303e-09	4.306023848404741	-2.9050339911407264e-07	-0.022304201750695366	False	False
358	4.306004035658157	0.01394077160768293	3.9083971697935196	5.354598047000241	0.9868129620714888	2.005965918795093	-0.459501491598741	0.8426395883128444	61.05862397246346	9.688426716243773	4.26643216323617	0.013719262747175932	4.306003497663317	9.992780170310221e-09	4.306003497663317	-5.379948397887802e-07	-0.013940761614902758	False	False
373	4.306000812069759	0.012710977442726144	3.771779394199137	6.201993352051285	1.0060805576404714	1.8683821835374894	-0.5389680325312214	0.8590921881691985	51.430696650470836	0.8423166672354969	4.261151404322392	0.012023684279693133	4.306002111630444	1.1745814182822431e-06	4.306002111630443	1.2995606848420493e-06	-0.012709802861307861	False	False
376	4.305997379595156	0.015382459091634049	3.414812318170873	6.701049844691689	1.031220034014095	1.7605881727406336	-0.5060048166272682	0.8805587870446356	84.86989259022155	1.6501797198472246	4.269362989469959	0.014591426764919516	4.306036145240895	0.0006974724590073723	4.3060361452408955	3.876564573879193e-05	-0.014684986632626676	False	False
378	4.305986580901028	0.018509254829573996	2.564039405271562	6.866453177971185	0.9836445176743194	2.4381566736813074	-0.2796632422056807	0.8399340536421013	64.20224812792594	0.7564784892319178	4.392342848718286	0.007319519253672715	4.306019487592915	0.0008071917844375924	4.306019487592916	3.2906691887824024e-05	-0.017702063045136402	False	False
381	4.3059845922861815	0.029725041377729883	2.8790013175848665	6.4146501985049476	0.9816826357876205	2.9356522419577513	-0.4289484008104255	0.8382588026990492	102.44559684785835	1.5956699311172216	5.351500675049569	0.34465010177832245	4.285034418569119	0.00010926108107731257	4.285034418569119	-0.020950173717062093	-0.029615780296652572	False	False
382	4.305981067874987	0.036234977399713514	3.3024372631433105	5.735147047071892	1.0392877785057673	2.916279987327537	-0.4664508858464428	0.8874478340660746	68.84669857715845	0.6720317973197274	4.574735874000567	0.1748832052321095	4.305978666489986	9.889846124746033e-09	4.305978666489987	-2.401385000183609e-06	-0.03623496750986739	False	False
384	4.305995846921383	0.026824923349580768	2.618728908019904	6.466519376395677	0.9731645270268163	3.8435390193606747	-0.45969801941150634	0.8309851896281985	742.4457659606285	10.784043117602051	4.5540221974218404	0.06376602985167718	4.305996938295977	5.1824981776639396e-06	4.305996938295977	1.091374594253125e-06	-0.026819740851403102	False	False
385	4.30599910678156	0.017670612869416007	2.0342936427055056	6.1447720175703955	1.0056787918488026	4.2524485032593375	-0.3389453876607207	0.8587491203596925	394.3444560736301	0.5311424405032461	4.630607896425269	0.08696761726830465	4.306008613446196	1.7825899888490976e-08	4.306008613446198	9.506664635949846e-06	-0.01767059504351612	False	False
386	4.3060088446063025	0.020524898377966713	1.563555170600858	6.402410566446173	0.9856425997548577	3.4217929934229505	-0.6458406336970802	0.841640215930673	193.3633098139421	0.49034113916346833	4.558252302745428	0.016052743203621475	4.3060090830802995	3.790921663810096e-07	4.3060090830803	2.384739969940597e-07	-0.020524519285800333	False	False
388	4.306014085698619	0.030062167965943597	2.2129806628118627	5.07545449344908	0.9649929369805037	4.383639644337313	-0.7676493908306361	0.8240074688876521	363.06719962909654	1.8776426612600228	4.626767523951494	0.0372395178520122	4.3060023846301325	9.936081691696078e-09	4.306002384630133	-1.1701068486580368e-05	-0.030062158029861907	False	False
391	4.306014122252319	0.03884673131378173	1.7071246767928114	5.168630503222784	0.91158825878872	5.096415293637154	-0.667683873643256	0.778405214179688	520.663655079062	1.4340696587600406	4.759399234173593	0.03269043834124609	4.30601358351611	9.976775069796114e-09	4.306013583516109	-5.387362085329528e-07	-0.03884672133700666	False	False
392	4.306015706275163	0.032809580005584	2.6067792579031828	5.189193193117562	0.9192389862887187	6.378414279966382	-0.45334665149572295	0.7849381703919369	1358.8883750192647	2.6099159443209445	4.794384370606569	0.011132713453683447	4.305994070556422	9.901288400000374e-09	4.305994070556423	-2.1635718741030985e-05	-0.0328095701042956	False	False
393	4.306015531128574	0.0362678602361874	2.80528338376987	5.454274449993788	0.8990126676562705	5.227181741214751	-0.9457077141731296	0.7676669169116894	665.8109302676178	0.48996734574183015	4.722349866820152	0.035613522716980386	4.306627774031366	9.995672464876223e-09	4.306627774031367	0.0006122429027914933	-0.03626785024051494	False	False
407	4.305983946385468	0.03563679939146374	4.0470289561446835	6.514135417776698	0.9172103839931267	0.8987018897172427	-0.9031414175883034	0.7832059468917308	3878.205429540008	5.82478486494836	4.2059277731835705	0.041568815344718756	4.306146752563131	0.011042857213240099	4.306146752563132	0.00016280617766284422	-0.02459394217822364	False	False
415	4.306010487176186	0.0366937560811952	4.266531130671639	5.7462238590210495	0.9712372649058727	2.5331741604375386	-0.8358800404426502	0.8293395005031247	10514.182106815857	2.7110946797016213	4.326217731966342	0.03539586317530252	4.306014185428719	1.0573578200021128e-08	4.306014185428719	3.6982525326578752e-06	-0.036693745507617	False	False	False
422	4.305988487356575	0.03732297896471993	4.344563274237769	6.1538441930971555	1.0150403495141471	2.529323680976307	-0.694246289738903	0.8667429544501302	5485.195778550844	0.521694956661921	4.298204026536842	0.03616024379746043	4.30598696613757	1.4914556550300616e-08	4.305986966137571	-1.5212190049851415e-06	-0.03732296405016338	False	False	False
429	4.306007710172616	0.03769134515262172	4.305539832887972	5.94894701523584	1.0150403495141471	2.529323680976307	-0.694246289738903	0.8667429544501302	9237.779094456413	1.6841293305481577	4.300389277499989	0.03775028219172046	4.306007176653921	1.1559816521517555e-08	4.306007176653923	-5.335186950006232e-07	-0.0376913335928052	False	False	False
491	4.306016782596973	0.03790532520691468	3.673117716198114	5.97788245653643	0.9988545730057442	2.2905878115058305	-0.7282365698187524	0.852921919889605	1461.2702232601214	0.15818414884341941	4.325368537247439	0.03762862012421018	4.30599841175221	1.2722070552350526e-08	4.30599841175221	-1.8370844762749527e-05	-0.037905312484844134	False	False	False
501	4.30599195638118	0.038713487866721734	2.143654153379315	5.577030288739967	1.000879076750692	1.620660309221829	-0.6377107873087489	0.8546506436374159	4043.0284131445287	2.766790391529676	4.3535162365287485	0.03552913682914865	4.305993892495456	9.961333656904351e-09	4.305993892495457	1.9361142760132566e-06	-0.03871347790538808	False	False	False
502	4.305987299441746	0.04023387428842205	3.268683113263992	5.2637678439666375	1.061175918040698	1.6203277589308396	-0.510985459756998	0.9061381164149521	2463.94084376687	0.6094295147064033	4.264848775988479	0.042228424754439976	4.306008739851011	9.967576373491076e-09	4.306008739851011	2.1440409264883442e-05	-0.04023386432084568	False	False	False
511	4.305997715308278	0.041016006024949536	4.043877774176336	5.091011538321966	1.1492120696418142	0.07324413934914553	-0.3035905505459393	0.9813121862671451	15477.190139089495	6.2814779738899835	4.101418799094869	0.03784519480672139	4.305998903933591	6.476350318387237e-07	4.305998903933591	1.1886253128423618e-06	-0.0410153583899177	False	False	False
524	4.306015002599645	0.04142903025780234	1.5028698459138377	5.7015536503180675	1.1303461949361173	0.6531907299584478	-0.335400620234803	0.9652026158559506	1662.2087134777196	0.10739731815270608	4.292697025407928	0.041635029406869375	4.306038606210503	9.989530892904843e-09	4.306038606210504	2.3603610857847457e-05	-0.04142902026827145	False	False	False
527	4.305991076729554	0.040838494519211226	1.8143115248579307	5.459063132987171	1.1259682654478926	0.32171145952522756	-0.30657609195615726	0.9614643018659556	4600.576312513593	2.7677488844876397	4.247674652263209	0.04170973682672134	4.306307095610117	1.9287565364391086e-08	4.3063070956101175	0.0003160188805626518	-0.04083847523164586	False	False	False
535	4.3059875196460435	0.04083873455128151	1.626385192627519	5.974339907001876	1.1089744854270336	1.0911131896522073	-0.3907096034795869	0.946953313106144	2138.0842265398855	0.4647426933717597	4.320426061946604	0.04347167918034019	4.30598891106599	3.730644991931449e-08	4.305988911065991	1.3914199463727073e-06	-0.040838697244831586	False	False	False
562	4.3060084665299	0.042493745458381194	2.284543009548349	5.038269736740986	1.0194888775465338	2.039896610805741	-0.48935867537188893	0.8705415525369853	3703.3229634426393	1.7320753399111026	4.376214482065394	0.041087470826901146	4.306008129817231	9.889743805481176e-09	4.306008129817232	-3.367126693021305e-07	-0.042493735568637385	False	False	False
565	4.306000175765815	0.0421898737187112	2.2222300668916213	5.806723639414747	0.9439974446381308	2.890108687520759	-0.7101439695774159	0.8060794179765	5816.177675071304	1.5705294224904809	4.49861076164529	0.04320206350524274	4.30587519784186	1.2897031799771797e-08	4.30587519784186	-0.0001249779239556048	-0.0421898608216794	False	False	False
574	4.306001168313164	0.04270550777798004	2.8820842818999397	6.479085079294928	0.9208711086069267	3.878101340749075	-0.8222055953248248	0.7863318396394546	6851.851807855267	1.1780678291901159	4.604411434702756	0.08078884897892252	4.306016489556744	6.849154166069506e-05	4.306016489556743	1.5321243580501687e-05	-0.042637016236319346	False	False	False
575	4.306007543568866	0.044021113444568515	3.083266720985574	6.311311381579312	1.0263477318104983	0.16099459031571506	-0.5045132008046614	0.8763983281929845	2614.550205719326	0.38158300544706614	4.200321206155069	0.09375829485570043	4.306035244019543	0.04341083756216709	4.306035244019542	2.7700450677237143e-05	-0.0006102758824014232	False	False	False
599	4.306013747559722	0.04289445045148216	2.689751439581485	6.10696262773941	1.0305746626747418	3.2872792768101973	-0.4957296182146351	0.8800077044579621	1104.0621794663912	0.4222761441150589	4.458023453266502	0.04446682535753037	4.306163200948321	1.4574327952468689e-08	4.306163200948322	0.00014945338859906343	-0.042894435877154205	False	False	False
609	4.3059981365630255	0.04210233357445506	3.250498717866405	5.984816546297562	1.0378614765059169	2.345765373448268	-0.469986274491938	0.8862299147884024	4278.076937088592	3.874851450084312	4.333781941048011	0.043123301684911054	4.306001835218041	1.1755707251902876e-08	4.306001835218042	3.6986550151496544e-06	-0.042102321818747804	False	False	False
613	4.305987983109167	0.04173662823651714	1.6829463547814325	6.0486355962634235	1.0579888059995735	1.0460871808552104	-0.47370025511031233	0.9034166414430358	1679.3673816033306	0.3925519354371896	4.319575456039606	0.0436478355875006	4.3059905561892835	4.7141432131672766e-06	4.305990556189285	2.573080116086146e-06	-0.04173191409330397	False	False	False
616	4.305992478822	0.04233972226386118	2.156143550350813	6.0725665437257454	1.013586201145881	2.7320312115801464	-0.6239667149277648	0.8655012571584677	3094.197300566378	1.842477908325382	4.451958162805244	0.03820849763926363	4.306008151807973	1.4302232421796425e-08	4.306008151807974	1.567298597304756e-05	-0.04233970796162876	False	False	False
619	4.306019991085737	0.04242266957785027	2.912558058035075	5.739858488457959	1.0798586681152018	0.1337681416336966	-0.4031431166938669	0.9220913167035708	336.00370822992915	0.10859155884093923	4.17692016588303	0.04689896752473718	4.306293106571234	0.002172502239167133	4.306293106571234	0.00027311548549668885	-0.04025016733868314	False	False	False
620	4.3059905357799115	0.04174324036264826	1.9409505399629505	6.045192388402034	1.0096655153693341	2.3582747790525036	-0.5566594122910425	0.8621533835738744	2253.9015999455705	6.707966444237019	4.422333167914549	0.007344767601909753	4.305963245535175	1.474962391812887e-08	4.3059632455351755	-2.729024473691055e-05	-0.04174322561302434	False	False	False
627	4.30601806207735	0.041583430763552774	1.4517843499504575	5.919267945945176	1.030986148531516	0.46732001131385936	-0.502326196095096	0.8803590722310615	582.6706299419884	0.25851644541893903	4.287138254461485	0.0417896203509119	4.3060708023747605	0.0002785129794583574	4.306070802374761	5.274029741020314e-05	-0.04130491778409442	False	False	False
629	4.3059829829806135	0.04114308259082646	1.6508567219931318	5.4955441713392155	1.1202078189851221	1.6517182680378293	-0.2053864237063203	0.9565454566313958	1494.8061664198954	2.565439357341077	4.352467725371624	0.04165257119466594	4.3059666965459575	9.964710142269254e-09	4.3059666965459575	-1.6286434656009874e-05	-0.04114307262611632	False	False	False
639	4.306003336473411	0.0421393588033787	1.825004548572138	5.6326392854508525	1.1694187475382696	0.9267545221041427	-0.2191338494182834	0.9985666685229284	9537.553232365704	6.380461525127652	4.280469722992407	0.041897319141720686	4.306023983968041	9.880083188772444e-09	4.306023983968041	2.0647494629599805e-05	-0.04213934892329551	False	False	False
643	4.306016562707729	0.04034688097480866	2.130643345900241	6.088327052895402	0.9891703940287406	1.2504691709104694	-0.7570225268751034	0.8446525994611416	1195.4096287077923	0.12533713831878468	4.3282812584002555	0.0396844966332879	4.306022719327813	2.6846435924651096e-05	4.306022719327813	6.15662008396356e-06	-0.040320034538884005	False	False	False
654	4.306015588884494	0.04130972225362959	2.954991298990872	6.737054472118578	1.0001845707263624	0.28629492702941395	-0.6004026150202475	0.8540576049432408	890.5307022778102	0.7449586157679284	4.193115844435043	0.06080612623118867	4.306016409395295	0.0412592915246572	4.306016409395297	8.205108006364981e-07	-5.043072897238654e-05	False	False	False
664	4.3060196589482445	0.04169763360383068	1.7660194696227585	7.0382484296802925	1.0675353139213812	0.09352054769799584	-0.48501907091534235	0.9115684045574675	310.435645881104	0.34859623041301996	4.245831922143652	0.04688032091332149	4.3060196588316435	0.0416976336035581	4.3060196588316435	-1.1660095111665214e-10	-2.7258056922718765e-13	False	False	False
671	4.3059984231986865	0.04166777603785275	2.1725864512819593	7.238912325267321	1.1065222385232378	1.525187266031305	-0.3160478461373611	0.9448593394749928	4292.00933479436	13.825761930826037	4.3831371133962165	0.11685719054753328	4.305998423606202	0.041667774672266976	4.305998423606201	4.0751579888365086e-10	-1.3655857764027779e-09	False	False	False
672	4.306000343573868	0.04089288498959784	2.8277667232092165	6.570659886938772	1.0728673879864514	2.669438634702103	-0.4079368351124778	0.9161214626016309	4445.688647251446	1.0358059129115218	4.375166885171508	0.042320933921962706	4.306006190114741	1.2085161304018698e-05	4.306006190114741	5.8465408727670365e-06	-0.04088079982829382	False	False	False
685	4.306007135464875	0.041635104117536334	3.268139320230169	6.08762450186599	1.1006909680708046	1.4439739625994612	-0.5109379610354261	0.93988001763566	6206.409398989826	1.3960512963108533	4.254137935601277	0.0424841372106144	4.306007410149616	2.7911839742066828e-08	4.306007410149617	2.7468474073089055e-07	-0.04163507620569659	False	False	False
695	4.306008870661283	0.04139742673815514	2.7746804507072698	5.810921185228027	1.0429465219747287	1.621577655118779	-0.6552400077690912	0.8905720351142208	4724.050540725465	0.7611567714972792	4.31146950813599	0.04127986121285201	4.306010852573969	9.989546667278806e-09	4.306010852573969	1.9819126864106806e-06	-0.04139741674860847	False	False	False
712	4.305999659266531	0.041078189939267734	4.315926386850817	6.3199598748060835	0.9986615559228641	2.250612029426741	-0.7275023313896085	0.8527571026025337	10482.74721349606	2.2190167364056697	4.2869048030705486	0.041587846109729563	4.306004801104615	9.532716933098591e-06	4.306004801104615	5.141838084199435e-06	-0.04106865722233464	False	False	False
741	4.306006022382101	0.04079755380641722	4.444811176429167	6.4943659193526235	0.9691976916203403	5.13199325195992	-0.5315589171602499	0.8275979088746086	9157.40444598784	0.8735691378876425	4.539056530604983	0.0005139865301215229	4.305965649876211	3.2717181934203426e-08	4.305965649876212	-4.037250588950769e-05	-0.04079752108923528	False	False	False
752	4.305998004698735	0.040567368280168506	3.7664301211775095	6.0639815810647795	1.0046018207676652	1.688763295144625	-0.5099228607968156	0.8578294947535093	5717.748061697011	0.6243852278690326	4.2528980986873215	0.04021514592216629	4.305996012658304	4.942094060970783e-07	4.305996012658304	-1.9920404312756546e-06	-0.040566874070762406	False	False	False
763	4.306000149793832	0.039942896144811946	3.836300302654233	6.11578462692327	0.96823506525959	4.714126650528068	-0.5101832631277252	0.8267759222251639	9642.376981904334	1.6863941673992724	4.5388239494641445	0.03671447435121911	4.306091727738658	1.964809399184912e-08	4.30609172773866	9.157794482650417e-05	-0.039942876496717954	False	False	False
788	4.306002114889905	0.041338615730030615	2.7053093255890994	5.045287474466438	0.971435220876847	3.2513043063076577	-0.5056164896667794	0.8295085351067396	9397.426762179917	0.9745964900372481	4.475957749372564	0.033018139922117634	4.305986849061593	9.994435664135455e-09	4.305986849061594	-1.526582831168355e-05	-0.041338605735594953	False	False	False
811	4.306008392428688	0.04197077110215398	3.5089476192357294	5.111266853432532	1.008948190595161	2.333779423090804	-0.4311606148706264	0.8615408599492079	5635.342746150904	0.5996687059941157	4.32376458115145	0.042960668941182965	4.306057227344082	9.821588877728516e-09	4.306057227344083	4.883491539420248e-05	-0.0419707612805651	False	False	False
823	4.306007076411195	0.04204782835046086	2.6291759075530576	5.102499238233921	0.9846002921989088	0.9988320545543368	-0.5354107199320614	0.8407501895086482	5721.059842976674	1.0152106270526877	4.267561576708304	0.04314507319301258	4.306495859350315	9.892947178109584e-09	4.306495859350315	0.000488782939120469	-0.04204781845751368	False	False	False
829	4.306008904390071	0.04277662771121082	3.091647525121865	5.256874709304246	0.9374893343638733	1.9936686107969397	-0.664940678106594	0.8005221426133113	5141.779169037713	0.8987459159949005	4.3581499508841315	0.04599693452595657	4.306001583731586	9.938540694410883e-09	4.306001583731589	-7.320658484744058e-06	-0.042776617772670125	False	False	False
836	4.305993831188164	0.04273034924520356	2.450441003771045	5.388698799704592	0.9816826357876205	2.9356522419577513	-0.4289484008104255	0.8382588026990492	7562.094243711836	1.4707154848750703	4.460088814043947	0.042079087590490595	4.305995908197423	9.955470487344001e-09	4.305995908197423	2.077009259693341e-06	-0.04273033928973307	False	False	False
838	4.305996625081041	0.04108389624619885	2.4524447112386465	5.212415836243739	0.9484377573315533	4.0789839000414725	-0.7405879782743485	0.8098710009854134	8420.190490567911	1.1134733605799234	4.58654134325014	0.020668479633685295	4.3059969324522465	9.938242739532296e-09	4.3059969324522465	3.073712058210276e-07	-0.041083886307956105	False	False	False
848	4.305991028040492	0.041248353711623956	3.9878850606830705	5.444011368282849	0.9750741099529401	2.917210384775366	-0.6168343755068079	0.8326157824888155	4688.854333406768	0.556858462841085	4.36970987088919	0.04133905878535737	4.305993408257099	9.942690148800285e-09	4.305993408257101	2.3802166069231134e-06	-0.041248343768933805	False	False	False
851	4.3059961232154835	0.039846991939027604	3.1452054311753974	6.090538869623848	0.9998129687005424	2.320781926683309	-0.6026998320232583	0.8537402939733931	4396.980031661563	0.9377514674180252	4.35460102399736	0.03972349789792388	4.303940514165844	1.4796846839338072e-08	4.303940514165844	-0.0020556090496395285	-0.039846977142180766	False	False	False
864	4.306001695436519	0.040227455325195574	4.050339591776125	6.349153205390718	1.0206680418998137	2.8026623368697194	-0.4770157630499664	0.8715484409782509	6095.796347005581	1.3863597976591349	4.329057901206044	0.040672063807559715	4.306001048690653	6.381201005823507e-07	4.306001048690653	-6.467458666392645e-07	-0.040226817205094995	False	False	False
900	4.305994051906362	0.040254118239642	2.9612781755052215	5.87778850367628	1.020870848466363	0.04657206525777476	-0.5935076427384759	0.8717216175054273	4584.391701610883	0.7520578839322378	4.188339466160435	0.04233360597803774	4.306394197669174	0.01725584876078468	4.306394197669176	0.00040014576281244274	-0.02299826947885732	False	False	False
905	4.306020336584372	0.040161516706697105	3.755557227596544	6.135982014444285	1.0219285057972955	0.9614021602991016	-0.6303200218100259	0.8726247511003107	402.38493755668856	0.08777280907634853	4.192719411276041	0.04045643077152821	4.30604491084657	0.0001184433691638406	4.306044910846571	2.4574262197596397e-05	-0.040043073337533264	False	False	False
907	4.306008952359177	0.03956834588185298	2.738011528772252	6.460724507987559	1.1492120696418142	0.07324413934914553	-0.3035905505459393	0.9813121862671451	4347.975124600519	10.805511635206202	4.187719118461435	0.05214267852415943	4.3061865497277925	0.03334159443817	4.306186549727793	0.00017759736861577835	-0.006226751443682975	False	False	False
922	4.306008583453597	0.039881275176654914	2.456735428262399	6.431763192946575	1.1682769480916684	0.4893873544159351	-0.2291130198781402	0.9975916859754757	5296.583123855171	1.2181723611727902	4.205682786178805	0.03145601591498786	4.306242265922595	0.0021886321316552052	4.306242265922595	0.000233682468998353	-0.03769264304499971	False	False	False
930	4.306013180477754	0.040465131798497526	2.878488181665186	7.230759218414166	1.0725541617418708	1.3891231001516022	-0.4753813615643806	0.9158539987113835	1232.9416649733419	0.23278057497489682	4.305260832399279	0.08452718790898481	4.300437321392914	0.0366120370245007	4.300437321392915	-0.00557585908484004	-0.0038530947739968263	False	False	False
945	4.305997789033227	0.04128321373971258	2.140087895002707	6.351291133310192	1.1134041622047646	0.6639004927843217	-0.42935533344331667	0.9507358141066484	5765.120744213678	4.6759071479171155	4.2610199091308685	0.043542262108409495	4.306249299027209	0.0011840979776234232	4.306249299027209	0.00025150999398260154	-0.04009911576208916	False	False	False
946	4.30598765704774	0.04119059461341629	3.450955924778675	6.063086547808756	1.0298225909750647	0.8322026781117319	-0.4961877659106836	0.8793655104336077	1753.4373112015953	0.30414580873461855	4.189935462939178	0.04345903212468823	4.306011390408043	8.887500808198462e-05	4.306011390408043	2.3733360302813367e-05	-0.041101719605334305	False	False	False
947	4.3059979778420825	0.04185305864167553	3.8132664936137783	5.483109044970521	1.1151381936284552	1.6241259549817206	-0.26238240218570563	0.952216503539338	9391.319474457785	5.3559482363370625	4.200898460771343	0.04252225137556853	4.306001033302232	9.995107770243093e-09	4.306001033302233	3.0554601497811973e-06	-0.04185304864656776	False	False	False
953	4.306012969859657	0.04145505776445547	3.177315564193095	5.192155720375625	1.0570538141241683	1.2087025353212812	-0.4043374492950004	0.9026182518806273	2157.536565591381	0.2297373198153232	4.228546927069607	0.03922503997794242	4.305874781868604	9.940145757285009e-09	4.305874781868603	-0.00013818799105358437	-0.04145504782430971	False	False	False
964	4.305994027399127	0.04022200778442735	2.9558926475943017	5.694322747762953	1.0425713638656469	1.7771130273292182	-0.5519222840715889	0.8902516876048758	4352.733734697599	2.0174553720736195	4.30394935330198	0.04023580094825137	4.305987930847785	9.986441421313729e-09	4.305987930847785	-6.096551341983059e-06	-0.04022199779798592	False	False	False
970	4.30600507824967	0.040270607910249785	3.3350165315478626	5.826928362928628	1.061175918040698	1.6203277589308396	-0.510985459756998	0.9061381164149521	4874.8505533688885	1.1199514719931662	4.259918559668654	0.040780035895457874	4.3059835765444285	9.996512866201187e-09	4.3059835765444285	-2.1501705241178115e-05	-0.04027059791373692	False	False	False
984	4.306002195348245	0.04141104559679876	2.5818624156412557	6.249424527986552	0.9943999982602001	1.4945578337353318	-0.7216245748119852	0.8491181585143849	5612.816611293531	1.1513822936407052	4.322025450140006	0.04149036074788173	4.306020575097658	8.30936879738721e-05	4.306020575097658	1.8379749413099944e-05	-0.041327951908824885	False	False	False
989	4.306011999730242	0.04281601577353705	2.101852782093577	6.074481676695674	1.0113870155015887	2.416968699275597	-0.767579566075969	0.8636233725368065	3679.863129369248	0.655617915961303	4.436323173571987	0.04269118948468242	4.306036689042232	1.3908892986390586e-08	4.306036689042231	2.4689311989511964e-05	-0.042816001864644064	False	False	False
991	4.306005122205004	0.04480628983868318	4.165542325473919	5.661334507923398	0.9920531405032587	3.2855960810117026	-0.7201099708081674	0.8471141766757325	7487.3994083951575	2.034695081085406	4.392273267145786	0.04725477254503305	4.306003790472775	9.966714409794923e-09	4.306003790472775	-1.3317322293815437e-06	-0.044806279871968765	False	False	False
993	4.305997191746738	0.0445202344006095	4.102180161399535	5.9326105235992	1.0113870155015887	2.416968699275597	-0.767579566075969	0.8636233725368065	12259.075003233984	1.637294117031962	4.314950199715035	0.04469308908336573	4.305998753654866	1.1435284851422648e-08	4.305998753654867	1.5619081281670333e-06	-0.04452022296532465	False	False	False
1037	4.306007047469988	0.04458636605947091	3.5903659738201665	6.1566482990334075	1.0039139874325242	2.4377029994101274	-0.7067890993080965	0.8572421538686325	4034.8002716182014	0.32912762753746166	4.34525101285805	0.044918726754143594	4.306003940184426	4.498207489657563e-08	4.306003940184426	-3.107285562187201e-06	-0.04458632107739601	False	False	False
1040	4.3060109614779485	0.04458027278473873	4.052348131013012	6.333643608285634	1.0259040263599386	2.108607832115803	-0.6412460871228084	0.8760194481087515	2547.525673329181	0.6313882972718913	4.278975409487099	0.04705553787091558	4.306011571340243	7.969547868389966e-06	4.306011571340243	6.098622948869092e-07	-0.044572303236870336	False	False	False
1065	4.3059986910314745	0.04466144150958093	4.461429767151365	5.228319661997375	1.0178736642712114	1.2020666114465213	-0.7377572713058839	0.8691623219211874	16896.455545717792	6.632496670244352	4.1823806910628765	0.03906995548416979	4.306030078358467	9.974656994877097e-09	4.306030078358468	3.13873269925935e-05	-0.04466143153492393	False	False	False
1111	4.3060108487194455	0.04409912615881688	4.196875615013901	5.1447127783164985	1.0356418970071695	2.079330458259574	-0.6070592716042209	0.884334615854422	4416.795606408242	0.26140367691066585	4.25664645969301	0.04226094560152734	4.305961587352459	9.902552248174726e-09	4.30596158735246	-4.9261366986463884e-05	-0.04409911625626463	False	False	False
1145	4.3059977962525116	0.04418298775682221	3.685556040565113	5.111354823348914	0.996743259132473	1.4845395305048037	-0.6744530114173048	0.8511190689732187	7192.3364136425125	1.6284059880894857	4.251104716110956	0.04443785925803056	4.305996919107893	9.875287808308233e-09	4.305996919107894	-8.77144618272041e-07	-0.0441829778815344	False	False	False
1181	4.306003863143669	0.04396505994143327	4.168772843427547	5.662350143128221	1.0435459577902566	4.281589620229174	-0.38871386326615665	0.8910838933571001	8426.494712350195	1.1715935167279878	4.422305565921425	0.031573029531127644	4.306003034757102	9.983558996624394e-09	4.306003034757102	-8.283865673419655e-07	-0.04396504995787428	False	False	False
1182	4.306025598731482	0.04237650115370573	4.288232516190256	5.117480395612018	1.0570372565335482	1.611604288314663	-0.2792244932555906	0.9026041133539968	218.8282964129243	0.02596907775806245	4.176306120865119	0.028204542192781207	4.306033167291601	9.860723117634959e-09	4.306033167291602	7.568560119075585e-06	-0.04237649129298261	False	False	False
1185	4.305988765723414	0.04185206347065396	2.24335075100847	5.478757939837805	1.0051490502525058	3.3859978379956974	-0.3777885158518003	0.8582967740106147	4011.8262295475015	18.333215106593308	4.5017015670518825	0.04146736909458753	4.306016700693327	9.987047264768342e-09	4.306016700693329	2.793496991326805e-05	-0.041852053483606697	False	False	False
1194	4.305992993331031	0.041570620656743607	3.6375269497352702	5.394673660689757	0.971435220876847	3.2513043063076577	-0.5056164896667794	0.8295085351067396	6820.138507461489	1.7000084543120255	4.4182781120513095	0.040395489952591346	4.3060106146403525	9.938982066226305e-09	4.306010614640352	1.7621309321924628e-05	-0.04157061071776154	False	False	False
1217	4.3060039156440375	0.04292680495087451	3.9882004727345746	5.044473942058269	0.994666404019934	2.522333225287227	-0.6421803018645162	0.8493456423926217	8125.1694424786765	1.1913496234115237	4.326174312500408	0.04265044608607008	4.30600347086627	9.934462410348734e-09	4.306003470866271	-4.447777675053999e-07	-0.0429267950164121	False	False	False
1310	4.306011258434353	0.04409729971280999	2.1969475342137468	5.339711939007163	1.0629130492305014	1.9846685239597477	-0.42814693187284564	0.9076214527379252	1955.4748805702231	0.24066881243693583	4.364583739160525	0.045050064392472784	4.30594709325788	9.951080628027553e-09	4.305947093257881	-6.41651764725637e-05	-0.044097289761729365	False	False	False
1323	4.305980138544867	0.04233249309007961	3.2678648135619994	5.489940967840708	0.9891703940287406	1.2504691709104694	-0.7570225268751034	0.8446525994611416	617.4240050295439	0.3157412100581425	4.2606602781369975	0.042721015476243976	4.305995115843792	9.9840344707787e-09	4.305995115843793	1.4977298924634397e-05	-0.042332483106045135	False	False	False
1333	4.305987510289495	0.041304007445448966	3.4901016015602684	5.675626857428285	1.0323985314228574	1.8792936074323507	-0.5219561681720675	0.8815651059819779	1856.841259681552	3.0074004971554382	4.279732645318355	0.0408129611848199	4.305961943979316	9.973951658870102e-09	4.305961943979316	-2.556631017913702e-05	-0.04130399747149731	False	False	False
1347	4.306003385982204	0.040267935302658785	3.307403985133232	5.210338511511003	1.0355250979329709	1.2287800875843993	-0.5382036347061113	0.8842348811249638	6365.403707065521	3.4280817888316353	4.234258675511268	0.04128072374954546	4.30602699440317	9.807620773089648e-09	4.30602699440317	2.3608420965715027e-05	-0.040267925495038014	False	False	False
1376	4.306001612229872	0.04074289787236887	4.040756917642493	5.548641403780207	0.9866743426285376	1.195218825412661	-0.7223513624199718	0.8425212211705082	10253.214938044694	1.6107721379342756	4.2296655077246506	0.07369040883590298	4.305976439053743	9.957050481824553e-09	4.305976439053744	-2.5173176129378305e-05	-0.04074288791531839	False	False	False
1397	4.305997767268504	0.03880248242660286	3.874910545248484	6.44579585882139	0.9506934083365324	0.15190842330351767	-0.8205147834407598	0.811797101378565	13436.253202761862	1.3104429473048946	4.150223064500902	0.04776327889902237	4.306102233403306	0.03419841094180281	4.306102233403307	0.00010446613480130651	-0.0046040714848000555	False	False	False
1433	4.3059968494328835	0.03857321058546244	4.198472504650147	5.853299885732434	0.9867205872745619	2.956322399188528	-0.5351160660152914	0.8425607094737484	8312.94524735419	0.6186951914277292	4.3533978402234395	0.047109061938831916	4.305957033621917	1.2111285297997465e-08	4.305957033621918	-3.981581096645925e-05	-0.03857319847417714	False	False	False
1434	4.306006194378655	0.03982591107293311	2.7149988325276233	5.391194340057357	0.9887542382595427	2.2236179697344434	-0.6300675816208382	0.8442972440498234	4821.754189113816	0.5800295858616974	4.376109674978604	0.03211782334719663	4.306060203407187	9.99864876844739e-09	4.306060203407187	5.4009028531254444e-05	-0.03982590107428434	False	False	False
1446	4.306002922971218	0.039216090707571045	2.240948802547827	5.6808769712313145	1.0383248845149906	1.8383999906753234	-0.5265217683803426	0.8866256188873505	4972.517049617114	1.0312672223821941	4.355252854418161	0.03844127504927586	4.3060839949608285	9.9413832196711e-09	4.306083994960829	8.107198961049278e-05	-0.03921608076618783	False	False	False
1455	4.306003016351085	0.038238976459771076	2.553740536735179	5.249912697307801	1.0911147530125211	1.9324364628556885	-0.2769240560896387	0.9317028875973918	9351.653690793371	1.8806679992205262	4.318458659969157	0.038220192515962134	4.305962668298897	9.764671694223677e-09	4.305962668298899	-4.034805218822157e-05	-0.03823896669509938	False	False	False
1460	4.3060090191020635	0.03915097733297806	2.521981897956554	5.708647358110201	1.0853032113738486	1.447351094475548	-0.3634529647988051	0.9267404121921293	3138.209476664477	0.33557802506673434	4.295597335794226	0.039195041525356265	4.316666373333657	9.975818315292647e-09	4.316666373333657	0.01065735423159353	-0.03915096735715974	False	False	False
1467	4.306002358635052	0.03888273907205201	1.5997032723448643	5.686924415395805	0.9846353479022402	3.0195306188925253	-0.6524060684006686	0.8407801235737229	6361.949681328842	2.02725462676596	4.5268810707566365	0.037163300600156816	4.305996767333687	9.99254137188412e-09	4.305996767333688	-5.591301365015511e-06	-0.03888272907951064	False	False	False
1495	4.30599215664884	0.037707394032197264	1.514568208540567	6.034395882488097	1.1078637956370598	1.8748965552043164	-0.23917059087848394	0.9460048950944854	6093.964334157184	0.9578768521294428	4.380990090516362	0.035528930366166764	4.305993265609901	1.0252165199372191e-08	4.305993265609901	1.1089610607584177e-06	-0.037707383780032064	False	False	False
1518	4.3060072655327195	0.037356175462736084	2.5519524257222375	6.074222536490357	1.0710977264281065	0.043473202997031946	-0.469572237497609	0.9146103485969601	3949.3216866056873	0.6480710207753279	4.202832621715039	0.03515851593568677	4.306017586072528	0.01826495613233049	4.306017586072528	1.0320539808539309e-05	-0.019091219330405595	False	False	False
1520	4.306000783598856	0.0373156012356216	2.189545867632717	6.060828846820232	0.981941994858023	4.100534988875211	-0.5012516120529638	0.8384802694092659	6755.652841524958	1.7105856087735463	4.579962393907767	0.02755139511793541	4.306130660522381	1.739344071061689e-08	4.306130660522383	0.000129876923525174	-0.037315583842180894	False	False	False
1524	4.3060019182415115	0.03707058589406917	3.223502531460662	5.827414737238061	0.932300959079486	4.411089646521202	-0.6981260201510217	0.7960917889579731	8723.106394640727	1.2912307069751165	4.589388052918149	0.04492535826870403	4.305933654593629	1.517206807199887e-08	4.3059336545936295	-6.82636478828158e-05	-0.037070570722001095	False	False	False
1544	4.3060109180777895	0.03494222277054192	3.659162701865989	6.141167142073267	0.9002771343147933	5.927958460405322	-0.7911868559275834	0.768746644991402	6917.942093968398	0.793059465400837	4.725300568722118	0.020869395876229213	4.305953494873876	2.5148029066856467e-08	4.305953494873875	-5.742320391366462e-05	-0.03494219762251285	False	False	False
1547	4.30601187992037	0.03354222027661759	4.085472446658837	6.09359665098756	0.8822588764517475	4.748684277583277	-0.7950534644068455	0.7533608546021472	7666.909673046117	1.1082645053838667	4.601614432975351	0.009632680119458175	4.306053442644422	2.5728999101586982e-08	4.306053442644423	4.156272405175798e-05	-0.03354219454761848	False	False	False
1555	4.305996800825992	0.0333353247634936	4.07940605337771	5.608469033972924	0.9055116390510576	5.175934396735614	-0.7018730303715812	0.7732163885856981	17953.52472143572	2.3416898707641427	4.623174782451679	0.03569841235827186	4.3060799279865485	1.3909257424776491e-08	4.3060799279865485	8.312716055680625e-05	-0.033335310854236175	False	False	False
1556	4.305998670472338	0.031693627130451055	4.348423776700489	5.403073053024558	0.9287789054787471	2.8772407679604335	-0.5531852689720446	0.7930843073883022	30637.592409987003	1.7064945677996626	4.35782502560224	0.03054030898768177	4.306018220576799	9.997168326207217e-09	4.306018220576801	1.9550104461529827e-05	-0.031693617133282725	False	False	False
1593	4.305996659056192	0.030851611297406586	3.9961786594417834	5.704892832525111	1.0627860192179797	3.243262957738308	-0.1780456534734731	0.9075129818102329	30571.603148596147	0.997846134235752	4.323387032187414	0.030907649810256014	4.306009873442262	9.92894343837822e-09	4.306009873442264	1.321438606982639e-05	-0.030851601368463148	False	False	False
1651	4.306011192409904	0.030462421943946282	4.395706019326371	6.022209734857624	0.9417931081960009	4.187179144354184	-0.6353590150470282	0.8041971350885652	5186.1653819500925	0.16963995498509676	4.483954887886163	0.04164942162547511	4.306017147838845	1.846963661757844e-08	4.306017147838847	5.9554289411067884e-06	-0.030462403474309663	False	False	False
1652	4.305996075946214	0.02966990473717787	2.807426875649605	5.9793103038387985	0.9080205711356218	5.952543208827701	-0.670706804798716	0.7753587656927075	10313.589167537362	1.9886734047149235	4.764085094573093	0.004677204742991465	4.306054673536112	2.428555881331151e-08	4.306054673536113	5.8597589897679825e-05	-0.029669880451619057	False	False	False
1674	4.306019508651924	0.030605737914523878	1.9986877324283845	5.53520757108181	0.913248669149077	3.7923876579008025	-0.6466730652101683	0.7798230385863968	991.6369302014962	0.09614857777375238	4.606769721312423	0.01612218156217221	4.306031391520687	9.998959779629573e-09	4.306031391520688	1.1882868762747023e-05	-0.0306057279155641	False	False	False
1678	4.305987653344737	0.03207068710045918	1.8863210548655305	6.042939739382062	0.9333103822438457	5.244409684692234	-0.5310515476366952	0.7969537353980198	5072.4100425651595	5.115188722887185	4.852429597667714	0.12906150787924725	4.306021217664902	2.0122718009530124e-08	4.306021217664902	3.356432016499156e-05	-0.03207066697774117	False	False	False
