Iteration_step	Porb	eccentricity	Wdisk	logQ	primary_mass	age	feh	secondary_mass	posterior_probability	acceptance_ratio	inital_orbital_period	initial_eccentricity	current_orbital_period	current_eccentricity	current_spin	delta_e	delta_p	bad_solution_flag	gsl_flag	
2	17.03108475454295	0.1435943820099621	4.28151200370547	7.87422057354644	0.912914291548393	6.354605032686058	-0.16804696553252796	0.6562027927649848	1.1096338936598182e-17	1.5071852964196757e-19	17.03942118982149	0.1437523915373279	17.031084754512992	0.14359438200872748	21.660109218957313	-2.9956481739645824e-11	-1.2346235145344053e-12	False	False
6	17.030906741414867	0.13987691356501286	3.9861334705888884	6.599650971002679	0.8089185841805795	5.241238050880514	-0.4794654745972467	0.5814506783090005	3.6390740183683112	0.08079632884738801	17.062328381344404	0.14140589430085954	17.03090674142759	0.1398769135667847	17.03090674142759	1.2722267683784594e-11	1.771832680574903e-12	False	False
9	17.03081305477602	0.14529252390995412	4.512184354438306	6.294193494464142	0.813540206872931	3.830965900932494	-0.3459717510880309	0.5847727007002629	0.0	0.0	17.0483169142326	0.14751338441316147	17.030812562135637	0.14529248864687158	17.03081256213564	-4.926403818217295e-07	-3.5263082537317914e-08	False	False
12	17.030978524234182	0.13975508484245175	3.1888446869458744	5.632858695410612	0.8450149447379325	5.984283618563399	-0.2338434990166312	0.6073967422776259	5.787022854799387	0.0704024918433701	17.167968628062745	0.16213818478817446	17.030978524639334	0.13975508485673124	17.030978524639337	4.0515146793040913e-10	1.4279494253699454e-11	False	False
15	17.03116359409183	0.1418156286029507	3.041257876324818	6.087802899371703	0.8488319015156915	4.4935782822712556	-0.472714234163939	0.610140370809479	3.398754042354541	0.04197651985508784	17.06198462783867	0.14709765952398757	17.031163593364333	0.14181562857050087	17.031163593364337	-7.274962854353362e-10	-3.2449820608349e-11	False	False
16	17.030964690898877	0.14039258227229306	3.4026928568347494	5.6347090970946585	0.721495781012922	4.910973138437154	-0.7654167114506394	0.5186111673920883	51.280992113293586	0.6333490322650781	17.094033851639026	0.1497654573861244	17.030964690589126	0.14039258226053367	17.03096469058913	-3.097504475135793e-10	-1.1759399010102811e-11	False	False
23	17.030843141801395	0.1402452138083999	2.904945158624794	6.258022190997009	0.9351895226739219	5.721249386887882	0.13164012412521628	0.6722142288980151	0.8515667118969434	0.04459420826664533	17.0686365385622	0.14630896522118794	17.03084314249658	0.14024521385589808	17.03084314249658	6.951843545266456e-10	4.749817206217699e-11	False	False
24	17.03090279088818	0.14178409958167645	3.38432763462716	7.981078646930602	0.8283814190111363	4.318840569560703	-0.255425115883542	0.5954405639852047	1.072881247374382e-93	5.6183842231472205e-95	17.03322810041163	0.1418330326399108	17.030902790884042	0.14178409958177468	26.93834286612175	-4.1389114358025836e-12	9.822698210371072e-14	False	False
27	17.030945756939218	0.14056567574116308	2.96652703922141	8.099372255758801	0.9337178477431646	7.73334791113275	-0.05763562242365372	0.6711563889577867	1.2986476519280872e-44	2.3605764978795555e-46	17.03829657716432	0.14069724640021175	17.030945756907435	0.14056567573963713	24.054759265975374	-3.178257657054928e-11	-1.5259460361960464e-12	False	False
29	17.031045175442145	0.14362955983592401	3.5873857305392796	6.740726013799931	1.0633705779465115	5.980665654938765	0.04539105317449921	0.7643507714279524	16.353323531349037	0.22568896076136213	17.061813400354318	0.14799691598806336	17.03104517607411	0.14362955986053536	17.03104517607411	6.319638146123907e-10	2.4611340743163623e-11	False	False
31	17.031179408426784	0.1410192843332132	4.249285468888442	7.447234609726675	1.078557413351724	5.315124071029204	0.22940843740656203	0.7752670687172192	1.1563027692003998	0.014161459574680787	17.043499990297136	0.14156927727934482	17.031179408027892	0.1410192843167378	17.031179408027896	-3.9889158642836264e-10	-1.647540437410555e-11	False	False
34	17.030985555040072	0.1418330450037001	4.81046139326092	5.900633008341641	0.8685932843843858	3.5946581586140254	-0.05552618051650654	0.6243448528154965	0.0	0.0	17.042154532519167	0.14808266932692693	17.03098555380807	0.14183304490858017	17.030985553808073	-1.2320029441070801e-09	-9.511991194699476e-11	False	False
35	17.0309530490644	0.14056654507675	3.8458280767531416	5.530520065259476	0.9477616596215748	2.534228022276593	-0.1696525760097235	0.681251080935988	20.407089696020247	0.41894391462080693	17.020411491870174	0.1545999484205622	17.030953050376084	0.14056654512636638	17.03095305037609	1.3116832064952177e-09	4.961636657085933e-11	False	False
36	17.03092298200427	0.14044639420397276	3.777598039235212	5.3309717895471	0.9099360398600649	3.7836364928956954	-0.2690838672791387	0.6540620254514147	11.034088144381503	0.2265224561824573	17.078123647463954	0.14117272660203	17.031108543245043	0.11357490368524169	17.031108543245047	0.0001855612407730689	-0.02687149051873107	False	False
37	17.030849151138437	0.14086306653100344	3.836488211870714	5.419116425982503	0.9992530708880087	2.793791417115441	0.1925601610888708	0.7182631073543007	3.4049044472362096	0.06990041300759896	17.002784184025973	0.1424880668507637	17.030226233648197	0.12263443504419735	17.030226233648197	-0.0006229174902401269	-0.01822863148680609	False	False
38	17.030912535458643	0.14028849834194673	4.030682629674355	6.122419864480426	1.1305530706540703	3.880082911106732	0.15774536894286265	0.8126415471861457	9.214624815184276	0.18917008987264758	17.046156423639275	0.15207996276255897	17.03091253439389	0.14028849831812504	17.030912534393895	-1.064751842250189e-09	-2.382169461689898e-11	False	False
39	17.03090482360787	0.14071163353116042	5.231089922540258	7.3123587561176135	1.0406379472290936	5.2427765392535415	-0.022485186888137332	0.7480105564682725	0.0	0.0	17.04627618962843	0.14148030916599263	17.030904822858695	0.1407116335002892	17.030904822858698	-7.491749443033768e-10	-3.0871222245210106e-11	False	False
41	17.03094269221777	0.1425927046211524	3.4737452208661503	6.145342039820959	0.8947728933157847	2.6699213566167477	-0.2010241580341566	0.6431627557153861	41.51368007045308	0.49381919458366047	17.025007026096713	0.14520547946187565	17.030942692345537	0.14259270462632698	17.03094269234554	1.2776624203070241e-10	5.174582984324161e-12	False	False
42	17.031019338135312	0.14002544757996835	5.097232535635936	6.1546236004508845	0.9491777682530117	2.4696876711043294	0.1823539098975047	0.6822689798202648	0.0	0.0	17.011680666237297	0.1424247228673489	17.031019339821583	0.14002544767817857	17.031019339821583	1.6862706786469062e-09	9.821021773603889e-11	False	False
43	17.03112571084399	0.1408403161850934	4.362703908503251	6.633241898296285	1.0269236721436183	2.8278723785880624	0.07362199395596769	0.7381527355368329	6.407937943262219	0.07622457822851578	17.022655815884782	0.14210176776215105	17.03112571214141	0.1408403162387806	17.031125712141414	1.2974190610748337e-09	5.368719357967677e-11	False	False
47	17.03075572673223	0.13876199322342575	4.673956375158358	5.82928362907577	0.963031844999624	4.480013612849818	0.025815018772007023	0.6922272901857297	0.0	0.0	17.079217804915036	0.15328790573608042	17.030755727118496	0.13876199322618799	17.030755727118503	3.8626524201390566e-10	2.7622348852673895e-12	False	False
48	17.03092687949401	0.1424721829886392	4.038568957051576	6.257711666216984	0.9885691348366908	3.1715931993815483	0.00022638210233649758	0.7105834941206134	37.986738885663236	0.4314110327761133	17.02631993157624	0.14602061544402387	17.03092687937516	0.14247218297864858	17.03092687937516	-1.1885248341059196e-10	-9.990619442845627e-12	False	False
50	17.03095483362538	0.14089953093706864	2.3487690780842287	6.653514475143314	1.0532517047345977	2.5592054452849338	0.16141227420713683	0.7570773253632288	46.1096729670241	0.3912706898935232	17.01958447048034	0.14199559791330255	17.03095483366309	0.14089953093769678	17.03095483366309	3.770850298678852e-11	6.281364317572979e-13	False	False
51	17.03121369491451	0.1428008257198675	3.448686461958629	5.74696915004085	1.0415909588958556	2.7566301504957167	0.12944688904249543	0.748695581254341	0.230511571379883	0.0019560412329696886	17.022953995471823	0.15530801402132233	17.031213695635948	0.1428008257125018	17.031213695635948	7.214389086129813e-10	-7.365691390148754e-12	False	False
53	17.03102002457085	0.14016107774608016	3.7104530138150533	5.83516294120018	1.0429047094120214	4.555707697954668	0.21266048882005675	0.7496399051253609	19.50797184211525	0.275352499460791	17.101078433662664	0.1595708010921622	17.031020023407525	0.14016107765904082	17.03102002340752	-1.1633254359821876e-09	-8.703934795128987e-11	False	False
55	17.031084503466648	0.14103659718669667	3.3482769838064796	5.313543549891236	0.9510662921779119	4.458212579823685	-0.06712524717437879	0.6836264508174831	15.347507407201574	0.19854507825566017	17.031084503466648	0.14103659718669667	16.94054500657592	0.10199254156556342	16.940545006575924	-0.09053949689072738	-0.03904405562113325	False	False
56	17.0310916638827	0.13950043473619594	3.6920682331754886	5.544108490993542	1.0663902965874792	5.745653885999917	0.19240847246711384	0.76652134518708	1.4934728845338758	0.019320511328982763	17.49372898588477	0.20368496940494255	17.028957210694468	0.13534273418930037	17.028957210694475	-0.002134453188233465	-0.004157700546895571	False	False
57	17.03113813836301	0.13997475669479395	3.14245375022592	5.821865318187823	0.946178483429662	5.178197417257397	-0.034581093094181975	0.680113093889241	0.8866785867557782	0.011470635897034166	17.11785127212798	0.1576248096063693	17.03113813869778	0.13997475670518875	17.03113813869778	3.347722099533712e-10	1.0394796134960416e-11	False	False
58	17.031095385491092	0.14089754907865762	4.067590236885165	6.580753832221784	0.9551278217288153	4.2858521877813205	-0.17689539521385267	0.6865458782586724	13.10708819280267	0.1695615960232562	17.043748346566957	0.1431884577185071	17.031095385307616	0.14089754906579416	17.03109538530762	-1.8347634522797307e-10	-1.2863460296941298e-11	False	False
62	17.031145331340063	0.14322735826449284	2.6273441885882862	7.100659722114834	0.9099360398600649	3.7836364928956954	-0.2690838672791387	0.6540620254514147	2.547537670054759	0.11572317430855986	17.04259727540455	0.14368394423938277	17.031145464153386	0.14322736639551584	17.031145464153386	1.3281332300607573e-07	8.131022993795867e-09	False	False
63	17.031133914564325	0.1465003880928777	2.4219212438207762	6.546509676443766	0.9314852859286162	4.214145556788829	-0.1014586511173268	0.6695516235254894	0.00031764138942027767	1.442901916920656e-05	17.046382281830034	0.1487504218918619	17.03113391520077	0.14650038811901384	17.031133915200776	6.364437865613581e-10	2.613614880075943e-11	False	False
64	17.031031902068644	0.1444040068382841	2.876930969896449	7.693638265947987	0.8357461529688536	4.597678499843499	-0.4207450441262244	0.600734334754012	1.7247473993046997e-30	7.834751425822207e-32	17.036568269796657	0.14451634144303221	17.03103190205513	0.1444040068378163	22.896189107461005	-1.3514522834157106e-11	-4.678202270014253e-13	False	False
66	17.031081688955073	0.14377554446487598	2.2237334583708472	6.442269853704029	0.8123866761786248	3.77485156721853	-0.1623626279410775	0.5839435428371955	6.786224729493586	0.23095946444974422	17.04777080278927	0.14526400467484038	17.03108168932642	0.14377554448557486	17.031081689326427	3.7134739727662236e-10	2.0698887048808956e-11	False	False
69	17.031023483366717	0.1440949314300129	3.1857837783476026	4.643802513825115	0.9421672800942626	3.2345365235850547	-0.10391072868697107	0.677229840931756	0.0	0.0	17.494826739487102	0.20617491264240453	16.988249644108908	0.0764722942772262	16.98824964410891	-0.04277383925780853	-0.0676226371527867	False	False
71	17.03114305370746	0.1432603329273137	2.9862289110333133	6.40564747167967	0.9931480844486213	3.7122400668703266	0.003473628973992421	0.713874843101669	2.8299226943135944	0.054055253903702076	17.036676530647956	0.1464910317070069	17.031143052957958	0.1432603328910396	17.031143052957965	-7.495017939618265e-10	-3.6274094838972815e-11	False	False
73	17.03111341560786	0.14375489212858897	2.1580211355703205	5.843480098482802	0.8045882119643026	4.79644384435965	-0.36795829594126306	0.5783380067599407	3.680268258106254	0.1984340520890465	17.084388697285963	0.15237838433725792	17.031112288835853	0.1437547994334796	17.031112288835853	-1.1267720054775054e-06	-9.269510936604775e-08	False	False
75	17.03115264135968	0.14260087403162974	2.3149161513542866	5.413918074360649	1.0593685802377033	4.364917407901931	0.11191145533213329	0.7614741354748611	4.099353452943947	0.3531256021956659	17.363487632126088	0.189677191484836	17.02934359603421	0.1292328483159464	17.029343596034213	-0.0018090453254693273	-0.013368025715683352	False	False
76	17.031144903337097	0.1404585043003048	2.1633729919649003	5.186638962793533	0.9863564818666438	3.512290967914231	-0.04705327188931248	0.7089930391657435	1.7080502946088691	0.14713449225293937	17.37052640218114	0.19625801836826087	17.030366690688826	0.1332965077512261	17.03036669068883	-0.0007782126482709373	-0.007161996549078703	False	False
78	17.03109493063537	0.14150854509638816	3.113401310579461	4.6748123062334725	0.8682745846192718	3.3028495941857168	-0.33933232542226033	0.6241157714243325	0.0	0.0	17.074190269027277	0.14154670445919607	17.03195136858821	0.07005718356403942	17.031951368588214	0.0008564379528408494	-0.07145136153234874	False	False
79	17.031007062673538	0.14064661423491812	2.158462663673386	4.819475083805889	0.7962919828630156	3.0898707743971827	-0.3775484328158325	0.5723746772819356	0.0	0.0	17.38134751506006	0.20425809379666093	17.031007062216215	0.14064661424277314	17.031007062216215	-4.573230683035945e-10	7.855022188252292e-12	False	False
80	17.031020233163783	0.14216060713203862	2.157423414422948	5.030269751449223	0.8700513364917544	2.9670909953196776	-0.3570779979395906	0.6253929006702731	nan	0.0	nan	nan	17.031020233163783	0.14216060713203862	nan	nan	nan	False	True
82	17.031017816155234	0.1418715682657023	2.02782391940335	4.96502009523472	0.7417735098288758	2.6524059896282632	-0.5772918634164295	0.5331867988649959	0.0	0.0	17.10292418140082	0.1684401980171519	17.0310178160707	0.14187156826484293	17.0310178160707	-8.453326927337912e-11	-8.593681322111024e-13	False	False
84	17.03087744706724	0.14346273914285781	2.360656205857057	5.085495837822589	0.7911029646306866	3.1868771812888834	-0.5794119689045371	0.5686448109765375	5.936506555440175	0.04551242053503196	17.161666241052078	0.17496214422301937	17.030879931860984	0.14346294127955414	17.030879931860984	2.484793743207092e-06	2.021366963256277e-07	False	False
85	17.03095450467576	0.1434991207798032	3.3876373111418228	5.681161081050152	0.7682582665298142	3.251251754164425	-0.6283834818573303	0.5522240419816304	32.68541933941739	0.25058383014438196	17.049491162740946	0.14986916853128573	17.03095450501511	0.1434991208199489	17.03095450501511	3.3935165788534505e-10	4.0145692326021276e-11	False	False
86	17.031096606236744	0.14064518847259805	2.6246282812216655	5.748389968944209	0.7950168435794064	2.923084552893579	-0.36989601739899425	0.5714581071648773	10.038640844221925	0.07696156644242094	17.03722449872862	0.14593267930847506	17.03109660670246	0.14064518850864335	17.031096606702462	4.657145780129213e-10	3.6045305629173185e-11	False	False
87	17.031021120112875	0.1448181688805297	2.7032370144084177	6.057220823768224	0.7941616377341923	2.857213286247567	-0.4343129338976029	0.5708433852033374	1.560367244207198	0.011962606213643989	17.037212154441892	0.1472891640111901	17.0310211201345	0.14481816890643395	17.0310211201345	2.162536816285865e-11	2.590425096649085e-11	False	False
89	17.03096321622205	0.14393465485942628	2.4293044121433405	4.6109369857766955	0.7210551445917964	2.316803553901061	-0.72709462174453	0.5182944379325832	0.0	0.0	17.2411981937026	0.19579224200806086	17.03097294440564	0.14393542710344867	17.030972944405644	9.72818358846439e-06	7.722440223956184e-07	False	False
90	17.031022987424	0.14357778428083665	3.375064505880686	5.446588376994789	0.7936561416150307	4.329057774915313	-0.4068995030357411	0.5704800345928841	24.57690939969018	0.255104644284517	17.122402369818943	0.1625838094519416	17.03102298791045	0.14357778430804596	17.03102298791045	4.864517677560798e-10	2.720931813193772e-11	False	False
92	17.03092361908277	0.1447713228910199	2.4246150530857236	5.277060360811836	0.8024531747803998	3.0744436044689465	-0.5411311143989378	0.5768033420321513	1.0849503653251444	0.009838750965482163	17.09302664949293	0.16436300008376395	17.030923619003893	0.14477132289528388	17.030923619003897	-7.887734909672872e-11	4.2639780595266075e-12	False	False
93	17.03082635995911	0.1428184671719561	3.3150492526284756	6.400519588398824	0.7833500742716747	1.370458949659643	-0.643532394214302	0.5630720333864797	2.213881303548198	0.020076334834193115	17.02329069687252	0.14308888270359077	17.030826359764315	0.14281846716075866	17.03082635976432	-1.9479529100863147e-10	-1.1197431870613173e-11	False	False
95	17.030941980805245	0.145169288522309	3.58750701988002	4.827130030656262	0.7134237083555266	0.047839003121070034	-0.5586035740101063	0.5128089615659525	0.0	0.0	16.877099672722935	0.14333336377241038	17.030941980805252	0.14516928852230918	1.4945949654657966	7.105427357601002e-15	1.6653345369377348e-16	False	False
96	17.030946067156297	0.14225769157977808	3.5185427684828907	6.06178208583213	0.808705235763861	0.33329202375606126	-0.552417910456922	0.5812973234670633	2.5483544616988994e-109	2.125547692725032e-111	17.005577331248944	0.14200506732769902	17.03094606715101	0.14225769157990467	7.3730007016970225	-5.286437954055145e-12	1.2659318038288347e-13	False	False
97	17.03090195558058	0.14130644814253648	2.751975958837193	5.972760608613499	0.8932624910683306	0.33813792910486973	-0.3414992625722961	0.642077078579916	8.075480170924736e-103	6.735647847636011e-105	16.9882752629548	0.14088268609260846	17.030901955489856	0.1413064481384269	7.7021619669240025	-9.072209650184959e-11	-4.109573792376864e-12	False	False
98	17.030869132411997	0.14246061939650553	3.380000278931825	6.087772271913075	0.8255181041381632	1.3327929807967454	-0.38858353294452597	0.5933824132545117	9.608448072133434	0.08014275461811562	17.009359280799757	0.14318197273697372	17.030869132328394	0.14246061938961838	17.030869132328394	-8.360245828953339e-11	-6.887157510959696e-12	False	False
100	17.03098967519912	0.14369455117288146	1.8415380504415642	4.92810100233013	0.7026146257206968	1.3161278525542381	-0.8582803099965316	0.5050393929680368	0.0	0.0	16.97302306257309	0.15310549701048123	17.030989676028046	0.14369455118534197	17.030989676028053	8.289262609650905e-10	1.2460504850153598e-11	False	False
101	17.031084281819656	0.1443191553532895	3.0117951916121193	6.01520392213648	0.7768432698636585	1.1447848964404657	-0.6239287509135526	0.5583949423779977	3.923635547347873	0.058670141156111355	17.01051467496672	0.1448514472970165	17.03108428149122	0.1443191553289333	17.031084281491225	-3.284341687503911e-10	-2.4356211492104762e-11	False	False
102	17.03091320912457	0.14262645430218848	2.8686963551631313	5.422926157747057	0.7596624533727739	2.110819039534271	-0.483304414952912	0.54604537148435	29.65759193075875	0.4434701143698487	17.013631585659063	0.1492810887147204	17.03091342242921	0.14262647188562308	17.03091342242921	2.133046415053741e-07	1.758343459723477e-08	False	False
103	17.031031460216884	0.14289413477747517	1.8699158461704597	5.58066554625189	0.9154838270203055	2.164480845792675	-0.16568215120992097	0.6580497748621956	45.18856629123947	0.6757048484641675	17.014461571699506	0.15197709223622421	17.03103146065008	0.14289413478586294	17.03103146065008	4.331965897108603e-10	8.387762706618673e-12	False	False
107	17.031151730021094	0.1408227930800035	3.526005000863022	7.295399359874418	0.7256722181537938	2.738689800197589	-0.7362228248577967	0.5216131904089469	2.871690134470509e-22	4.57669175798093e-24	17.034609351636767	0.14090448871122083	17.03115173002144	0.1408227930777365	22.124211494917816	3.446132268436486e-13	-2.2669921495577228e-12	False	False
110	17.031117140353324	0.14065091346998146	3.2377155734516117	7.659061813815841	0.8123866761786248	3.77485156721853	-0.1623626279410775	0.5839435428371955	5.743753323609265e-36	9.869593047203578e-38	17.03464688042033	0.14072966944242496	17.031117140356873	0.14065091347002454	23.35984389376206	3.5491609651217004e-12	4.3076653355456074e-14	False	False
111	17.031066871102496	0.14235660454482224	2.87377892894551	7.853826776878171	0.7876140452158382	2.1773119781315464	-0.31391821301855916	0.5661369757011445	8.786697092122192e-25	1.5098337209544226e-26	17.03152217266969	0.14237714101571117	17.031066871130477	0.1423566045462477	22.46535888740143	2.7981172934232745e-11	1.4254708524674697e-12	False	False
112	17.031051653456263	0.1407184359088682	2.379578816089681	7.847923163524433	0.9266239671418043	3.903624779961292	-0.20357709778216043	0.6660573075815289	2.328750570874009e-12	4.0015333437973773e-14	17.034514340506913	0.14080242675600235	17.031051653466804	0.14071843590948366	21.066145170754677	1.0540901485001086e-11	6.154521337009555e-13	False	False
113	17.031011969161906	0.14422248935044826	2.674651460162876	6.913092249636961	0.9292668362786264	2.429534846958042	-0.05145531720764904	0.6679570019170766	6.672692250345273	0.11465805254803975	17.031168199922508	0.14458881680439792	17.031011968858966	0.14422248933806034	17.03101196885897	-3.029398953913187e-10	-1.2387924019918728e-11	False	False
114	17.031115542182274	0.1422417312398755	3.0855896573042276	7.723406516331414	0.9638892415289959	1.5722737956763249	0.05812058947181942	0.6928435868110423	5.846516746299583	0.10046173256162462	17.029157295511094	0.1422575247254734	17.031115542078773	0.14224173123659795	16.697791525146354	-1.03501207604495e-10	-3.277544902147156e-12	False	False
115	17.0309734872869	0.14241683301155605	3.8268056650269897	7.881192848983167	0.9454418075219626	3.4363309596942297	0.06443114826988885	0.6795835712467867	2.38683219570669e-09	4.101336028265501e-11	17.03291505369854	0.14247905466486457	17.03097348726433	0.14241683301097915	20.71605743891606	-2.2570390001419582e-11	-5.76899639170847e-13	False	False
118	17.030887065142117	0.14459942180571028	4.20894081397924	7.655997097904921	0.911317138180884	3.36244019645489	-0.18579382643662448	0.6550547589244194	0.0002786744485754597	4.1129839844022184e-06	17.03442159012938	0.14469816225135332	17.030887065223112	0.14459942180954005	19.36430858296215	8.099476644929382e-11	3.829769834595709e-12	False	False
120	17.031114749340844	0.1406505317374797	2.1963651201950576	5.901263122956783	0.7370231135671528	4.212367669478923	-0.5237087373276691	0.5297722140320694	8.527615619460587	0.11269358179922531	17.064810072677698	0.14517429946962235	17.031114749668422	0.1406505317420407	17.031114749668426	3.275779647538002e-10	4.5609904741894525e-12	False	False
121	17.030981653291956	0.14178820107130743	4.25794579551171	7.373163312380627	0.7692840122980796	4.714896165247946	-0.4758455357648071	0.5529613480398596	2.1200550319408597e-13	2.80168110081865e-15	17.04032803606629	0.14196663918445077	17.03098165337304	0.1417882010730584	21.277898133167536	8.108358429126383e-11	1.75096048771195e-12	False	False
122	17.03105307334309	0.14352464217350483	3.850531058220063	6.085676153657131	0.7924562647233433	2.625868142489978	-0.4525457560325677	0.5696175630831392	19.480956777507398	0.2574434512647594	17.032461120834682	0.145505130052688	17.031053072649616	0.14352464213837357	17.031053072649616	-6.934754992471426e-10	-3.5131259012999294e-11	False	False
123	17.03089759123504	0.14056794112495288	4.403441406571785	6.379582886613909	0.7936286700881735	2.487836633328393	-0.4026004147422771	0.5704602880593791	7.957303145274497	0.10515682611875832	17.033585302828197	0.14142811621152868	17.030897591123637	0.14056794111661017	17.030897591123637	-1.1140244282614731e-10	-8.342715407394508e-12	False	False
124	17.031020055726465	0.1426219446929742	4.400853284442106	7.74148699807302	0.9292668362786264	2.429534846958042	-0.05145531720764904	0.6679570019170766	1.2932849181573096	0.01709093329458537	17.031434326425174	0.14266777916208184	17.031020055630574	0.14262194468793982	18.900499377749277	-9.589129490450432e-11	-5.034389571889619e-12	False	False
125	17.03092860243459	0.14134830641479565	3.197149282348371	6.6180210343518295	0.8700533748947153	3.3114823569288747	-0.24472171813895924	0.6253943658743214	32.38027964696345	0.42790972950862044	17.03938787677232	0.1423497641608975	17.03092860358162	0.14134830648968444	17.03092860358162	1.1470326910512085e-09	7.4888789614036e-11	False	False
126	17.030954755931244	0.14081271722871738	3.556731010485911	6.548202562283065	0.9718705273259601	2.8728260964570307	-0.09284593843019774	0.6985805350419001	29.549869187088184	0.39050547644198036	17.02663458590183	0.14220947324495137	17.030954756600735	0.1408127172613198	17.030954756600735	6.694911292015604e-10	3.260242076308373e-11	False	False
127	17.03084027923516	0.1423893838459021	3.5820182256518343	6.812544940005567	0.79488631787223	2.6376170571711866	-0.45433590736021545	0.5713642852865589	3.2869677583607797	0.04343771887453784	17.038577691778634	0.1427201371902303	17.03084027915883	0.1423893838446196	17.03084027915883	-7.633005338902876e-11	-1.2825018824713652e-12	False	False
128	17.031118830673158	0.14179780384827195	3.864568612927465	7.005165587002965	0.9616868147626088	3.7261575124789257	-0.06759064314237534	0.6912604824513632	12.89522381399839	0.1704121086773454	17.03946807516043	0.14244645474422576	17.031118830645994	0.1417978038470627	17.031118830645994	-2.716404878810863e-11	-1.2092549184217205e-12	False	False
129	17.030912464209568	0.14035533240661605	3.7325077802764546	6.76912594512114	0.8683183584777435	3.1431822774633975	-0.2769216633835033	0.6241472360738021	7.547494207085331	0.09974114614926224	17.038797280207238	0.1409823483414197	17.030912464578712	0.14035533242900486	17.030912464578712	3.6914471479576605e-10	2.2388813025742138e-11	False	False
131	17.03104957322951	0.141353480798198	4.705219780691268	6.1130257131904235	0.9616868147626088	3.7261575124789257	-0.06759064314237534	0.6912604824513632	0.0	0.0	17.039316078139745	0.14716904074701098	17.031049573532993	0.1413534807531475	17.031049573532993	3.034834605841752e-10	-4.505051887093714e-11	False	False
132	17.03100093037382	0.14207135296751308	4.66483396159108	6.648334951225141	0.9930248304530276	3.8701996666327503	-0.04581815344881379	0.7137862481296362	0.0	0.0	17.036477474697797	0.14395599872243542	17.031000929862937	0.14207135294733547	17.03100092986294	-5.108837797251908e-10	-2.017760958317183e-11	False	False
133	17.03110483707407	0.1420234165010758	4.175944789204007	7.413124220409069	0.7902668541824784	3.6614444539818165	-0.43000913850399863	0.5680438147863655	4.5385331021645065e-12	6.386906326767443e-14	17.036934900082098	0.14214888349956303	17.03110483703936	0.1420234164996013	21.02477611938591	-3.4710012641880894e-11	-1.474514954580286e-12	False	False
134	17.03109991236724	0.14179096833143842	4.4622583505814175	6.9351615880839	0.8440490361565923	3.3061051831482713	-0.29253205087969647	0.6067024471893585	21.622063223977023	0.30427913445673255	17.041785740656685	0.14220216673218783	17.031099912432463	0.1417909683347983	17.031099912432467	6.52242704290984e-11	3.3598679394231112e-12	False	False
135	17.03104017522608	0.1409343348748301	3.875762856504745	5.802937048386408	0.8854784409140632	3.5494864286501238	-0.2638702506262848	0.6364819033290287	35.75275062247725	0.5031349645574574	17.04965452860654	0.14968883550707357	17.031040175748466	0.14093433490078264	17.031040175748462	5.223839139034681e-10	2.5952545668062044e-11	False	False
138	17.03110939388199	0.14069003906620836	5.332035490591697	7.778996167289653	0.8186271182144491	3.6225403308336905	-0.13086229321557097	0.588429172572546	0.0	0.0	17.033500554787107	0.14074657695827547	17.031109393910874	0.14069003906730018	24.21843971125187	2.8883562208648073e-11	1.0918210779919946e-12	False	False
140	17.030860003050407	0.13967544888498437	3.4517140353534757	6.289472757592095	0.9994734422117559	5.162920484350526	-0.09398209834066618	0.7184215102618101	0.42406452740180134	0.015352623612202708	17.06642272760446	0.14721147612665922	17.030860002976382	0.13967544888699282	17.03086000297639	-7.402434221148724e-11	2.0084489626981394e-12	False	False
141	17.030902586648953	0.1392503343136926	3.4823503141019136	6.26540525992924	0.9994734422117559	5.162920484350526	-0.09398209834066618	0.7184215102618101	0.5175355739044084	0.01873660341448769	17.067846317531206	0.14721292479313133	17.03090258785127	0.13925033436852025	17.030902587851273	1.2023164686070231e-09	5.482764242614735e-11	False	False
143	17.030873967711617	0.13909102915349897	3.8224287312255925	7.7511250182687155	0.9454418075219626	3.4363309596942297	0.06443114826988885	0.6795835712467867	6.197122784490384e-06	5.012339929059266e-07	17.03351879038206	0.13917264684213415	17.030873967775737	0.13909102915664104	19.646460649380636	6.411937647499144e-11	3.142069937567271e-12	False	False
144	17.031060809289038	0.13904575712058137	3.193424102715534	7.851283875328876	0.8834188957498028	4.004300695932586	-0.16786845455246985	0.6350015022649582	7.661488794098243e-32	6.196744446440189e-33	17.03414834956731	0.13911653211114677	17.03106080927887	0.13904575712049144	22.9374136947677	-1.0167866548727034e-11	-8.992806499463768e-14	False	False
147	17.03086598803334	0.1425352662944499	2.043507176992492	6.766128092096558	1.0889733185069137	2.3461076987961595	0.1459814391042861	0.7827540213427696	9.627063566914249	0.17621865791713653	17.017624242322974	0.14336207661231198	17.030865989342587	0.14253526636582142	17.030865989342587	1.3092460449115606e-09	7.137151980529666e-11	False	False
148	17.03083701722467	0.14287290202714983	1.9123527175768835	6.75913816444241	0.9063607703027718	2.7498947572984287	-0.041224677421044215	0.6514921216936324	1.9140016920528835	0.03503485845713559	17.03346306742387	0.14348139514686703	17.030837016681563	0.14287290200217378	17.03083701668156	-5.431068927919114e-10	-2.4976049006752987e-11	False	False
150	17.03090828845349	0.13963172901848026	2.6084853136354296	7.229308555091255	0.9550112228177547	2.555874404509092	-0.0595595232546042	0.6864620669614021	1.662347056395696	0.05490432731338286	17.032460794748534	0.13982230954028044	17.030908288560738	0.13963172902616464	17.030908288560735	1.0724932053562952e-10	7.684380909367405e-12	False	False
153	17.0309785099327	0.1420280866543321	1.379699088737525	8.759639639224	0.9932442420692416	1.2572534415995205	-0.2577463110225387	0.7139439611993709	1.2517024469271564e-15	1.5655123597944655e-17	17.0307476550839	0.14202798155450463	17.030978509937174	0.14202808665453293	13.550943427872108	4.472866521609831e-12	2.0083934515469082e-13	False	False
154	17.031079205313844	0.1417200598931425	1.836343174366055	8.511625928057923	0.835176283629299	2.7535919108001714	-0.4583226229879528	0.6003247126727401	1.2270179671031948e-65	1.534639320954942e-67	17.0313295121981	0.14172788534421685	17.031079205313276	0.14172005989316397	25.436871396575548	-5.684341886080801e-13	2.145505995088115e-14	False	False
155	17.030983224622513	0.14157767540051808	2.097899265958449	8.054685690732443	0.9278221393035221	1.2616707435313832	-0.21186479562719107	0.6669185537313717	2.516477468425225e-05	3.1473746732982483e-07	17.03019278092823	0.14158019766830854	17.03098322461658	0.1415776754001714	15.032388033696124	-5.9330318435968366e-12	-3.4666713943920513e-13	False	False
156	17.03109733840129	0.141857645443466	1.012645404302127	8.248465469767806	0.8439225413935627	0.8693671641240964	-0.5766332695235068	0.6066115227536929	2.898603189021458e-16	3.625301787731366e-18	17.030801985545644	0.1418573314481992	17.031097338400393	0.14185764544344842	13.511509288598228	-8.952838470577262e-13	-1.7569279364693102e-14	False	False
157	17.031063426951334	0.14217301694190695	2.5999039258169248	9.202160859861	0.8398046734383715	1.3254809371454164	-0.6280261007960002	0.6036515992675014	28.797736303597418	0.3601751536721825	17.031030473715703	0.1421732982630283	17.031063426947046	0.14217301694172021	16.71968540299525	-4.288125410312205e-12	-1.8673951274195133e-13	False	False
158	17.031012958525935	0.14211662270079936	1.6218260333844035	8.519343100978626	0.8543218196863789	1.635599097745244	-0.2743044023465845	0.6140865239905692	0.9315804592455794	0.01165133715822185	17.030924613819888	0.1421197062584842	17.031012958516794	0.14211662270038597	18.981276539693376	-9.141132295553689e-12	-4.1339154321917704e-13	False	False
159	17.031031956146837	0.14268514545744382	2.0079590933513827	8.476101437395572	0.8496394186395373	1.970716547367748	-0.3737050498869924	0.6107208141180994	1.9957454613087085e-11	2.4960917783236665e-13	17.031044441458818	0.14269010105465632	17.03103195613443	0.1426851454569522	20.992165592498186	-1.240607616637135e-11	-4.916067553040193e-13	False	False
160	17.031018746282207	0.14137963953907093	2.0161577706251834	8.68861965244366	0.9520507020570804	0.5251152511987316	-0.06932003485353139	0.6843340446386295	2.278433867984611e-93	2.8496520000106696e-95	17.030871683476477	0.1413781096646153	17.0310187462803	0.141379639538984	8.136431765666506	-1.907807245515869e-12	-8.693046282814976e-14	False	False
161	17.03096205013751	0.1415093773953706	2.9000671128575917	8.004728085847708	0.8439225413935627	0.8693671641240964	-0.5766332695235068	0.6066115227536929	5.3961859725759306e-24	6.749044756248498e-26	17.030409323195368	0.14150731091850366	17.030962050311818	0.14150937740320832	12.661935215684931	1.7430679122298898e-10	7.837730464643755e-12	False	False
162	17.031013243866816	0.14262505264428707	1.730680750965625	9.254533732429774	0.8649856963685084	2.3306355777494456	-0.24347558718969353	0.6217517185496838	1.9852406455715664e-27	2.482953337223522e-29	17.03103167713446	0.14262623247178546	17.031013243868763	0.14262505264436554	22.724690049604536	1.9468870959826745e-12	7.846501226538294e-14	False	False
163	17.03096781597051	0.1402722758870908	2.0137581770877926	8.722531389964331	0.8461350604344225	2.5602461942250496	-0.18041384777410377	0.6082018814402629	6.017368382230962e-44	7.525961620467468e-46	17.03107045593095	0.14027655130332173	17.03096781597466	0.1402722758872671	23.99960634318904	4.149569576838985e-12	1.7630341631047486e-13	False	False
164	17.031012849842437	0.14304552442825752	1.470992707012368	7.9558202096279516	0.8665470412309931	2.4878110320606313	-0.28432762446931537	0.6228740132368379	2.3816295616996475e-18	2.978719522715493e-20	17.031658860791133	0.14307259643480236	17.03101284981798	0.14304552442729537	21.814002277830614	-2.445688096486265e-11	-9.621470287157763e-13	False	False
165	17.030965333612862	0.14209178124656718	2.215603883248131	8.92171273023916	0.8453471779594698	2.142842389486089	-0.4507707018565681	0.6076355515172669	1.4730414564652428e-22	1.8423424930159794e-24	17.030988410402504	0.14209380308252495	17.030965333616614	0.14209178124693278	22.275446778338015	3.751665644813329e-12	3.6559644200906405e-13	False	False
168	17.030981759924213	0.1419477549534348	2.102469634058822	8.16343918918128	0.9222131189573678	1.8799827682563135	-0.08780950345447092	0.6628867899065559	13.062191105631292	0.17590890626810907	17.030676075785287	0.1419580623137504	17.03098175978125	0.14194775494725032	18.53811936985066	-1.4296475114861096e-10	-6.1844973586744345e-12	False	False
169	17.03101493909898	0.14218613891498677	1.8545650107690752	7.444862383216824	0.8714682665896187	0.9749405149873084	-0.22666293819043914	0.626411390024618	3.300236133153831e-09	4.444437567287656e-11	17.028736448847503	0.1421866653947924	17.03101493912275	0.14218613891548212	14.382031585801228	2.376765451117535e-11	4.953537580121292e-13	False	False
172	17.031026816527717	0.14320836658858968	1.3731817477304444	8.426806559390707	0.9042527037952927	1.4616077222098134	-0.08384845641967648	0.6499768434880564	23.607553290641267	0.6187227390368514	17.030745530717223	0.1432113385048333	17.03102681652717	0.14320836658858077	16.86653201858124	-5.471179065352771e-13	-8.909539772616881e-15	False	False
173	17.031054417311218	0.14223336905227732	1.7979416141723772	7.841810880185912	0.8907206228285042	2.1483575671136883	-0.26231569512150416	0.6402499836891288	0.0007350342626320491	1.9264275575814244e-05	17.031265589000967	0.1422617299518126	17.031054417312944	0.1422333690522194	19.731507718600888	1.7266188478970435e-12	-5.792588630981754e-14	False	False
174	17.0310793176779	0.14416231080462888	1.4752748681818362	8.133498010176194	0.9451926276369195	2.1400334497386915	0.02082027541421319	0.6794044607454177	0.016995258289615334	0.0004454232351032392	17.030923135441117	0.14417830599257353	17.03107931764185	0.1441623108025497	19.113261548498205	-3.604938569878868e-11	-2.079170169366762e-12	False	False
175	17.031024004629778	0.14446365798611685	1.8143630217330877	7.556281230775681	1.0081791079142088	1.9321384554552221	0.02962586393006708	0.7246791427687334	4.067693392319759	0.10660886226849721	17.028950265933606	0.1445192330561496	17.03102400459315	0.14446365798404978	17.03102400459315	-3.6628478028433165e-11	-2.0670687383983477e-12	False	False
176	17.03101525742025	0.14434233946405428	1.1264420159445878	8.026756404649507	1.037979742910732	2.2120212927602667	-0.009924005687174858	0.7460998392042342	8.094151025952595	0.2121369898565754	17.030366873135844	0.14437120555734786	17.031015257428127	0.14434233946367633	17.850371786044796	7.87636622590071e-12	-3.779476731580189e-13	False	False
178	17.031144713497497	0.14192099940157044	1.573604484360444	7.140950494202537	0.9200455737836061	1.7849773755594243	-0.16508421479426877	0.6613287584356561	5.596901127585369	0.17800670259597906	17.029335128315022	0.14203434305330667	17.031144713675435	0.1419209994101748	17.031144713675438	1.779376646027231e-10	8.604367218723041e-12	False	False
179	17.030978775041287	0.1440454260724345	2.094464680964396	7.4218610427398595	0.8446196058606787	0.06806447359037993	-0.46561134773523	0.6071125726926558	5.748394543248728e-260	1.828248765769925e-261	17.030446665392997	0.14403911159255592	17.03097877504128	0.1440454260724344	1.9477473160754564	-7.105427357601002e-15	-1.1102230246251565e-16	False	False
180	17.031221356738214	0.14312609759995773	2.1676923296958712	7.398942237018333	1.032041110577416	2.026975281741301	0.08167167110579314	0.7418311502830467	0.10582583614250578	0.0033657389529975234	17.028042821670994	0.14321848769895795	17.031221356621003	0.14312609759437256	17.031221356621003	-1.1721112969098613e-10	-5.585171214406159e-12	False	False
181	17.031022115591373	0.14326178298432313	1.655312680950146	8.262383708300257	0.9923800053255786	2.5676888246297116	0.12320901166448917	0.7133227478280258	0.001114787522621042	3.545527185014317e-05	17.031030655852884	0.14327987066519576	17.03102211555698	0.14326178298266928	19.675697720680603	-3.439382112446765e-11	-1.6538437286328644e-12	False	False
182	17.031054649996	0.14414180824045533	1.9283002394028919	8.502216205002005	0.9541815605060467	2.254407933550145	0.007139447127160359	0.6858657056917464	0.00030426547524267644	9.677014606315505e-06	17.03098864731484	0.1441493867376294	17.03105464999014	0.1441418082401564	19.61038062455336	-5.8619775700208265e-12	-2.989275493803234e-13	False	False
183	17.030983794034015	0.14285306660082475	1.8772448760449638	6.896759467668906	0.89763698956942	0.8966157504532302	-0.056842054610533654	0.645221468102499	7.293452522443966e-06	2.319646898284025e-07	17.022378493616777	0.14284695480477166	17.030983794116253	0.14285306660471092	14.94066130791763	8.2238216236874e-11	3.886169164246667e-12	False	False
185	17.031091814016794	0.14458775082462869	1.9030644114319473	7.899262941269102	0.8964864113238097	4.045943060635965	-0.2260780926522316	0.6443944324595544	4.872955730087245e-31	1.641226935609647e-31	17.034259608507742	0.14466095164330472	17.031091814010036	0.14458775082396919	22.883764900407463	-6.757261417078553e-12	-6.595002322029586e-13	False	False
187	17.030934315125354	0.14480238478177654	2.0211808870933083	7.733456615386224	1.0778654336375055	2.239572839327051	0.029025666223944813	0.7747696736986389	1.019116057174784	0.36640049195921687	17.02879216891735	0.1448618166234205	17.030934315014054	0.14480238477721036	17.030934315014058	-1.1129941412946209e-10	-4.566180766829575e-12	False	False
188	17.031029541538658	0.1422731524827424	1.381410155788232	8.406724166298135	1.0715390165328331	3.0857659314582797	0.18855870528204574	0.7702222450838004	0.0002426711775853614	8.724701983215786e-05	17.03120368390356	0.1422957620551072	17.031029541514634	0.14227315248175557	19.88881563068309	-2.4023449896048987e-11	-9.868217354380704e-13	False	False
193	17.03078139373479	0.14250774459664592	2.682844435456096	7.022930070056512	0.9757877361004421	1.5323368547618588	-0.07563007871920115	0.7013962247089978	0.1808735268514447	0.029668019823658673	17.023224132700943	0.142614743154022	17.030781393980032	0.14250774460737312	17.030781393980032	2.452402725339198e-10	1.0727196908533188e-11	False	False
195	17.030916729795397	0.1424284309677729	3.2109323962320193	4.981749289705183	0.9451728116787959	1.2370774713976542	-0.15238223519766342	0.6793902170347185	0.0	0.0	16.90065610047449	0.16415011692311623	17.030912671674812	0.14242825924508037	17.030912671674812	-4.058120584460312e-06	-1.717226925379567e-07	False	False
197	17.030935425268517	0.14059396913401162	2.872790130921227	5.701483289318047	0.9972330474452463	1.4035512366803222	0.03203532115990325	0.7168111145036431	21.870488279500627	0.6887817042460549	16.960969209929413	0.14488922157661174	17.030935425058857	0.14059396911922575	17.030935425058857	-2.0965984504073276e-10	-1.4785866975230988e-11	False	False
198	17.031004097499586	0.1398882541054365	2.2262541627277583	5.946600820348884	0.9831645673518027	1.2507520286312892	0.020735335316764206	0.7066986910124757	10.940385055610482	0.34455275837506444	16.979778925773115	0.14154669451872331	17.031004096542084	0.13988825409661743	17.031004096542087	-9.575025217145594e-10	-8.819084351685547e-12	False	False
201	17.03085813833252	0.13981669785174622	2.8564625978273286	4.579940616700772	0.8683183584777435	3.1431822774633975	-0.2769216633835033	0.6241472360738021	0.0	0.0	17.158366520531235	0.15705867067575574	17.03188554839339	0.06857867301143059	17.03188554839339	0.0010274100608711478	-0.07123802484031563	False	False
204	17.031083634551752	0.14068368985531246	2.754860543125919	6.816938602287064	0.7974175759567725	2.7486812209050546	-0.6040707747041203	0.5731837535977281	20.425204191844475	0.8756589533913086	17.03966582892171	0.1410276626335971	17.03108363445986	0.14068368985420152	17.03108363445986	-9.189093930217496e-11	-1.1109446695911629e-12	False	False
205	17.030827795419935	0.1391181171748124	2.758207102619396	7.166849410421218	0.8659749779754731	2.5282484354868218	-0.14438934165174633	0.62246281416877	0.02811425760052535	0.001205300135784176	17.034408223774385	0.13928007884570268	17.030827795445205	0.13911811717607575	17.030827795445205	2.5270452397307963e-11	1.2633505352965813e-12	False	False
211	17.030902672649184	0.14314523338862065	3.092575531796226	5.009093271101665	0.8123866761786248	3.77485156721853	-0.1623626279410775	0.5839435428371955	11.928887426229084	0.13979650599339882	17.29690434026758	0.19377222939079872	17.030044601147157	0.14136310189279025	17.03004460114716	-0.0008580715020265473	-0.0017821314958303969	False	False
213	17.0309898539759	0.14147980958973613	3.542498689934184	6.495191718426226	1.0167618799941147	0.47615925681217675	0.07502969555134034	0.7308484393397696	1.0653711284520129e-106	3.637963711992392e-108	17.00580699714294	0.14122746419785748	17.030989853792573	0.14147980958182343	7.491639431736635	-1.8332713125346345e-10	-7.912698274381569e-12	False	False
214	17.030974793057933	0.1434320004218447	3.0919649555253503	5.340077421484044	0.88919967575297	2.70165630508922	-0.2197505843448685	0.6391567269312348	24.827920176042824	0.847808526367025	17.0249353974774	0.14354000752686086	17.03096795722547	0.12631394749740474	17.030967957225478	-6.835832461860036e-06	-0.017118052924439964	False	False
215	17.03092259884222	0.14372418725329972	3.7304812886667684	4.855816870495584	0.9388634459126834	0.34784897438524176	-0.1288978952936825	0.6748550449220369	0.0	0.0	16.657943908464073	0.14516780869174226	17.030922597986375	0.1437241871853486	17.030922597986375	-8.558451725093619e-10	-6.795111695545586e-11	False	False
217	17.030997698780933	0.14288618952690382	3.5329042348831106	4.250184961544453	0.9335304883545678	0.6914396596662211	-0.184082522939173	0.6710217150292633	0.0	0.0	17.308680895945773	0.23243343526893478	17.030997700114877	0.1428861897482158	17.030997700114877	1.3339445104065817e-09	2.2131196875108117e-10	False	False
