Iteration_step	Porb	eccentricity	Wdisk	logQ	primary_mass	age	feh	secondary_mass	posterior_probability	acceptance_ratio	inital_orbital_period	initial_eccentricity	current_orbital_period	current_eccentricity	current_spin	delta_e	delta_p	bad_solution_flag	gsl_flag	
1	10.644	0.184	4.1	6.954954954954955	0.7169167842048034	6.8969538278538485	-0.5576594584669534	0.40269215768783806	148.34855215229553	0.0	10.791309103197824	0.18919686708265412	10.64400000023379	0.1840000000142355	10.64400000023379	2.3378987634714576e-10	1.4235501666348682e-11	False	False
2	10.643975217282218	0.18453654558974325	3.743881847224557	6.441563290284765	0.756289080887675	7.627713131209551	-0.3962403761216755	0.424807576734607	100.15122641887776	0.6751075421084116	10.98290896826558	0.20990971072934927	10.643975216591418	0.18453654555775537	10.643975216591421	-6.908003058470058e-10	-3.198788456337809e-11	False	False
18	10.643984246073456	0.18295548631482195	3.885536259683937	6.229990013551335	0.7349257647970379	7.196361066283741	-0.34473315025628604	0.41280780208649615	88.05331484881243	0.8792035604290418	11.04198114606828	0.21870505887938757	10.643984246043962	0.18295548631908143	10.643984246043965	-2.949462896140176e-11	4.2594816562768756e-12	False	False
22	10.644034847903876	0.18429872753476115	3.7262588694327476	6.154188329543048	0.823046044927206	7.080885606211137	-0.25963877022054005	0.4623049634356116	105.84217237837132	1.2020237121123987	11.248624702859829	0.252542048712551	10.644034848766033	0.18429872757932747	10.644034848766035	8.62156568359751e-10	4.456632285432249e-11	False	False
26	10.644028359817339	0.18426595107002938	3.8582033635359867	6.053551012166169	0.7587068747405117	7.49031115576299	-0.39989801455294527	0.4261656515417454	102.21371367837969	0.9657182140307894	11.28821304291741	0.2527853526146502	10.644028358385023	0.18426595096921672	10.644028358385025	-1.4323155994588888e-09	-1.008126637724871e-10	False	False
31	10.644014423045252	0.18359669177389437	3.218525562686193	6.549897150489103	0.7204006792913851	7.25959399146942	-0.6052215438172988	0.404649061557971	122.28846694797654	1.196399803384143	10.886553530852193	0.19858527055587555	10.644014422874772	0.18359669177447824	10.644014422874774	-1.7048051859092084e-10	5.838662886503698e-13	False	False
32	10.644017052296844	0.18338807992020445	3.1184722332114063	6.996990359978991	0.7682634199995988	6.6752108261446494	-0.486052490044613	0.4315335630137746	109.34536358155601	0.8941592474789407	10.783195126899729	0.18926414328075952	10.644017052721514	0.18338807994323325	10.644017052721514	4.246700768817391e-10	2.302880108828731e-11	False	False
35	10.64399174181654	0.18323796375366014	2.8705812366073182	6.591888270801807	0.7568954909474224	7.2788203515713175	-0.4206638485631039	0.4251481972651671	112.78550854609318	1.0314612787580273	10.892344821389468	0.1997304600739084	10.643991741063104	0.18323796371113946	10.643991741063106	-7.53436424361098e-10	-4.252068142029941e-11	False	False
46	10.644004026805229	0.18490457656990245	2.7718308438220363	6.557635602246761	0.7384046984753139	7.949837364812398	-0.6013482929593705	0.4147619191335838	92.71477291243585	0.8220450845823439	10.923896324173821	0.2032262058478661	10.63903957553111	0.18476328508372689	10.639039575531111	-0.004964451274119597	-0.00014129148617555987	False	False
47	10.644034551282306	0.18510772098085046	3.321943186551162	6.7182906080267015	0.7209354120471934	8.355814164381258	-0.5654861157523062	0.4049494209469085	40.5910991928678	0.4378061652721075	10.879121838654068	0.19721962915644622	10.644032744015892	0.1850631250519669	10.644032744015892	-1.8072664147439355e-06	-4.4595928883561786e-05	False	False
51	10.64402133157513	0.18433127343810293	3.979143134846926	6.591042586684428	0.7218535511690206	9.222124589312166	-0.6527532429129095	0.4054651396916389	98.93746780562134	2.4374178027434517	10.955172429982447	0.2030388895615155	10.644021331106282	0.1843312734135682	10.644021331106286	-4.688480714776233e-10	-2.4534735354464488e-11	False	False
54	10.64404313890342	0.18392195639002784	3.097649049600216	6.793846020253425	0.750870759976207	8.235366197193354	-0.39450888445078613	0.42176410587863544	59.905049413177366	0.6054839560971029	10.86300877628614	0.1954838382662483	10.644043139168684	0.18392195640748138	10.644043139168687	2.652633668276394e-10	1.745353861437593e-11	False	False
57	10.644030653481385	0.1840862731793246	2.7565273046609047	6.403486150437031	0.7743579109614658	8.005816781393051	-0.25050357128340517	0.4349568385870553	120.63927374933688	2.013841486337206	10.966889585073199	0.18463409554649304	10.644221290319809	0.15842190596911782	10.644221290319809	0.00019063683842368562	-0.02566436721020679	False	False
58	10.644007683095616	0.1842342392486764	3.285184620923762	7.0973324805765134	0.7632798358530624	8.643702557805675	-0.3735046358911469	0.42873428379866513	141.6575865002739	1.1742244635408587	10.817623505831959	0.19051497140902932	10.644007683250686	0.18423423925976362	10.644007683250686	1.5507062300912366e-10	1.108721447984351e-11	False	False
60	10.643973892827368	0.18406063394264544	2.8239490084703154	6.999371755242029	0.747612254354095	8.477310836846376	-0.4717818964583369	0.4199338032706951	98.32340912452277	0.69409208185495	10.827946621444775	0.19124891994730764	10.643973893859522	0.184060633991334	10.643973893859524	1.032153917890355e-09	4.8688553189180084e-11	False	False
61	10.6439927640363	0.18418800759793333	3.5475690575123235	7.001751753965786	0.7889905250764737	8.482546406194743	-0.33393997390499564	0.44317597793545527	153.4214639580799	1.5603757571483063	10.831940854648757	0.1930304463338604	10.643992764517488	0.18418800762751383	10.64399276451749	4.811884224409368e-10	2.9580504712356515e-11	False	False
69	10.643989229820411	0.18408100169184388	3.963978540780239	7.044520233258785	0.750870759976207	8.235366197193354	-0.39450888445078613	0.42176410587863544	141.17218593905434	0.9201592938627382	10.814170293932554	0.1903539309185268	10.6439892297546	0.1840810016851469	10.643989229754602	-6.581046818610048e-11	-6.696976306841407e-12	False	False
75	10.644030250137702	0.18312439420724305	3.6325842169391382	6.795378294261419	0.7889905250764737	8.482546406194743	-0.33393997390499564	0.44317597793545527	69.65679442838173	0.4934172688836409	10.88357714686229	0.19757859045243295	10.644030250318494	0.18312439422366722	10.644030250318494	1.807922700436393e-10	1.64241675815191e-11	False	False
76	10.644033524700603	0.18363113197827916	3.185103275209015	7.1367544789471	0.8131888067346906	7.96443339239797	-0.3608958802142415	0.4567681527428757	85.9820676248303	1.2343672764504479	10.80019889216437	0.1903657990771508	10.644033525098996	0.1836311319925784	10.644033525099	3.9839243015649117e-10	1.4299256223537782e-11	False	False
77	10.644033759193324	0.18529715761878776	3.3784464415171955	7.128806690235401	0.7159742169752892	8.27870819290028	-0.3816707730478348	0.40216271767501993	30.450350171569575	0.3541476846594927	10.788666106682623	0.1897197213015946	10.644033759126627	0.18529715761550108	10.782587715673902	-6.66968702489612e-11	-3.2866764865246978e-12	False	False
78	10.643994701215624	0.18582141870024363	3.838250085876406	7.056893326584401	0.8560822168299508	7.7747461770679545	-0.09991852802600013	0.48086138119338334	54.22645143017039	1.7808153641792839	10.812107997609292	0.1951556654548905	10.643994700886163	0.18582141868213692	10.643994700886166	-3.2946090300356445e-10	-1.8106710575338525e-11	False	False
81	10.643961448913386	0.1853843002559103	3.949208515832782	6.635467899077854	0.7746098468540205	6.978607319352544	-0.08798565102941566	0.4350983509779033	58.3309897211628	1.0756925482442454	10.869484050353575	0.20077453276409404	10.643961447984532	0.18538430026782451	10.643961447984532	-9.288534386087122e-10	1.191421961088679e-11	False	False
89	10.644003317098823	0.18466134683445778	3.8709965829846387	6.54425751854594	0.8258477159902385	6.839958194770546	-0.05142969119138864	0.46387866207171696	287.3313555526218	4.9258782840157505	10.917484991291891	0.2076551684592564	10.644003320961083	0.18466134701846082	10.644003320961083	3.862259845277549e-09	1.8400303503085524e-10	False	False
91	10.643996747719681	0.1836047113615224	3.2203097072436213	6.821456552402345	0.8006560023562699	7.257600363020434	-0.1960641232982202	0.4497284765235168	210.8002440494819	0.7336485906456387	10.834771734698624	0.19507608233242715	10.643996750408903	0.18360471149853333	10.643996750408904	2.689221290097521e-09	1.3701093037887802e-10	False	False
94	10.64398169775155	0.18459481242181605	3.2535945491285663	6.607519130707792	0.8007510203599726	7.74482082449964	-0.2081991934627383	0.4497818481361966	152.96896549841438	0.7256583890031333	10.93371938902449	0.2057814898162073	10.643981696585689	0.1845948123648218	10.643981696585689	-1.1658602971920118e-09	-5.699424265870334e-11	False	False
102	10.643994893618027	0.1848520373976425	2.739069735242249	7.032559573019735	0.730119842315283	7.263099217370316	-0.5389112706231998	0.41010831542849446	100.3765599529094	0.6561890487123015	10.792600239641777	0.18981763169741545	10.643994893815197	0.18485203740789818	10.643994893815199	1.971702801029096e-10	1.0255685189974884e-11	False	False
107	10.643965629207678	0.18350507188718476	3.085567445467594	6.63423230104347	0.7724049026996846	7.613013784800112	-0.46219000012202993	0.43385983384641286	73.13390279402253	0.7285954293346228	10.901720891701174	0.20070999996138522	10.643965629276666	0.18350507188210183	10.64396562927667	6.898837057178753e-11	-5.082934073641354e-12	False	False
108	10.644002088058004	0.1836939470435852	3.2736551542218404	6.910302182406662	0.7285207040149222	7.076003106588003	-0.49904889236569855	0.4092100794451818	142.09185099784975	1.9428998804842037	10.802429083803304	0.19007822122768236	10.644002087848188	0.18369394703222666	10.644002087848186	-2.0981616444259998e-10	-1.1358525231486283e-11	False	False
111	10.644026832817788	0.18425156621456187	3.8694981219832156	6.740121985853799	0.7845497577296956	7.647299477819842	-0.42609838605980466	0.44068159891677	103.17497226865356	0.7261146332045101	10.871760185512784	0.19857233841940608	10.644026832059717	0.1842515661688265	10.644026832059716	-7.580709393550933e-10	-4.573535994367717e-11	False	False
116	10.643982419401896	0.18390538299307846	3.7950670963276996	7.055610430738779	0.7796421115300335	8.884122737015536	-0.49810489474227987	0.4379249740464198	113.35212797530554	1.09863977167013	10.83345364056868	0.19198667778506273	10.643982419071344	0.183905382975233	10.643982419071346	-3.305515861029562e-10	-1.784544734206861e-11	False	False
125	10.643979891957827	0.18273161952004432	3.3015525794571126	6.7419774034760245	0.7251799102695289	10.311394492437291	-0.3887309760699804	0.40733355559839435	53.59625506406251	0.4728297211653476	10.937739859047525	0.1979806669934855	10.64397353274286	0.18271191542638562	10.643973532742862	-6.359214966167315e-06	-1.9704093658701183e-05	False	False
126	10.64398965310415	0.18283253670001806	4.070292948682992	6.556986045806049	0.7347698061130489	10.413167152683162	-0.7300184106548068	0.41272020009369953	67.11584816317708	1.252248838709997	11.040104837069775	0.20878180402847712	10.64398965465862	0.18283253673705693	10.643989654658624	1.5544703302339258e-09	3.7038871969485854e-11	False	False
139	10.644007469045341	0.18394092843998677	4.18547909117153	6.33946237873162	0.761969195281386	9.555090001697666	-0.4108579042573697	0.4279980969895545	135.15944798509005	2.013823138411069	11.186400122636442	0.23027684826108152	10.644007467652516	0.18394092835676648	10.644007467652518	-1.3928254105621818e-09	-8.322029176888179e-11	False	False
141	10.643999732959832	0.1840539816205065	4.201634605677741	6.432022197592633	0.7232613976230955	10.362279105041262	-0.4144411624429235	0.4062559270448927	141.82395851651302	1.0493085065881458	11.11044018565529	0.21690689150717193	10.643999733919717	0.1840539816857632	10.643999733919719	9.598846162361951e-10	6.525668894141745e-11	False	False
173	10.644013864187547	0.1839476310449893	3.2965532537870352	6.385022502406346	0.7981953582265936	10.800973043530412	-0.27975320815689314	0.4483463327158776	170.82497388378772	1.2044860097731513	11.320227552805981	0.24500763162813274	10.644013865076456	0.18394763109301684	10.64401386507646	8.889085023611187e-10	4.802755415589388e-11	False	False
175	10.64400208509616	0.18429980824988113	3.225106989491223	6.721517208677054	0.7445133891194852	10.369588428505246	-0.3338873237497211	0.4181931706684148	152.43702845730164	0.8923579789978753	10.959495843769268	0.2023854857999369	10.644002084978306	0.18429980824356287	10.644002084978306	-1.1785417086684902e-10	-6.31825147756615e-12	False	False
182	10.644008521918352	0.18398156169153737	3.1021418629623367	7.173326877708646	0.718205916862442	9.183173727984132	-0.5023310099121003	0.4034162635016336	81.72958413460957	0.5361530919470949	10.792640893315076	0.1884851592687767	10.644008523026288	0.1839815616875996	10.904591172143418	1.1079368533728484e-09	-3.937766779316121e-12	False	False
183	10.64395432841911	0.18390515150745262	2.7480968248410256	7.118840404185418	0.7133782997103993	9.446116579290841	-0.4536704245062973	0.4007045909473313	47.68725743389741	0.5834760807708986	10.81510484147227	0.1890883095833787	10.643954328360078	0.18390515150422365	10.643954328360078	-5.903189048694912e-11	-3.2289726448198053e-12	False	False
186	10.643966631880867	0.18412596066766415	2.5796453610154977	7.222483459570676	0.7362092936010175	7.9400573429337005	-0.5580602448986578	0.4135287602156915	43.19701607228164	0.9058398070419545	10.763602623210804	0.18777612733460688	10.643966631820657	0.18412596066373876	10.991236921255215	-6.020961507147149e-11	-3.92538779259155e-12	False	False
192	10.644001182209752	0.1829715409719342	2.2529544415473066	6.892665362789843	0.7791342951520527	7.1465402728795375	-0.33818850305574255	0.437639733586908	102.39893132682228	2.370509369338798	10.813279209358582	0.19163549578314212	10.644001183018716	0.18297154099122592	10.644001183018718	8.089635628039105e-10	1.92917348762478e-11	False	False
194	10.643962663473216	0.18256530636901794	2.1071162175665203	7.381123335650174	0.8849634846311437	6.441870100805602	-0.052773486821204696	0.4970839893173134	65.77127686861463	0.6423043289260048	10.740674813048592	0.18624654735613477	10.643962662052823	0.182565306275467	10.643962662052823	-1.4203926923528343e-09	-9.355094476859449e-11	False	False
206	10.644013340779546	0.18405094928912336	1.9102133597180233	6.463605921047557	0.8223189237702763	5.451093878352942	-0.28091220137943645	0.4618965394817642	175.99594112275983	2.6758784305545884	10.874574962901542	0.20553713316506314	10.644013342074244	0.18405094935156657	10.644013342074246	1.2946976823968726e-09	6.244321726356361e-11	False	False
207	10.644011772547005	0.18375322574961875	1.8677583676258942	5.843972322512907	0.7514308043471716	6.249201186032311	-0.27263599914131087	0.42207868280180627	180.88720957605278	1.0277919389622812	11.47773773762737	0.2748283367579301	10.64140251626786	0.1836363787490877	10.641402516267862	-0.0026092562791451	-0.00011684700053105068	False	False
218	10.643998921917612	0.18447360758942635	2.821633062320513	6.779658695959574	0.7710744628468382	7.35417212088107	-0.43015263315052243	0.433112525781069	137.5498714246129	0.7604178965831246	10.845027737896416	0.19601281051449573	10.643998921312647	0.1844736075607983	10.643998921312647	-6.049649670103463e-10	-2.8628044379530593e-11	False	False
219	10.643966631524048	0.1834060039717663	3.239030270907608	7.072171592871265	0.758251325157478	8.297525015780998	-0.41105424188950745	0.42590976934095537	71.14045583749922	0.5171975451572068	10.812314880821885	0.18954434269331705	10.643966632408574	0.18340600402622384	10.643966632408576	8.845262300383183e-10	5.4457549580888553e-11	False	False
223	10.6439910131812	0.18411063135637282	3.6168254468276015	7.0149219610917655	0.7643134676898458	8.176033267815837	-0.302045528649194	0.42931487480138636	164.37215725449403	2.3105299975861406	10.817443494294263	0.1912410057627248	10.643991013699303	0.1841106313882569	10.643991013699303	5.181028939205135e-10	3.1884078710575636e-11	False	False
226	10.643955641938652	0.18493972321864974	3.8585205654099033	7.173870540054576	0.8795976726816307	8.946139209549365	0.10754626790063784	0.49407001274527196	146.55782395034424	0.891621953488338	10.816226091280205	0.1936936577160363	10.64395564148361	0.1849397231666025	10.643955641483611	-4.5504222612180456e-10	-5.204722763885172e-11	False	False
229	10.64397487812427	0.18552048407334135	4.340075425549919	6.570823089501906	0.7967039454281517	8.735000340198239	-0.2466859970849091	0.4475086061469928	42.92052134129016	0.29285725036305266	11.006910051445407	0.21260720538509478	10.643974877439533	0.1855204840522116	10.643974877439534	-6.847375999541327e-10	-2.1129736849090364e-11	False	False
231	10.644003638806643	0.1860689892392874	3.837907210989922	6.583781996378873	0.7377300887698517	9.339486538755695	-0.45924996719447486	0.4143829908620257	15.563961878682667	0.36262285247942483	10.980388789701966	0.20766896257046333	10.644003639741896	0.1860689892801326	10.644003639741898	9.352536523010713e-10	4.0845188342686356e-11	False	False
239	10.644024526566866	0.18594760252757705	3.0691378644777947	6.838847214772814	0.7210308888566641	8.449200961347184	-0.49105836041416084	0.4050030502707882	54.65905546462556	3.5118985699579404	10.854577053638915	0.19527791168746006	10.64402452503806	0.18594760245761507	10.644024525038061	-1.5288073029751104e-09	-6.996198065323256e-11	False	False
244	10.644037018676487	0.18378443720746854	3.9708859199640276	7.019360551690205	0.7403176379317686	9.251915479010508	-0.3968955290392522	0.4158364172262744	380.60452602316025	6.9632474031586815	10.842632806456448	0.19111341798787815	10.64403701811539	0.18378443717985707	10.64403701811539	-5.610978348613571e-10	-2.7611468667032568e-11	False	False
255	10.644030101546301	0.18227575656520875	3.33822970621317	7.303893180093012	0.7695712984384214	9.667598338852967	-0.3463563041112808	0.4322681983328613	103.35004321758103	0.2715418134867163	10.793279803844333	0.18679569753123643	10.644030101585905	0.18227575656822104	10.644030101585905	3.9603875734428584e-11	3.0122848659885904e-12	False	False
266	10.643992623004406	0.18302099863874352	2.3287840485236067	6.761351608747756	0.7663358333609247	4.7485752653444155	-0.42595816865371006	0.4304508375988314	329.8733831990403	3.1918069207243933	10.75966817765533	0.18971122631133697	10.643992622750012	0.18302099862370888	10.643992622750012	-2.5439383932734927e-10	-1.503464019947387e-11	False	False
277	10.644067661348501	0.18280390389913195	2.713721784690021	6.003867957933447	0.7772069498952128	6.2639510211573874	-0.3436628874085238	0.436557143756141	35.7467300175747	0.10836500256829057	11.216746267754315	0.24950846048808356	10.644065630504675	0.18280359690839407	10.644065630504675	-2.0308438255511874e-06	-3.0699073788609255e-07	False	False
280	10.644062645220439	0.18231572408207003	2.4665720990092344	6.118342368082495	0.7487496251249676	6.438599763696345	-0.4783600026047701	0.42057266443269425	18.52651121804107	0.518271495292929	11.06624150882176	0.22615714842594353	10.644057245210131	0.1823154256399774	10.644057245210133	-5.400010307354819e-06	-2.9844209262219756e-07	False	False
285	10.64402309348119	0.18296778976746525	1.7016456026121616	5.649977226335526	0.7641694703039517	4.297865255894551	-0.5373259146962749	0.4292339914697296	399.7155006612021	21.575325000853923	10.886083223906711	0.17447191314529775	10.629510469407213	0.11866546776273842	10.629510469407215	-0.014512624073976355	-0.06430232200472683	False	False
286	10.644016166593211	0.18385957929549937	3.7496569920314538	6.191944657981378	0.7981953582265936	10.800973043530412	-0.27975320815689314	0.4483463327158776	1520.1889658918954	3.8031774183818903	11.779778202289709	0.2871140269410883	10.644016166423125	0.18385957929639568	10.644016166423125	-1.7008616737257398e-10	8.963108033555045e-13	False	False
292	10.644020886464165	0.18466782242131974	3.81771003802436	5.952476419122102	0.7622632707622783	8.153970463480364	-0.2740739704377689	0.4281632791871717	830.0852628089951	0.5460408419172966	11.692833078743686	0.2874858386784652	10.644019036321538	0.18466767909848963	10.644019036321541	-1.8501426275463473e-06	-1.4332283010398683e-07	False	False
293	10.644000442695663	0.18538989181967855	3.8157457109432924	6.017414155949391	0.7465813109006288	6.850809308791984	-0.33613218900307695	0.41935472233288323	421.30411411864515	0.5075431801944764	11.223538092036746	0.2485633240047364	10.644000433363056	0.18538989115134213	10.644000433363056	-9.332607575629481e-09	-6.683364139892234e-10	False	False
325	10.644029615080083	0.18540119045706424	4.200814777317172	6.251984418884805	0.814435028904761	5.175802476418196	-0.29116741487138664	0.45746815573580424	336.3412268449231	0.7983335922283556	10.925610476821296	0.21816757260231404	10.644029614927742	0.18540119042285202	10.644029614927742	-1.5234036254696548e-10	-3.421221639321459e-11	False	False	False
327	10.644032327453981	0.1842704382607687	3.8932422660696036	6.16987245352335	0.7842141108681315	3.8399090539010357	-0.44465724133346685	0.44049306607462946	557.8259748527786	1.6585120417306902	10.828672070085615	0.20775698737182313	10.644025857920795	0.18427001540984397	10.644025857920795	-6.469533186503895e-06	-4.228509247194978e-07	False	False	False
329	10.643962359364373	0.18445505128524206	3.079116768004761	6.9001670207382535	0.7281986327318708	5.5010174833456755	-0.4347292273050028	0.4090291720054918	299.5014767146286	0.5369084449566427	10.762379039790902	0.1893170935300496	10.643962360981396	0.18445505137124066	10.643962360981398	1.6170229599765662e-09	8.599859713243063e-11	False	False	False
335	10.644032313146484	0.18469341246543436	3.1217208814622404	6.9702154813525015	0.7745509379123079	7.823819922042644	-0.46319707673391386	0.43506526182534333	317.8802230736169	1.0613644599038152	10.819625167980472	0.19278154816640888	10.644032313576977	0.1846934124883042	10.644032313576979	4.304929746012931e-10	2.2869844906736603e-11	False	False	False
338	10.64396757704768	0.18473635251866796	2.3582215972236322	6.84644366036539	0.7587437953522462	6.81624106226126	-0.5417108331399408	0.4261863898493567	264.0700770261486	0.8307219444884857	10.811082024333077	0.1931226818823346	10.64396757706745	0.18473635252279738	10.643967577067452	1.9769075265685387e-11	4.1294190289420385e-12	False	False	False
340	10.643992666159248	0.18547612346447517	4.0963296045496165	6.763786544887425	0.7296581944504448	4.71284747144908	-0.7024765166125573	0.4098490078228148	327.5855721826743	1.240525151019804	10.753602025968807	0.19090245256059524	10.643992665729824	0.18547612344198033	10.643992665729826	-4.2942360778397415e-10	-2.249483932459384e-11	False	False	False
380	10.643999123387058	0.18496852189281818	4.2661177841974	6.696831057830598	0.7227981076905047	8.31554079730202	-0.5218693373420608	0.40599569708975647	456.3617014718187	1.393106840545877	10.88365959880953	0.19783032199905273	10.643999123323564	0.18496852188733784	10.643999123323567	-6.349409886752255e-11	-5.480338405305929e-12	False	False	False
388	10.644043497643848	0.1840626755089847	4.376495148168912	7.144177809249491	0.761969195281386	9.555090001697666	-0.4108579042573697	0.4279980969895545	404.86295584532115	0.8871536646032999	10.830959289337184	0.19043731341598677	10.6440434977161	0.18406267551696312	10.6440434977161	7.225153808576579e-11	7.978423477439378e-12	False	False	False
391	10.64402865404103	0.1845834506465111	3.3489486828921144	6.591022383820243	0.72277026993099	5.135691472006086	-0.5365713622651391	0.40598006062023706	320.6361636880733	0.7919622160012414	10.793192250338812	0.1936597846099665	10.644028654140952	0.18458345065497955	10.644028654140953	9.992184857310349e-11	8.468448164933307e-12	False	False	False
404	10.643992301838491	0.18575101174243464	2.726417978001778	6.693686794465699	0.7518106755402452	3.6716018107403627	-0.4618984281553817	0.4222920564509557	125.93479260371092	0.39276540473527166	10.731694701984003	0.1911990555199335	10.643992301201077	0.18575101171090827	10.64399230120108	-6.374136773956707e-10	-3.152636485204141e-11	False	False	False
405	10.644020933207301	0.1857835649289545	2.598869483599325	6.918726156654102	0.7714111991865027	5.930825090941327	-0.42831874234208306	0.4333016705830585	86.08677670043491	0.6835821532761883	10.775543619689119	0.19210939253281295	10.64402093365103	0.1857835649515706	10.644020933651028	4.4372860941166437e-10	2.2616103434458523e-11	False	False	False
409	10.643981812784181	0.1856749151841085	1.416918595496378	6.958883461706463	0.7789509846594378	4.134279511021522	-0.45892019011315605	0.4375367680832062	148.27080431116855	1.7223412235205628	10.725384246747177	0.18949785456389603	10.643981813349967	0.18567491521070215	10.64398181334997	5.657856405605344e-10	2.659364395363184e-11	False	False	False
417	10.643952043673972	0.18471516508457683	1.3162436228535148	6.82181052396254	0.7585960190003254	3.2552143826517868	-0.5793313078824021	0.42610338387248275	206.41361655195934	1.3921393190716722	10.710727032971928	0.18826455641778952	10.643952043828296	0.18471516508690367	10.643952043828296	1.5432455313657556e-10	2.3268331705850187e-12	False	False	False
418	10.644006292567674	0.18564435592140346	1.0829839193889297	6.739577482361544	0.7379086073361226	4.468268705717773	-0.5320302687744046	0.4144832647407001	170.98930892231706	0.8283819244999997	10.754798504019396	0.19156934160258482	10.644006292739034	0.18564435593249395	10.644006292739036	1.7135981522642396e-10	1.1090489637766154e-11	False	False	False
422	10.64397764410751	0.18513231547855025	0.7245451295656964	6.0742223924784975	0.7390587896230548	7.44601209614486	-0.47475200310165533	0.41512932213126985	327.37575834213635	1.914597821381148	11.259994127485147	0.24538649198491003	10.643977645436014	0.18513231557357923	10.643977645436015	1.3285035294074987e-09	9.502898468127796e-11	False	False	False
425	10.643962157583433	0.18385349036701443	1.8414243208424133	6.186993449865773	0.7215409296796662	7.029784440299086	-0.4098070033623318	0.4052895402010685	403.7728474998617	1.2333620838164923	11.055306742399008	0.22051346583124065	10.643962156583823	0.1838534903080635	10.643962156583825	-9.99609284235703e-10	-5.895092747287833e-11	False	False	False
427	10.644035829674976	0.18321004951020164	2.0741838198173865	6.2920950120624495	0.7873143468589487	1.5627461318579094	-0.4758884161493795	0.4422344686306715	396.1481066658096	0.9811162615781025	10.664846494653723	0.1886107859979308	10.644032261337102	0.18320978743054053	10.644032261337102	-3.5683378740714033e-06	-2.620796611119136e-07	False	False	False
431	10.643967373625875	0.18454014169893831	1.0363261582006613	6.547087427342378	0.7352091992874413	4.753409343303478	-0.4650001830487084	0.41296700723975577	430.0311926491301	1.085531359138627	10.733824457106122	0.18529732921575343	10.58806806826079	0.17571461233748564	10.588068068260796	-0.05589930536508447	-0.008825529361452672	False	False	False
435	10.644010683834777	0.1848931826623445	2.1256333580120943	5.921833115124048	0.7235853867149731	5.651285160084781	-0.6266188791188997	0.40643791171780036	377.8926289749172	0.8787563214821171	11.126398222679637	0.2391992788335062	10.644010686518254	0.1848931828125717	10.644010686518255	2.6834765520789006e-09	1.5022719179746957e-10	False	False	False
450	10.644041145625055	0.18474816013668577	2.778686348943706	6.024682142386192	0.7384046984753139	7.949837364812398	-0.6013482929593705	0.4147619191335838	219.40372191308333	0.5805980458212281	11.35529181191685	0.2567379524659585	10.644043172216652	0.1847482555346874	10.644043172216655	2.0265915967598858e-06	9.539800163715917e-08	False	False	False
460	10.643990216945594	0.18523131868135034	4.017148234272687	5.929182339947563	0.7665631849205289	6.151803698484903	-0.44539647803384874	0.43057854096986103	387.2273392521524	1.764907795892142	11.313092475372958	0.26160288846100205	10.643990215227483	0.18523131860621672	10.643990215227483	-1.7181118749931557e-09	-7.513362154654146e-11	False	False	False
463	10.644009804991562	0.18499047638892568	4.179688386885369	6.531905401188423	0.7194290999768803	7.035167757273805	-0.6845107723763595	0.40410332545701366	521.4554558876486	1.346639049026676	10.882525166014723	0.1999138302471032	10.644009805472612	0.18499047641771835	10.644009805472612	4.810498666074636e-10	2.8792662698506888e-11	False	False	False
489	10.644034514883714	0.18395231852681293	3.6244274847288316	5.813650275917201	0.7334812116730882	5.498505586769658	-0.569314664241173	0.4119963965967736	390.9045392960415	0.7496412874434758	11.259679008909055	0.25716022598945987	10.644034489259383	0.1839523173826226	10.644034489259385	-2.5624331101425923e-08	-1.1441903258191388e-09	False	False	False
490	10.644043902014936	0.18444137371824357	2.505860413076176	5.9685827237064695	0.809032960020929	8.489512925096253	-0.3699005546212676	0.4544338136437558	485.5554987198838	1.242133180633548	11.008060924419949	0.15193503855566992	10.644091388651072	0.09159573765474584	10.644091388651072	4.748663613618476e-05	-0.09284563606349773	False	False	False
492	10.644019530906801	0.18424463958322285	3.101104156508677	5.853549985642462	0.7845497577296956	7.647299477819842	-0.42609838605980466	0.44068159891677	733.4569448966276	1.5105522372423132	11.189564644656981	0.20592198055160743	10.637446780210206	0.12149727412013704	10.637446780210206	-0.006572750696594909	-0.0627473654630858	False	False	False
493	10.644019083564107	0.18338909217662522	3.5224612693835136	6.105300027985908	0.7423746836882719	3.6693986465656074	-0.6449365989543454	0.4169918598277023	615.2052015264607	0.8387747989940525	10.81962270951488	0.20419476434814116	10.644019083999737	0.1833890922027367	10.644019083999737	4.356301985808386e-10	2.6111474094037135e-11	False	False	False
497	10.644031309244648	0.18446622726515569	1.716374080395226	6.004292040673283	0.7980147773768335	1.9756329943916795	-0.38879663154493466	0.4482449004525673	610.1296555793384	0.9917498325200621	10.703149651025047	0.19953971372953339	10.638481282060484	0.1831721457049859	10.638481282060484	-0.005550027184163753	-0.0012940815601697742	False	False	False
508	10.64401075830778	0.18395099807184495	1.4919476948752377	6.4269310379776465	0.775537893154074	1.0531587970025158	-0.49124820365452465	0.4356196345846433	1070.7312720204498	1.754924157888629	10.645105248510157	0.18602756611237456	10.644010758426747	0.18395099807967896	10.644010758426747	1.1896617024831357e-10	7.834011217511261e-12	False	False	False
519	10.644020311675591	0.18368117631159758	2.4900311456199153	6.347454625506449	0.7703522328042581	2.2368650331835704	-0.3628859000993609	0.43270684916615176	763.2022099898813	0.712785952865403	10.700699032453928	0.19084454644015256	10.644020310879506	0.18368117625892183	10.64402031087951	-7.960849757182586e-10	-5.267575264866764e-11	False	False	False
523	10.643980913629493	0.18402405572679395	3.487599156284338	5.819347068014144	0.7612819329730999	5.217040311422588	-0.3225459879260821	0.4276120617509902	910.0775477982287	1.1924461641827462	11.287705533282338	0.2627162668837102	10.643960850115274	0.1837191257407104	10.643960850115276	-2.0063514218904288e-05	-0.0003049299860835575	False	False	False
531	10.643999675973886	0.18478278999843945	3.907910566996725	6.196755058507849	0.7572683678083909	6.434818223383391	-0.44022152555390925	0.4253576421979732	532.0987191717953	0.5846740428429575	11.022719004287245	0.22268007066923545	10.642864346579248	0.18471510329022994	10.642864346579248	-0.001135329394637452	-6.768670820950229e-05	False	False	False
532	10.644034361097248	0.18421867631208483	2.722026206533163	6.1163841069551	0.7980895397430421	5.952993082698834	-0.2761290031745655	0.4482868944736667	459.0139529484071	0.8626481072212621	11.084807858464124	0.2358437565943331	10.644034361781685	0.1842186763295036	10.644034361781687	6.844373956482741e-10	1.7418760878129547e-11	False	False	False
534	10.643997697063336	0.18381336973167073	1.5179326328486165	6.941736969479719	0.7772069498952128	6.2639510211573874	-0.3436628874085238	0.436557143756141	635.9235284736199	1.3854121958360104	10.781754933505622	0.19033373566856093	10.643997696650267	0.1838133697030237	10.643997696650269	-4.1306869036361604e-10	-2.8647029193251683e-11	False	False	False
536	10.644036710426084	0.18381547498540818	2.3111528885008648	5.707991434383525	0.8596330156103259	1.8006808964171124	-0.2335749928649099	0.48285586486832005	1153.6340639125838	1.8141081627874385	10.762635163155348	0.2227166350958001	10.642772579203957	0.1826742496395054	10.642772579203958	-0.0012641312221273182	-0.0011412253459027744	False	False	False
537	10.644013869654277	0.18335954784222544	2.563442607337989	5.485282090761599	0.8836717482530251	3.1638821416910377	-0.056741098829101194	0.4963584209937242	3008.4625704261002	2.607813573242464	10.643835081083514	0.1615500551994069	10.545016711443392	0.08517799068750831	10.545016711443393	-0.09899715821088506	-0.09818155715471713	False	False	False
540	10.643988468708498	0.1838302378804712	2.970902900666765	5.238630010966834	0.8629608426874649	0.714820584985008	-0.16429812329254603	0.484725105337549	3277.5671511117926	1.0894492035005037	10.59072602309823	0.2292277193446369	10.643988474236496	0.18383023823379058	10.643988474236496	5.527997615217828e-09	3.5331937375815414e-10	False	False	False
554	10.64395687204596	0.18303806764475525	4.014923332675545	6.5114632806771375	0.7706312599804279	0.8814735203820523	-0.5787872874365756	0.43286357873100634	390.35087376681986	0.11909775018168822	10.633062474132448	0.1839765638880344	10.643956871969479	0.18303806763138175	10.64395687196948	-7.648104372037778e-11	-1.3373496754454095e-11	False	False	False
562	10.64401473051914	0.18306941399955184	3.000000351041235	5.932674618847493	0.7871264523631022	1.350511111924666	-0.4369337145894559	0.4421289282923545	647.0582500838041	1.6576323855504702	10.632023833170337	0.1870554640251097	10.644015331330202	0.17707425022723983	10.644015331330205	6.008110613464623e-07	-0.005995163772312018	False	False	False
563	10.644001189372338	0.18513664364777715	2.372061397021486	6.069351069917325	0.7249858420231676	4.256986299683016	-0.5116356060984096	0.4072245474644132	351.82180325807917	0.5437250869029377	10.88247227813191	0.2116251237005113	10.644004822064561	0.18513711867426258	10.644004822064563	3.632692223476397e-06	4.7502648542474546e-07	False	False	False
564	10.643969965489744	0.1838954836204458	0.8484299489618217	6.498215435550878	0.7568954909474224	7.2788203515713175	-0.4206638485631039	0.4251481972651671	469.0039144085826	1.3330723396484452	10.942820967469256	0.20514605271101544	10.643969965170735	0.18389548360170693	10.643969965170735	-3.190088193605334e-10	-1.873887156556009e-11	False	False	False
567	10.644029195605414	0.18422853809723494	0.7208800995449455	6.839416190794874	0.7663125462551829	8.74247554674311	-0.33690204307483895	0.4304377572315362	594.6649513030479	1.267931744349991	10.878557525348514	0.19663133618786102	10.644029122066279	0.18422853363288827	10.644029122066279	-7.353913566987558e-08	-4.464346670118857e-09	False	False	False
570	10.64402205353488	0.18529410962337264	2.617781411506555	7.001016901066171	0.7123901848945625	9.062477591082185	-0.4765444213891303	0.40014956685527575	177.74396380790597	0.298897662319644	10.841068144057596	0.19183234537888688	10.644022053550442	0.18529410962469917	10.644022053550447	1.5562662269985594e-11	1.3265222253977527e-12	False	False	False
572	10.64397031313444	0.18482645418788796	2.841514919769751	7.2165969169505875	0.7307810367406817	11.717737023385345	-0.4122009314009169	0.4104797083372409	346.0705146267508	1.94701697437535	10.842741319315243	0.1908420120138667	10.643970313071422	0.18482645418473267	10.64397031307142	-6.301803523456329e-11	-3.1552815915603105e-12	False	False	False
576	10.64401151406683	0.18396831090336416	1.946755508759398	6.946527984752326	0.7251799102695289	10.311394492437291	-0.3887309760699804	0.40733355559839435	671.0296619090815	1.9389969198410633	10.884409476481176	0.19334993331769548	10.644011515531572	0.18396831099248634	10.644011515531572	1.464741217205301e-09	8.91221818566379e-11	False	False	False
578	10.644003265961251	0.18493546363599475	1.649568418446326	6.756579560166829	0.7351576772116827	9.552648563526814	-0.26055058519485835	0.41293806728980215	1039.5597390796254	1.5492008745516177	10.915316117606507	0.19931223947701987	10.644004411867837	0.18493552672151478	10.64400441186784	1.1459065856200823e-06	6.308552003009282e-08	False	False	False
588	10.643998430072925	0.18412349501767256	3.4086706640186057	7.303772886508568	0.7329443379474122	11.858182811194155	-0.33363315255522896	0.4116948346250614	399.8551771786095	0.384638960270452	10.81043654550881	0.189106792430244	10.643998430064793	0.18412349501734251	11.168132993679155	-8.132161610774347e-12	-3.300415496454434e-13	False	False	False
601	10.643995010912603	0.18273616583883726	3.5415489998442227	6.8487210053735375	0.7133782997103993	9.446116579290841	-0.4536704245062973	0.4007045909473313	302.04293767980124	0.7553808351589332	10.877221485868924	0.19259791185625139	10.643995009274079	0.18273616576008647	10.64399500927408	-1.6385239831606668e-09	-7.875078367192145e-11	False	False	False
602	10.644024102166043	0.18380483618941504	3.5753228936282877	5.891879291977585	0.7662397767875693	10.384089537518157	-0.3655270104438435	0.43039688262157766	784.7084839607556	2.5980030852190725	11.519356090142606	0.2373036612005274	10.642668294578302	0.12432912731876886	10.642668294578302	-0.0013558075877408982	-0.05947570887064618	False	False	False
606	10.64397747889515	0.18329997791438016	2.8689865131008263	6.683266959387297	0.7207444406168573	9.894299352088053	-0.41765594612848345	0.4048421522944887	402.551592764818	0.5129950816040243	10.943632493985637	0.19970276288727576	10.643977530297203	0.1832999809474653	10.643977530297207	5.14020523922909e-08	3.033085144155123e-09	False	False	False
608	10.643966537869654	0.18365297023461125	3.500070764104742	6.574150537268239	0.748509139232293	6.298909276211016	-0.4503965976523585	0.42043758350677896	307.5764206295276	0.7640670814814597	10.851240507354717	0.19739199888520137	10.643966537182793	0.18365297019948285	10.643966537182795	-6.86860346377216e-10	-3.5128400188710884e-11	False	False	False
610	10.644006646583168	0.18304510722760825	3.5132924329675213	6.610751560887969	0.7390587896230548	7.44601209614486	-0.47475200310165533	0.41512932213126985	334.7102555072771	1.0882181892298952	10.88247204569894	0.19781748113453282	10.644006646003652	0.1830451072068382	10.644006646003653	-5.795168789290983e-10	-2.077005234468743e-11	False	False	False
615	10.64395201404378	0.18335380368228735	3.3567498791873986	6.783047765000183	0.7649897430114205	3.7048199458764404	-0.49623737115180405	0.4296947386495149	171.27344918354683	0.5117066070293239	10.723438104214972	0.18793432389928522	10.64395201429048	0.1833538036958948	10.643952014290482	2.467004378559068e-10	1.3607448501318231e-11	False	False	False
617	10.64394127573669	0.18356484946224577	3.6015063613808795	6.27856432348099	0.8196746310703229	0.4229491526804392	-0.41432223445294747	0.4604112402722004	320.1148490054988	1.869027864689317	10.58575767447223	0.18327082178492204	10.644292641333479	0.18357590319733513	10.64429264133348	0.0003513655967886109	1.105373508936136e-05	False	False	False
620	10.643972752783574	0.1848460754827649	3.9580079689221637	5.874795019597695	0.7726815322590108	3.3620712765987224	-0.4512760028412271	0.43401521666988635	523.8813457571033	1.6365418454802898	10.647860628812987	0.11567971743956075	10.598837100808185	0.09763560399919467	10.598837100808185	-0.04513565197538938	-0.08721047148357024	False	False	False
