Iteration_step	Porb	eccentricity	Wdisk	logQ	primary_mass	age	feh	secondary_mass	posterior_probability	acceptance_ratio	inital_orbital_period	initial_eccentricity	current_orbital_period	current_eccentricity	current_spin	delta_e	delta_p	bad_solution_flag	gsl_flag	
3	10.643999161310441	0.1853765620087498	4.01722070653201	5.916610057862011	0.8004210542851303	8.222218146435205	-0.1458832521274953	0.4495965061919577	nan	0.5364273324310527	nan	nan	10.643999161310441	0.1853765620087498	nan	nan	nan	False	True
4	10.643915827050185	0.1865288827490337	4.329119494469738	5.862897716120158	0.7622632707622783	8.153970463480364	-0.2740739704377689	0.4281632791871717	0.2007288952043684	0.002522410026188844	11.9951122088369	0.31205119688533434	10.734502948284637	0.1988714779678907	10.73450294828464	0.0905871212344529	0.012342595218857	False	False
5	10.644042068688385	0.18490877820425022	4.669131415399038	6.972208439019359	0.8032503370956426	6.957736080446055	-0.4192692510358601	0.45118571434662247	0.0	0.0	10.79901164951306	0.1928986893729515	10.644042069501365	0.18490877823736196	10.644042069501365	8.129799056177944e-10	3.311173557563052e-11	False	False
6	10.643984187948405	0.18387763035868693	5.014615902099468	6.48159119615936	0.8201169681137425	7.702514078429973	-0.1922255312926312	0.4606597009894891	nan	0.0	nan	nan	10.643984187948405	0.18387763035868693	nan	nan	nan	False	True
7	10.643996822080938	0.18429343400913362	4.22836141969271	7.539809568408954	0.721974594223723	6.780835299486078	-0.703724252021877	0.4055331295754652	3.0421815121678857e-12	3.8228821714810175e-14	10.686952563260759	0.18560942879584175	10.643996822081546	0.1842934340103184	14.94393264399643	6.075140390748857e-13	1.1847745007287358e-12	False	False
8	10.64399402946202	0.1849332030446331	4.864271326179726	5.584282967494844	0.713369928041423	6.012209899997705	-0.7129699244106502	0.40069988858086725	0.0	0.0	11.048510592310315	0.18677153037933183	10.645139380378945	0.11381235171791691	10.645139380378946	0.0011453509169250253	-0.07112085132671618	False	False
9	10.644049374782698	0.18417029495553555	5.294591850976849	6.951474250008852	0.6808093016792218	6.110010902135295	-0.6875655878891115	0.3824105847532189	nan	0.0	11.048510592310315	0.18677153037933183	10.645139380378945	0.11381235171791691	10.645139380378946	0.0011453509169250253	-0.07112085132671618	False	False
10	10.644027557342408	0.18563269456597215	5.111944434242364	6.179558203959005	0.7390587896230548	7.44601209614486	-0.47475200310165533	0.41512932213126985	0.0	0.0	11.109032003788423	0.22961307688130772	10.644035980711497	0.18564870401547465	10.644035980711497	8.42336908846164e-06	1.600944950250205e-05	False	False
11	10.644053266209774	0.18445690190109518	4.217444238442651	6.41629796331997	0.7042142378347327	6.966926506204055	-0.4778034224639888	0.39555713739176934	nan	0.0	11.109032003788423	0.22961307688130772	10.644035980711497	0.18564870401547465	10.644035980711497	8.42336908846164e-06	1.600944950250205e-05	False	False
12	10.644033994645886	0.18598468784027464	4.6653275708315896	5.897624621175657	0.7838098641644937	7.920379818252386	-0.3986871037429715	0.4402660007011961	0.0	0.0	11.838137636704689	0.2965898491065259	10.643832445389023	0.17545679421378782	10.643832445389025	-0.00020154925686277636	-0.010527893626486817	False	False
13	10.64399545323281	0.18598723590738697	3.501061421600083	6.329125891657579	0.7384046984753139	7.949837364812398	-0.6013482929593705	0.4147619191335838	19.212981789526374	0.2414351847527646	11.056158336877182	0.2185758196087261	10.64399545308872	0.18598723589864835	10.64399545308872	-1.4408918502795132e-10	-8.738620937975838e-12	False	False
14	10.64404934457658	0.18681574825532077	4.325045058220642	6.953405334327008	0.6914453941920674	6.836697073078053	-0.5451620338277781	0.3883848779176842	nan	0.2414351847527646	11.056158336877182	0.2185758196087261	10.64399545308872	0.18598723589864835	10.64399545308872	-1.4408918502795132e-10	-8.738620937975838e-12	False	False
15	10.644031061479312	0.1857802132822448	3.817267719140209	5.575527480648832	0.8006560023562699	7.257600363020434	-0.1960641232982202	0.4497284765235168	nan	0.2414351847527646	nan	nan	10.644031061479312	0.1857802132822448	nan	nan	nan	False	True
16	10.64400854569538	0.18516348933370447	4.539641670716437	6.098073246131384	0.7760850747673992	7.203479077728442	-0.30397112097861	0.4359269864968481	0.0	0.0	11.224709189492332	0.24838856259293	10.644008545132783	0.1851634893064824	10.644008545132786	-5.625970800338109e-10	-2.7222057941145295e-11	False	False
17	10.644055884363187	0.18659386476089204	3.836772586152465	7.066031817512464	0.7238027682091701	7.632184031605107	-0.5132470046544049	0.40656001490309085	1.0710716579430286	0.013459357139446897	10.794566894765515	0.19137548859580236	10.64405588440719	0.18659386476448	10.644055884407193	4.4003911625623005e-11	3.5879632598323496e-12	False	False
18	10.644049650840419	0.18284432756248728	4.540372368464512	6.007251191849636	0.7050677590320883	7.457213017117622	-0.5706491292514542	0.39603656024832395	nan	0.013459357139446897	10.794566894765515	0.19137548859580236	10.64405588440719	0.18659386476448	10.644055884407193	4.4003911625623005e-11	3.5879632598323496e-12	False	False
19	10.643995910490764	0.1840949330662076	4.861533172983497	5.62685818070662	0.7306904014360822	6.5823541899719755	-0.6220674358784515	0.4104287984866474	nan	0.013459357139446897	nan	nan	10.643995910490764	0.1840949330662076	nan	nan	nan	False	True
20	10.644016607468217	0.181924183017745	3.8449871758956267	6.556359439654719	0.7068165013206664	7.875164687370266	-0.6542732439226762	0.3970188287918183	nan	0.013459357139446897	nan	nan	10.643995910490764	0.1840949330662076	nan	nan	nan	False	True
22	10.644077662826401	0.18744127106666258	3.48351497651677	6.516488965787908	0.8201169681137425	7.702514078429973	-0.1922255312926312	0.4606597009894891	nan	0.6985299571876006	10.644077662826401	0.18744127106666258	10.332802421751733	0.1601899668654435	nan	-0.311275241074668	-0.027251304201219073	True	False
23	10.644041321195777	0.18619794596202596	3.255477334444521	6.892621128371249	0.8006560023562699	7.257600363020434	-0.1960641232982202	0.4497284765235168	8.84407256164496	0.1591010518264759	10.820807760891444	0.19605782264101454	10.644041321010759	0.1861979459509579	10.64404132101076	-1.850182229645725e-10	-1.1068063132668726e-11	False	False
24	10.644089742746461	0.1847660357442676	4.208221674426691	7.142252399816344	0.8131888067346906	7.96443339239797	-0.3608958802142415	0.4567681527428757	2.2789776989752837	0.04099782611107497	10.799518401805011	0.19145224630828894	10.64408974278671	0.18476603574868355	10.644089742786711	4.0248693267130875e-11	4.415967591597791e-12	False	False
25	10.644088512215456	0.18378582000913413	2.8976877620904666	6.252220953264539	0.6295831354144482	7.931535847726261	-0.8193263465071015	0.35363684716229554	nan	0.04099782611107497	10.799518401805011	0.19145224630828894	10.64408974278671	0.18476603574868355	10.644089742786711	4.0248693267130875e-11	4.415967591597791e-12	False	False
26	10.644043011226938	0.1857361411972942	4.493324206658908	6.092673541209365	0.7079185414702819	6.316215456390018	-0.5251232565918247	0.3976378447438573	nan	0.04099782611107497	10.799518401805011	0.19145224630828894	10.64408974278671	0.18476603574868355	10.644089742786711	4.0248693267130875e-11	4.415967591597791e-12	False	False
27	10.644038889109552	0.18623300762650646	2.5274222889281726	6.445756066750667	0.7219182224377577	7.110154497653714	-0.36071704026959805	0.4055014655432885	6.636703758848062	0.11939143887994728	10.927481517943493	0.20587267675594684	10.642821006171175	0.18595650187642193	10.642821006171175	-0.0012178829383771017	-0.0002765057500845325	False	False
28	10.644080512004605	0.18446452337182714	3.08532406468946	6.733772888626127	0.6548231028261967	6.224990668820778	-0.7620540702702698	0.36781413685747466	nan	0.11939143887994728	10.927481517943493	0.20587267675594684	10.642821006171175	0.18595650187642193	10.642821006171175	-0.0012178829383771017	-0.0002765057500845325	False	False
29	10.644078621630081	0.18593888994566285	3.4512289282377533	6.33066284848703	0.6998940473218666	7.238731207179843	-0.5041198118562749	0.3931304863806924	nan	0.11939143887994728	10.927481517943493	0.20587267675594684	10.642821006171175	0.18595650187642193	10.642821006171175	-0.0012178829383771017	-0.0002765057500845325	False	False
31	10.644031696403996	0.1846744891401145	4.154776744932831	7.727817033491047	0.7421680569893404	8.85718245523329	-0.362652972384012	0.4168757976109125	7.982140575623269e-19	3.2156328895136238e-21	10.688729100731456	0.1860315018760282	10.644031696490188	0.18467448914485599	15.920567294049363	8.619238656137895e-11	4.741484982417887e-12	False	False
32	10.644037225752609	0.1844725146716572	3.852798617008385	6.395881370086156	0.7663125462551829	8.74247554674311	-0.33690204307483895	0.4304377572315362	nan	3.2156328895136238e-21	10.644037225752609	0.1844725146716572	10.253830229604159	0.1518743206012129	nan	-0.39020699614845	-0.032598194070444314	True	False
33	10.644047547841916	0.18353590337227718	3.5559001561360755	8.151600876653248	0.724403420846037	6.7037776851198725	-0.467280008354178	0.406897401489219	7.164692384079238e-113	2.8863210632812014e-115	10.654839832889106	0.18385884908566283	10.64404754772872	0.18353590336632236	23.839690003599433	-1.1319656323394156e-10	-5.954819970455105e-12	False	False
35	10.643974652482473	0.18673669294067516	4.101500497282154	5.8450610974929695	0.6809837049852472	6.853044698421903	-0.6001150109182635	0.3825085470902133	nan	0.19398378051841078	11.094666267973947	0.22722051090010575	10.643964260299148	0.18502734002389257	10.643964260299148	-1.928768256220792e-10	-5.298442240508905e-11	False	False
36	10.643949945748474	0.18501654798554865	4.55253167317534	5.826124600135294	0.7145205502207148	8.720121775655784	-0.4664191112816842	0.4013461930589755	0.0	0.0	11.954212834014287	0.30388653480103783	10.637865484702296	0.1837216464621135	10.637865484702298	-0.0060844610461785464	-0.0012949015234351435	False	False
37	10.643965069418801	0.1844496496036088	4.495638557954689	7.284907174711286	0.721969331552609	7.825184561185393	-0.5118353933951514	0.40553017353310045	0.0	0.0	10.738995835717036	0.18734154176258577	10.643965069497865	0.18444964960700075	12.034584211859162	7.906386656486575e-11	3.3919533848347783e-12	False	False
39	10.643906745080868	0.1843486521686877	4.390539206180432	5.82963664580582	0.826294269561059	8.181866374608443	-0.12578165451181603	0.46412949121244684	nan	2.200966104037776	nan	nan	10.643906745080868	0.1843486521686877	nan	nan	nan	False	True
40	10.643999257933867	0.18432738136650717	3.906919261846516	6.9483328632002825	0.6678083957560645	7.894200070675188	-0.6139321498599009	0.37510797589618144	nan	2.200966104037776	nan	nan	10.643906745080868	0.1843486521686877	nan	nan	nan	False	True
41	10.644010353880123	0.1873819066222408	4.841426359224933	6.543101593512187	0.7455493575090022	7.38492544868688	-0.42444220035532265	0.4187750741128065	0.0	0.0	10.914312800137957	0.2057529434890827	10.64401035492487	0.18738190667396767	10.644010354924871	1.0447465115248633e-09	5.1726872785096134e-11	False	False
42	10.643974895450121	0.18356401241872652	4.060502267591375	5.2807677802127575	0.8118685463113413	8.020623579192714	-0.26230213554182535	0.4560265624630804	nan	0.0	nan	nan	10.643974895450121	0.18356401241872652	nan	nan	nan	False	True
44	10.643998623011157	0.18589977448795936	4.0447255456501	7.69430768721263	0.7743579109614658	8.005816781393051	-0.25050357128340517	0.4349568385870553	6.591743118657282e-11	5.2497425279758804e-12	10.692729384034404	0.18739495859406782	10.643998622973378	0.1858997744847068	14.58293347854111	-3.777955726036453e-11	-3.25256488409309e-12	False	False
45	10.644011341984468	0.18564083262806172	4.122460122732984	7.7625046427631785	0.7814163684085634	6.073825596043279	-0.3102843716061351	0.4389215741350901	8.399206410695244e-17	6.689227765971593e-18	10.673764845635475	0.18656963322510642	10.644011341906756	0.18564083262422013	15.592881852660982	-7.771205901008216e-11	-3.841593709807967e-12	False	False
46	10.643969801416382	0.18689178274548712	3.5391731735642384	7.6406084713045495	0.7079185414702819	6.316215456390018	-0.5251232565918247	0.3976378447438573	nan	6.689227765971593e-18	10.673764845635475	0.18656963322510642	10.644011341906756	0.18564083262422013	15.592881852660982	-7.771205901008216e-11	-3.841593709807967e-12	False	False
47	10.64399534964522	0.18375552861055044	3.2081407408096627	8.148817373445512	0.7743579109614658	8.005816781393051	-0.25050357128340517	0.4349568385870553	3.711206977506253e-68	2.9556493251065895e-69	10.66103578874976	0.18426796896767034	10.643995349632915	0.18375552861104114	20.87536550846745	-1.2304823826525535e-11	4.906908213087036e-13	False	False
48	10.643971777348153	0.1865429923476045	3.786802175950108	7.6504530343647605	0.7462207998524336	6.270630396551462	-0.4552433245094686	0.41915222327711193	1.0260926192552135e-16	8.171923517012775e-18	10.678778907914323	0.18762476903927877	10.643971777431126	0.1865429923528299	15.419752685775826	8.29736279683857e-11	5.225403443276377e-12	False	False
52	10.644057005000636	0.18462149219340349	3.064452519649433	5.681594465898576	0.7791342951520527	7.1465402728795375	-0.33818850305574255	0.437639733586908	29.438672714206216	0.29868515049423	11.346980098272788	0.23162201709729138	10.633220221721798	0.1160278347336695	10.633220221721798	-0.010836783278838524	-0.06859365745973399	False	False
54	10.644078987634085	0.1838790495365686	3.2095344376594883	6.746850895844747	0.7850716828348466	5.902011532321507	-0.4033310252676585	0.4409747642483333	7.47613155908549	0.07956909500810526	10.804606430385858	0.19386034730702092	10.644078987321969	0.18387904953139364	10.644078987321972	-3.121165548236604e-10	-5.17497156238278e-12	False	False
56	10.644038822679837	0.1835209500690312	1.2139268674177632	5.8355187336724095	0.751373692081831	5.477075160772723	-0.5495168157402404	0.42204660284236445	nan	1.8134454328340106	nan	nan	10.644038822679837	0.1835209500690312	nan	nan	nan	False	True
57	10.64401899596512	0.18470329966846263	2.276103231336903	5.674393141248081	0.7611064924630749	5.2849364563019	-0.43636269340217393	0.4275135168165092	nan	1.8134454328340106	nan	nan	10.64401899596512	0.18470329966846263	nan	nan	nan	False	True
58	10.643992948612087	0.18469962846221538	2.346330126391809	5.0904055211032055	0.7310630366534807	4.8282850978551535	-0.4849593864473221	0.4106381076882601	nan	1.8134454328340106	10.78066346125389	0.15604544167706996	10.532556755571536	0.03874210723182906	nan	-0.11143619304055186	-0.14595752123038633	True	False
60	10.644016003896946	0.18338766466841516	2.142625526489902	6.266678151027988	0.6873360473769321	5.094833984241724	-0.5074481036784398	0.38607665781162276	nan	0.6137015596564698	10.882002805910892	0.20167263453579698	10.643983229845142	0.18331439944897074	10.643983229845146	1.1136771931319345e-06	2.0006808798544995e-07	False	False
63	10.644051706429561	0.18126341390412043	2.117737876059083	6.391212413077689	0.760946048167198	5.035414481550859	-0.2630776046151847	0.4274233952555151	1.2605382212082132	0.03795318095861945	10.849360710126229	0.19835214386573208	10.644051708370906	0.1812634139978403	10.64405170837091	1.9413448626437457e-09	9.371986520179121e-11	False	False
65	10.644066355769056	0.18404203614193976	2.7212573870957044	5.622498645565673	0.7028972418514389	7.240734397660477	-0.6689193073187791	0.3948173807479532	nan	0.3995583438753842	10.944561841585653	0.18680359105260047	10.64366645768871	0.1581528729273546	10.64366645768871	-0.00037693289485574155	-0.02408490879137759	False	False
66	10.644055715598665	0.18260992943107457	3.1342804867807224	6.687755510517161	0.6942213972434168	4.972748069624251	-0.5783034032252112	0.3899441588316272	nan	0.3995583438753842	10.944561841585653	0.18680359105260047	10.64366645768871	0.1581528729273546	10.64366645768871	-0.00037693289485574155	-0.02408490879137759	False	False
67	10.644081359767585	0.1828378632623787	2.8099735746541152	6.449779750754168	0.7204006792913851	7.25959399146942	-0.6052215438172988	0.404649061557971	2.892514622250508	0.21796538114891786	10.924726345912124	0.20185946468837251	10.644081360630736	0.18283786329951063	10.644081360630738	8.631513281898151e-10	3.713193641452506e-11	False	False
69	10.644045515784171	0.18476641943318864	2.9870226958208597	5.913606681725796	0.7182532545541557	7.7546954995033355	-0.8097750816792382	0.4034428530830692	nan	6.707332785313464	nan	nan	10.644045515784171	0.18476641943318864	nan	nan	nan	False	True
70	10.644084505474087	0.18110952671330388	2.1970047370773176	6.207054024404885	0.6929468317248999	8.79154802991054	-0.6242086047317462	0.3892282353798763	nan	6.707332785313464	nan	nan	10.644045515784171	0.18476641943318864	nan	nan	nan	False	True
71	10.644023558677683	0.18478800268408682	2.3897989320551507	6.34830633710586	0.6793298756406385	7.003591640527243	-0.8169994348222588	0.38157959114734663	nan	6.707332785313464	nan	nan	10.644045515784171	0.18476641943318864	nan	nan	nan	False	True
72	10.644017138191986	0.18655301906506966	3.3462354842603905	6.848211357987386	0.7050677590320883	7.457213017117622	-0.5706491292514542	0.39603656024832395	nan	6.707332785313464	nan	nan	10.644045515784171	0.18476641943318864	nan	nan	nan	False	True
73	10.643984031955565	0.1839090790612121	3.168780409154349	6.045372225364474	0.6273097943649747	6.94277125177056	-0.7297891931674343	0.3523599114948063	nan	6.707332785313464	nan	nan	10.644045515784171	0.18476641943318864	nan	nan	nan	False	True
74	10.64402981769604	0.1828100522724802	3.093084625198614	5.503592738132014	0.7086884704646212	6.882231544607446	-0.6511110451326609	0.39807031385997776	nan	6.707332785313464	nan	nan	10.644045515784171	0.18476641943318864	nan	nan	nan	False	True
75	10.644010696920253	0.18472397375209995	2.7133531343884663	5.884138772793718	0.6882577332496008	7.487928432153521	-0.6225191826305291	0.38659436876630077	nan	0.0	nan	nan	10.644045515784171	0.18476641943318864	nan	nan	nan	False	True
78	10.64394574215277	0.18683278409516185	2.343875242646652	6.795200379800278	0.7445841003999498	7.108844051670732	-0.6850702643465028	0.4182328891946518	0.6611036758871163	0.12887356467270514	10.828931131820676	0.19620197592763325	10.64394576188573	0.18683278526862346	10.643945761885732	1.973296015478354e-08	1.1734616056635616e-09	False	False
80	10.643922094906278	0.18128868071895654	2.407624339798355	6.262530518936635	0.6882093631904315	8.62141093097929	-0.6122144786322458	0.38656719930406536	nan	1.3026764097631702	10.850557799280319	0.19672334307760297	10.643920398252655	0.18399261128393576	10.643920398252655	-6.261089424697275e-10	-2.8526930817562857e-11	False	False
82	10.643954256682717	0.18545717149503735	3.0346087740973076	6.227624040066869	0.8560822168299508	7.7747461770679545	-0.09991852802600013	0.48086138119338334	35.79586541895902	0.6218714911564911	11.276840958970789	0.25184119620318546	10.642528121656854	0.17987479266035258	10.642528121656854	-0.0014261350258628624	-0.005582378834684765	False	False
83	10.643952710426328	0.18382556897125776	2.1857240988014137	5.507217676688207	0.6787916899706475	7.129979650580801	-0.8276189375983669	0.3812772922565127	nan	0.6218714911564911	11.276840958970789	0.25184119620318546	10.642528121656854	0.17987479266035258	10.642528121656854	-0.0014261350258628624	-0.005582378834684765	False	False
84	10.643942332195868	0.18362898540976183	2.7768016390783195	5.545674929790936	0.7328134907237499	7.665929972833652	-0.5573169168120665	0.4116213377395303	nan	0.6218714911564911	10.64124744396938	0.16203975236314672	10.209601787953583	0.06410585073343329	nan	-0.43434054424228563	-0.11952313467632854	True	False
86	10.643940238990863	0.18442025074321375	3.3334715603999534	5.936204683565323	0.6785673838885684	5.776451535769049	-0.6187562714312708	0.3811512995302089	nan	1.0183935605172096	10.73392813086882	0.10423226876875952	10.549192557315209	0.086591904171486	10.549192557315209	-0.0947625577351019	-0.09787146003204071	False	False
88	10.643926051387128	0.18302904862155447	2.6844007001215506	6.028421231919397	0.7068165013206664	7.875164687370266	-0.6542732439226762	0.3970188287918183	nan	0.5668545963010636	11.068540939441695	0.22785127606762867	10.64394355194945	0.18317897924556786	10.64394355194945	-5.690286380755083e-06	-3.1230959787742485e-07	False	False
93	10.643951788029407	0.18321256251845494	1.055740340914702	5.926808263422082	0.7096209564973343	6.0464665251364496	-0.5495850960642962	0.39859409126455264	nan	2.007532239673237	10.890123536277388	0.20427940028639216	10.64400825483571	0.18314953459595348	10.644008254835713	6.05068565917577e-06	0.00021012799056865927	False	False
94	10.643984990381828	0.18246775915437363	1.5771555224372729	6.568017548093854	0.6806370981493305	5.232229738821067	-0.658363515839233	0.3823138580304789	nan	2.007532239673237	10.890123536277388	0.20427940028639216	10.64400825483571	0.18314953459595348	10.644008254835713	6.05068565917577e-06	0.00021012799056865927	False	False
95	10.643979297006306	0.18229807079846316	1.4512778991195456	5.797484548019396	0.6974961620312782	6.503605835882461	-0.7081640760937298	0.39178359421296893	nan	2.007532239673237	10.890123536277388	0.20427940028639216	10.64400825483571	0.18314953459595348	10.644008254835713	6.05068565917577e-06	0.00021012799056865927	False	False
97	10.64403733804723	0.18366559427447443	1.7339583927470448	6.745931842677912	0.6791066884711823	6.419169274478071	-0.5985210647670687	0.38145422691426306	nan	0.8737145251661458	10.772741600635602	0.19068223329835388	10.644031734529815	0.18460473121596635	10.644031734529815	3.704414552885282e-11	1.6399381852494344e-12	False	False
98	10.64397612131335	0.184900248144319	2.5727321853852048	7.2340985053758065	0.6844126671706418	5.402633502247371	-0.5162630874885834	0.3844345951497495	nan	0.8737145251661458	10.772741600635602	0.19068223329835388	10.644031734529815	0.18460473121596635	10.644031734529815	3.704414552885282e-11	1.6399381852494344e-12	False	False
99	10.644074271443174	0.18412993546846534	2.4913747247950107	6.763858835087468	0.7549376618844976	5.238015235161013	-0.3840845676410104	0.4240484846805223	10.722041717125157	0.1413871997075674	10.77385305823405	0.1913348089443552	10.644074273201912	0.18412993555679877	10.644074273201916	1.7587389322670788e-09	8.833342390879295e-11	False	False
101	10.644053571277363	0.1828400688049125	1.805166654804285	7.333660348649263	0.6696012972466377	4.617646002115945	-0.82640781271262	0.3761150486634364	nan	0.44496384408806117	10.744018371273429	0.19038323392447565	10.644049577433575	0.18487502356844726	10.644049577433575	-1.814974837088812e-10	-1.4866274877789465e-11	False	False
102	10.644025859801904	0.18566992034828297	2.7831427369846575	7.274125248432943	0.7628384649731201	2.7046412146372565	-0.784945710572239	0.42848636577540156	0.8434605325390239	0.024996122401951332	10.670562222780365	0.18659204310842512	10.64402585978472	0.18566992034845722	11.920003888601078	-1.7182699707518623e-11	1.7424950371491832e-13	False	False
103	10.644038950386483	0.1838108695150012	1.939214206996203	6.776219618790865	0.6873742970128482	5.154535216525878	-0.59547471870194	0.38609814263211684	nan	0.024996122401951332	10.670562222780365	0.18659204310842512	10.64402585978472	0.18566992034845722	11.920003888601078	-1.7182699707518623e-11	1.7424950371491832e-13	False	False
105	10.644087214675487	0.1846977166230292	1.8142789058769506	6.660921970911525	0.6766292063222489	6.9301771660189155	-0.7278444587305876	0.3800626251912072	nan	0.5423567337706601	10.779310695131926	0.19205507812346181	10.644052673517571	0.18521331814080455	10.644052673517571	1.3841106039080842e-09	6.827408083331932e-11	False	False
108	10.643985289938339	0.18476842001316524	3.020241796446258	7.042718929809279	0.7108040793892664	6.203812153283521	-0.45500673231337174	0.3992586513929509	nan	0.5971510926225673	10.839923683978162	0.20075989521801332	10.644038941552584	0.18589497402950636	10.644038941552587	-8.031530995822322e-10	-3.9714675992286175e-11	False	False
109	10.643966859329263	0.1863115591484794	3.34820600131672	6.180147779365033	0.7353956284107612	4.803623923155292	-0.4715147544792606	0.4130717244783246	6.115850133420889	0.4481232938352199	10.89138021465661	0.21099720318438525	10.64396685949884	0.18631155916358053	10.64396685949884	1.695781293165055e-10	1.51011148030733e-11	False	False
110	10.644034039770178	0.18673474946003843	2.218398103260609	6.135884560273144	0.761042155913466	4.172490045646146	-0.4274032669369301	0.4274773789765938	2.2444798858650254	0.16445852946990697	10.871428173857371	0.21315653263418655	10.644034040446384	0.18673474952538824	10.644034040446385	6.762057580544933e-10	6.534980889760789e-11	False	False
111	10.644042206313008	0.18686586112262232	2.9827788206385564	6.516367474027602	0.7103879692077478	4.245191774860251	-0.6989887997750709	0.39902492230399195	nan	0.16445852946990697	10.871428173857371	0.21315653263418655	10.644034040446384	0.18673474952538824	10.644034040446385	6.762057580544933e-10	6.534980889760789e-11	False	False
114	10.644048132560826	0.1865496532198431	4.510166005866591	6.546033989230801	0.7079185414702819	6.316215456390018	-0.5251232565918247	0.3976378447438573	nan	0.604351273686312	10.799312854022745	0.19369416454098454	10.644062366023148	0.18539916252490288	10.64406236602315	-8.740297374743022e-10	-5.0946358243209033e-11	False	False
115	10.644019164242449	0.18552733807028776	4.498979137092497	7.092436797023499	0.6938988736081895	6.712583227005349	-0.6045694128214409	0.38976299730572	nan	0.604351273686312	10.799312854022745	0.19369416454098454	10.644062366023148	0.18539916252490288	10.64406236602315	-8.740297374743022e-10	-5.0946358243209033e-11	False	False
116	10.644062019311438	0.1880944735040086	3.212854419966341	6.908218433188271	0.827009310597016	6.583459285496445	-0.03596620076696237	0.46453112976234384	0.013273178035744099	0.0013244403352389714	10.80122989009536	0.19743242213471957	10.644062018827531	0.18809447347370586	10.644062018827531	-4.839062484052192e-10	-3.0302732545450795e-11	False	False
118	10.644080702603224	0.18511704627052072	2.467004994247599	6.245618695340848	0.7522624740692699	4.186143250575295	-0.2992506612976627	0.4225458316847089	4.3110023494051	0.12029542156233444	10.83250499669879	0.20442447995997962	10.64408070258811	0.18511704626568654	10.644080702588111	-1.511502034645673e-11	-4.834188604974088e-12	False	False
119	10.644068378832976	0.18486880238259712	3.629940645350345	7.276888211518227	0.9383324481435238	4.731827636433001	0.017345761682887997	0.5270613361222173	32.1501674892566	0.8971273123879145	10.715230340204862	0.18883234530811388	10.64406837911472	0.18486880238376166	10.64406837911472	2.817444055835949e-10	1.1645406861049423e-12	False	False
120	10.644081154862555	0.18600174363726973	3.591063220827209	6.584239891786268	0.7649033822866333	4.949539511164486	-0.47458435435527585	0.42964622983040196	0.798285237742208	0.02227557570559873	10.799769990572987	0.19686602782532645	10.644081155249545	0.18600174366776737	10.644081155249545	3.8698999560438097e-10	3.049763219742374e-11	False	False
122	10.644050464384263	0.18467085436427147	4.143103099035595	5.065998446793853	0.7138378903484027	3.8680755382712615	-0.6837185864167423	0.4009627430086978	nan	2.4818138841143593	nan	nan	10.644050464384263	0.18467085436427147	nan	nan	nan	False	True
123	10.644064507416504	0.18548281897355406	4.697044621284787	6.122393827739267	0.6704634880813435	3.8635334149227196	-0.7349999108368535	0.3765993412552906	nan	2.4818138841143593	nan	nan	10.644050464384263	0.18467085436427147	nan	nan	nan	False	True
124	10.644046623152738	0.1841100792002965	3.669696048579785	5.643206142991927	0.8091256790496452	4.0723915492044505	-0.46675805151333344	0.4544858939221857	nan	2.4818138841143593	nan	nan	10.644046623152738	0.1841100792002965	nan	nan	nan	False	True
125	10.644025931676676	0.18425214878031354	3.4188915387265384	6.092468363021376	0.6938178835338511	3.6061404913736776	-0.5900962537166529	0.38971750518096415	nan	2.4818138841143593	nan	nan	10.644046623152738	0.1841100792002965	nan	nan	nan	False	True
126	10.644075611821133	0.18423059235645212	3.6576693115013246	5.939017285578958	0.6759692541393026	3.8226726089633436	-0.695726779698308	0.37969193005004626	nan	2.4818138841143593	nan	nan	10.644046623152738	0.1841100792002965	nan	nan	nan	False	True
127	10.64405609660709	0.18407091063478828	3.7555027131982657	6.170895456770053	0.7782016779535753	4.052107888544043	-0.48968911405770027	0.4371158825065232	34.63337504814851	0.38940044635557064	10.84444654497269	0.2084364209772439	10.64399033419403	0.18406669038973864	10.643990334194033	-6.576241305999986e-05	-4.220245049646465e-06	False	False
129	10.643973425159194	0.1829029519075779	3.764567546311956	5.520084906040124	0.7511233700546149	3.880387457036251	-0.4534279409569396	0.4219059969596772	nan	1.704683198114521	nan	nan	10.643973425159194	0.1829029519075779	nan	nan	nan	False	True
130	10.644035007209718	0.18334724337034358	3.5490009947583525	6.476023964526484	0.6688400290944251	4.9280847839141035	-0.8705595026675055	0.37568744434233853	nan	1.704683198114521	nan	nan	10.643973425159194	0.1829029519075779	nan	nan	nan	False	True
131	10.644010269272757	0.18367545046450895	4.637114518486543	6.842680077509606	0.6577665746663859	4.128019728908683	-0.7454342639948195	0.36946748499010895	nan	1.704683198114521	nan	nan	10.643973425159194	0.1829029519075779	nan	nan	nan	False	True
132	10.644022028566164	0.18415849490047198	4.451859725513081	6.56869223031931	0.6524825864240361	2.6831694408988733	-0.8562440567683544	0.36649946879438106	nan	1.704683198114521	nan	nan	10.643973425159194	0.1829029519075779	nan	nan	nan	False	True
133	10.644030827663203	0.1846929388685242	4.109008691272212	7.085376195907513	0.7057742738011515	3.305420057970525	-0.7943930717503778	0.3964334095941068	nan	1.704683198114521	nan	nan	10.643973425159194	0.1829029519075779	nan	nan	nan	False	True
135	10.644027183649028	0.1839298565467564	3.1482438248700384	5.922541163182565	0.722227572606124	4.801211538549612	-0.49350828310663325	0.40567522753285984	nan	0.81376359672736	nan	nan	10.644027183649028	0.1839298565467564	nan	nan	nan	False	True
136	10.644016284201362	0.1831080965463833	2.9281953767164888	6.6530987199872555	0.7279574764455575	4.012558890072411	-0.681641720869177	0.40889371451946965	100.4503724996242	0.814162775421234	10.743533274572451	0.18881521571085522	10.64401628398582	0.18310809653053445	10.644016283985819	-2.15541362535987e-10	-1.5848850010158344e-11	False	False
137	10.643984404371475	0.18428961634734767	3.297083878337484	6.349166901865118	0.6577665746663859	4.128019728908683	-0.7454342639948195	0.36946748499010895	nan	0.814162775421234	10.743533274572451	0.18881521571085522	10.64401628398582	0.18310809653053445	10.644016283985819	-2.15541362535987e-10	-1.5848850010158344e-11	False	False
139	10.644026861179073	0.18475340492031916	2.3721784958582073	6.367372818726604	0.714340201402173	4.467388774981838	-0.6382550315867647	0.4012448911276006	82.15004513184475	0.40623075676779036	10.812376015616895	0.19723360419669042	10.644026861819363	0.1847534049633858	10.644026861819366	6.402895991186597e-10	4.306663359265883e-11	False	False
141	10.643994649313077	0.1834790112946198	2.9228090125070976	4.915436162911977	0.7030326901636177	5.2797803709365265	-0.5886939052654564	0.39489346206490405	nan	0.7765011848740063	10.977438245036772	0.23666755849178595	10.644007951184845	0.1847762631196951	10.644007951184848	-7.348504027504532e-10	-7.784806133059874e-11	False	False
144	10.644015783236416	0.1853295396857296	4.698125248293405	5.9064128943254515	0.7166877758582619	2.964074334283862	-0.7527730933779508	0.4025635236995857	0.0	0.0	10.803691964869055	0.21194481043434957	10.64533608410793	0.1886423591470888	10.645336084107932	0.0013203008715141351	0.0033128194613591955	False	False
145	10.644033145542531	0.18600557402470766	4.302171435403283	5.9088483603906745	0.7945648210057628	2.629131690653304	-0.480114434258162	0.44630705995893694	17.709940127750645	0.17032973364441073	10.646726474095864	0.18602074295289234	10.554262446188151	0.16120537594830536	10.554262446188153	-0.08977069935438031	-0.024800198076402297	False	False
147	10.644020201009937	0.1849465768937327	4.491217775309643	6.09052823396409	0.779508873372487	3.922877248777362	-0.43956755686190463	0.4378501341733259	0.0	0.0	10.85911158643177	0.21384957508569738	10.644036168690507	0.1849481861764843	10.644036168690509	1.5967680569772824e-05	1.6092827516134278e-06	False	False
148	10.644083956650674	0.18419406482262493	4.282402468574245	6.538583624044417	0.7726815322590108	3.3620712765987224	-0.4512760028412271	0.43401521666988635	5.76558597736217	0.048589842563684475	10.738068908811018	0.1917446047467689	10.644083956371217	0.18419406480814798	10.644083956371219	-2.794564579744474e-10	-1.4476947418629038e-11	False	False
149	10.64405733137353	0.1833229773231586	3.9654657103615345	6.740736520555026	0.6949392310191858	2.049486559520254	-0.747507134893759	0.39034736606347664	nan	0.048589842563684475	10.738068908811018	0.1917446047467689	10.644083956371217	0.18419406480814798	10.644083956371219	-2.794564579744474e-10	-1.4476947418629038e-11	False	False
150	10.644035509961473	0.18323561929010365	4.0288547332005376	7.027082975517179	0.7273588428830297	1.7722066239901928	-0.4925874560978303	0.40855746204739773	86.95025356496164	0.7327787926816898	10.664290850115895	0.18403541420922	10.644035509848656	0.18323561928552237	10.657105258713335	-1.1281642287030991e-10	-4.581279799964477e-12	False	False
151	10.64400104443027	0.1865906259284789	3.512549662134024	6.2374245210449475	0.860050780033255	5.007292548765333	-0.193098567672783	0.4830905231446793	nan	0.7327787926816898	nan	nan	10.64400104443027	0.1865906259284789	nan	nan	nan	False	True
153	10.644038088025278	0.1836119745899455	4.5575172214544475	6.4120529960970245	0.7500392143873083	3.0624394430631114	-0.8136851034614015	0.42129702672135105	0.0	0.0	10.737218034668674	0.1913658994186105	10.64403808846611	0.18361197462184348	10.64403808846611	4.4083137140660256e-10	3.1897984253959066e-11	False	False
154	10.644059915106242	0.1834718766193283	4.159474473357058	6.0952329995742875	0.7392289164587367	2.5585288785617917	-0.42297078001410404	0.4152248823748724	31.76149318637687	0.5957361353914016	10.731193712518206	0.1971038845591099	10.644059913806705	0.183471876539236	10.644059913806707	-1.2995364784273988e-09	-8.009229390815165e-11	False	False
155	10.644057826845888	0.18353485639840172	3.8909967338971683	6.042628418744032	0.9099189277419182	2.2580893548796204	-0.1330454459114332	0.5111014617126354	nan	0.5957361353914016	nan	nan	10.644057826845888	0.18353485639840172	nan	nan	nan	False	True
156	10.64405000344891	0.1827240568773168	5.0155426933879745	6.242524644625593	0.6875384664541333	3.1743320935732866	-0.526425721739644	0.3861903566072867	nan	0.5957361353914016	nan	nan	10.644057826845888	0.18353485639840172	nan	nan	nan	False	True
157	10.644040928797196	0.18347905333093015	5.048309411281265	6.166317887016457	0.6890612075565239	1.7459901292767797	-0.7259084635057712	0.3870456802844994	nan	0.5957361353914016	nan	nan	10.644057826845888	0.18353485639840172	nan	nan	nan	False	True
158	10.64407939532799	0.18300121359132263	4.650514585428804	6.495741027298406	0.6900445870785302	2.364452672215188	-0.663531493638929	0.3875980445620104	nan	0.5957361353914016	nan	nan	10.644057826845888	0.18353485639840172	nan	nan	nan	False	True
159	10.644092107389683	0.1837671505539087	4.442151250345252	6.3577598034636935	0.7315211274007372	1.1005812800282802	-0.4417185470691645	0.41089541726099404	3.8302333108525524	0.07184197471022631	10.640304411034696	0.18570607359198385	10.644092107450533	0.18376715055372153	10.644092107450534	6.084910353365558e-11	-1.8715584637618576e-13	False	False
160	10.644093174787477	0.18455697550432024	4.050369274062062	6.710744767325198	0.7308414201278118	1.858103650092998	-0.7516225495718737	0.4105136256857919	3.045985039067693	0.057132180309851864	10.670409176799696	0.18636928810907452	10.644093173825057	0.1845569754882102	10.644093173825057	-9.624194774460193e-10	-1.6110029976701412e-11	False	False
161	10.64407518809509	0.18511598969698903	4.169869240741859	6.917377507298698	0.6808529292978343	2.3250333711780486	-0.7014320107656979	0.38243509038659346	nan	0.057132180309851864	10.670409176799696	0.18636928810907452	10.644093173825057	0.1845569754882102	10.644093173825057	-9.624194774460193e-10	-1.6110029976701412e-11	False	False
164	10.64402365180956	0.1831034852260357	3.738208579437248	6.62110573080838	0.7638623087481744	0.18704936875432432	-0.6763645470936223	0.42906145882384955	2.8524913127090357e-20	2.864884478329089e-22	10.625401470337895	0.18271683787119725	10.64402365180789	0.18310348522729303	4.187160188374049	-1.6697754290362354e-12	1.2573275753879898e-12	False	False
165	10.643988381193314	0.1836049507864722	2.700779981085982	7.951118102176879	0.6971804730546312	1.0367967887301754	-0.755563137531913	0.3916062717147863	nan	2.864884478329089e-22	10.625401470337895	0.18271683787119725	10.64402365180789	0.18310348522729303	4.187160188374049	-1.6697754290362354e-12	1.2573275753879898e-12	False	False
166	10.6439815096237	0.18375607206806138	3.30489635580576	6.357854565371623	0.7680010328763692	0.14947811524408894	-0.4972999416869684	0.4313861801666566	6.875398379313513e-24	6.90526979397446e-26	10.609010391194756	0.18301379302148268	10.643981509181975	0.18375607205119887	3.6894998135722967	-4.417248788968209e-10	-1.6862511387216728e-11	False	False
167	10.643965557003684	0.18269148582002168	4.574226796322644	7.038043728760764	0.7706312599804279	0.8814735203820523	-0.5787872874365756	0.43286357873100634	0.0	0.0	10.64222536044081	0.18292182182070596	10.643965556995425	0.18269148582065498	10.643965556995427	-8.258282946371764e-12	6.332989688218049e-13	False	False
169	10.64395119111718	0.1829379584062895	2.719937670103214	6.359551286046025	0.7470841988274691	0.16571910038557303	-0.5359523291966487	0.41963719448138936	3.821816744945678e-17	2.328488749187834e-19	10.610161949291058	0.1822343217843769	10.643951191536273	0.18293795843757796	4.702014018739383	4.190923164060223e-10	3.128844405786424e-11	False	False
170	10.644066624775679	0.1832945304362457	3.2704262968791933	7.729996145764188	0.7426587846045426	0.8950149590884451	-0.539876953593643	0.4171514393123716	8.477801162584273e-08	5.165204388995266e-10	10.64414301503684	0.18334147695034547	10.644066624788733	0.183294530437342	13.932346938129946	1.305444641275244e-11	1.0963174812417265e-12	False	False
172	10.643959961656167	0.18388250787622043	3.0653372763782105	7.045110363253374	0.7478636318554128	0.12610359007126237	-0.7656528549993006	0.4200750020131854	4.682819874234928e-28	4.066393930423094e-30	10.63841013101844	0.18376242444324534	10.643959961620075	0.18388250787505966	3.2035642795646364	-3.609201826293429e-11	-1.1607659278212168e-12	False	False
173	10.643916772348456	0.1829577331958703	2.4788648294411053	7.005511754231582	0.6878967774303562	0.857233833485212	-0.7391943258662236	0.38639161988263104	nan	4.066393930423094e-30	10.63841013101844	0.18376242444324534	10.643959961620075	0.18388250787505966	3.2035642795646364	-3.609201826293429e-11	-1.1607659278212168e-12	False	False
175	10.643942247691358	0.1809928042501099	3.095957482405511	7.1382945834082925	0.7343430799181736	1.748818674366022	-0.4520026693394208	0.4124805079900381	0.07052680052454398	0.001020960953954362	10.659750243703813	0.18161685941581332	10.643942247757527	0.18099280425126021	11.436826816794044	6.616929226765933e-11	1.1503020758141247e-12	False	False
177	10.643966189167394	0.18400543781712933	2.070320226434864	6.199833774227834	0.8007404447941179	0.07588095671694439	-0.6296807537247272	0.44977590784085597	5.335917093209079e-32	2.8815681860032246e-33	10.605338684041746	0.1831369373977227	10.643966189168953	0.1840054378172918	2.750923047126068	1.55964130499342e-12	1.6248113965389166e-13	False	False
178	10.643989611852513	0.18092929376577746	2.313245610677429	6.622916826271836	0.8077949497574148	0.31070687578213846	-0.32917209467765246	0.4537384232787399	0.003811963592366885	0.00020585838989040255	10.617081346675967	0.1805228626366795	10.643989611825555	0.1809292937624403	7.941519712603104	-2.69579913947382e-11	-3.3371638785695268e-12	False	False
180	10.644000961780957	0.18284237665110115	1.8096676508655898	7.272017972574791	0.7702488362068202	1.994943192169013	-0.5721886257139991	0.4326487712973709	4.1212568195683	0.02497868168729739	10.66139179848611	0.18349540433677483	10.644000961754667	0.1828423766474745	11.782090801222601	-2.6290081223123707e-11	-3.6266545322405364e-12	False	False
181	10.643949166994524	0.18348398501513744	1.489890686514006	6.412296224882978	0.7759546124086386	1.5236376518215262	-0.46712832049145026	0.43585370578993227	56.34482280812065	0.34150247249057536	10.667583763569379	0.18727325874885786	10.643949167704967	0.18348398505837452	10.643949167704971	7.104432597770938e-10	4.323708058251441e-11	False	False
182	10.643933999204874	0.18193477247602968	2.771262453981157	6.8625761336583695	0.8951606622049426	0.9274826563914279	-0.3322180023456023	0.5028117439605162	4.1344555876482	0.025058678601094873	10.63382431326442	0.18263326735498692	10.643933998860994	0.1819347724611933	10.643933998860996	-3.438795914689763e-10	-1.4836382122851433e-11	False	False
183	10.643969690935378	0.1823357556333429	2.6487282036086928	7.167877603220536	0.8039417732692734	1.4203779250630746	-0.4169701555595773	0.45157409404535087	38.17048714114073	0.23134895248957232	10.653864113739049	0.18289465748335346	10.64396969114819	0.18233575564055537	10.643969691148191	2.128111020738288e-10	7.2124806127504826e-12	False	False
184	10.643987753490654	0.18334747887087624	1.5390389646280451	7.851818019005578	0.7273588428830297	1.7722066239901928	-0.4925874560978303	0.40855746204739773	5.586007888286944e-40	3.3856446965823326e-42	10.647236668000673	0.18347300253137838	10.64398775349512	0.1833474788700141	18.437094486474837	4.46576109425223e-12	-8.621436897726653e-13	False	False
185	10.643971848499687	0.18036497717096805	3.0715065917205875	6.777250776082174	0.7368420353146602	1.3051292653944915	-0.5518086030627215	0.4138841712362446	0.21694600096397385	0.0013148962412827397	10.653571269497075	0.18130802647167077	10.643971848616196	0.18036497718137628	10.643971848616198	1.1650946873942303e-10	1.040822983355838e-11	False	False
188	10.644002781214668	0.1851042090335376	2.4666136219037242	6.668490802366265	0.8263708495468257	2.744803585539702	-0.22722113065300747	0.46417250619045197	149.28778958650946	0.25186740787105993	10.70543766332801	0.19054177844014905	10.644002781797129	0.18510420905160602	10.644002781797129	5.824603022119845e-10	1.8068407880988957e-11	False	False
189	10.644005929117537	0.18508710910996556	4.093640221355393	6.239431846925328	0.8040025798225995	1.2335050339045504	-0.35809787092033724	0.4516082490863541	142.4143096036826	0.24027097663496733	10.631930841539443	0.18942832480458727	10.644005926899966	0.1850871090232274	10.644005926899968	-2.217570127527324e-09	-8.673817220028468e-11	False	False
190	10.644008168408803	0.1839294366938977	3.6689775916805307	7.631792008449548	0.811119241908546	2.8820176557771173	-0.3172274450012242	0.4556056781800303	5.973100317519149e-07	1.0077376710407816e-09	10.659487513447564	0.1844668118887794	10.644008168214746	0.18392943668189332	13.961013202996682	-1.9405632656344096e-10	-1.2004369720486352e-11	False	False
191	10.643984641053393	0.18546650021320243	3.4180244632760677	5.302105896361656	0.9099189277419182	2.2580893548796204	-0.1330454459114332	0.5111014617126354	nan	1.0077376710407816e-09	nan	nan	10.643984641053393	0.18546650021320243	nan	nan	nan	False	True
193	10.644041049322073	0.18444666948287486	2.689700337835598	7.093260406505193	0.8443298926770244	2.677011072935742	-0.36419489528044546	0.47426010071668456	88.4419009559401	0.29597955357462	10.680816596858762	0.186500023563693	10.644041049959677	0.18444666952028388	10.644041049959677	6.376037475774865e-10	3.740902032589588e-11	False	False
195	10.644056390728151	0.18352436629465435	2.1303953202511896	6.644829604370734	0.7533198191984547	3.6011979969399706	-0.3734360253221853	0.423139742443772	36.30003031244031	0.11696709990467401	10.734114084900076	0.18952860575873828	10.644056390514406	0.18352436629437843	10.644056390514406	-2.1374546577135334e-10	-2.7591817719496703e-13	False	False
196	10.644035553457183	0.1831087611075163	2.6446698963661355	5.814966257736163	0.8032646616838	3.440423639512508	-0.3040552814267628	0.4511937604677904	79.35012178074554	0.25568445926602207	10.9900870326489	0.23890651196787285	10.64623721983008	0.18332130224833873	10.646237219830082	0.002201666372897648	0.00021254114082241982	False	False
198	10.643986131758853	0.18240908178319132	1.3035224693429692	5.730074423052635	0.7871264523631022	1.350511111924666	-0.4369337145894559	0.4421289282923545	nan	0.5824429549333269	nan	nan	10.643986131758853	0.18240908178319132	nan	nan	nan	False	True
200	10.644015599361273	0.18338009066364364	1.6921638797859242	6.064539789249663	0.9809982181838464	3.0150299439597217	0.183537508715379	0.5510266991538665	nan	2.1526638755435323	10.644015599361273	0.18338009066364364	10.51549926248958	0.1452886306220077	nan	-0.12851633687169262	-0.03809146004163594	True	False
201	10.64404706850455	0.18444973164988168	1.6511264800823362	5.519274485052801	0.7598915285787347	2.184804481851353	-0.2893507478731779	0.42683107160267525	77.6755796815111	0.19962347803777253	10.752866690471219	0.1844637781466125	10.642580775854656	0.14257213420298884	10.642580775854658	-0.0014662926498942852	-0.041877597446892845	False	False
202	10.643994891222542	0.18475219971482465	2.242083813467509	6.623384712957829	0.7960975666642602	2.399316534237536	-0.4161729261902342	0.44716800319531497	161.50787740415873	0.4150695025400695	10.695227424859102	0.1892696462126211	10.643994893202763	0.1847521998655547	10.643994893202763	1.9802204320740202e-09	1.5073003956089792e-10	False	False
203	10.644018579983575	0.18621261159150726	1.530540474420952	6.236691409796733	0.7366652887285379	2.905489737802074	-0.4363460046503163	0.4137848926788197	nan	0.4150695025400695	nan	nan	10.644018579983575	0.18621261159150726	nan	nan	nan	False	True
204	10.643958202070491	0.18232191149270832	1.694818193765944	6.269812058092399	0.818072443329118	1.8890253099324097	-0.16136231277543966	0.45951129141796554	nan	0.4150695025400695	nan	nan	10.643958202070491	0.18232191149270832	nan	nan	nan	False	True
205	10.644063499760541	0.18302259128958742	2.0029662878811187	6.552553838507615	0.8357048381030149	2.761889097663005	-0.12114356858538539	0.4694154075624634	30.170292173618154	0.07753657818593675	10.713973801678177	0.19043275310982954	10.643981376024104	0.18301666699237015	10.643981376024106	-8.212373643701198e-05	-5.924297217269059e-06	False	False
206	10.643963193229732	0.18401073850944133	2.1291288963330444	6.287668962235905	0.8192093747526494	2.1414612678954685	-0.4619540890776951	0.4601499057985632	115.42004397130891	0.2966254092637252	10.658950429563294	0.18399878181636872	10.610001315944514	0.17478775324158632	10.610001315944515	-0.03396187728521838	-0.009222985267855005	False	False
207	10.643968875951911	0.18343838753405559	1.7813951267788481	6.073669520188034	0.935120307408723	2.4290317081278405	-0.14960763835455781	0.5252570766714797	177.8894510958527	0.4571695644833009	10.796707669243773	0.21608757530585077	10.643971880757967	0.1828801830462785	10.64397188075797	3.0048060555287748e-06	-0.0005582044877770753	False	False
209	10.643979939641056	0.1819845396090242	1.8359881452543259	6.2631473856008695	0.7945648210057628	2.629131690653304	-0.480114434258162	0.44630705995893694	22.031816057935725	0.09350390780844002	10.73233840330541	0.19424145438191803	10.643983574031408	0.1821769921268978	10.64398357403141	3.634390351336947e-06	0.00019245251787361473	False	False
211	10.643983275570186	0.1844287473148694	1.096080125114601	5.786638509095274	0.6900445870785302	2.364452672215188	-0.663531493638929	0.3875980445620104	nan	0.7696213424840699	10.794476007747813	0.22190494100244976	10.644026044957862	0.18404592292514307	10.644026044957862	-4.483273832178725e-06	-4.1446803258904374e-07	False	False
214	10.644014426292	0.183118840757991	3.126337991530321	4.720185506687682	0.7746996971350335	3.70469576919312	-0.4564657645794864	0.4351488198807483	nan	1.1873421889271722	nan	nan	10.644014426292	0.183118840757991	nan	nan	nan	False	True
215	10.643961914196284	0.18415603423236634	2.8572038505481707	5.653367241508115	0.739867784596618	3.6075097261407363	-0.49539295510015435	0.4155837346079203	nan	1.1873421889271722	10.643961914196284	0.18415603423236634	10.4320342550635	0.1352845697697032	nan	-0.21192765913278322	-0.04887146446266313	True	False
221	10.644045925301844	0.18719371194024434	3.875736625862226	6.296078493029982	0.7442182802126773	1.2353357033628167	-0.7578616263388308	0.41802740799546084	0.6260643836739762	0.003004553927257789	10.644045925301844	0.18719371194024434	10.639089298954083	0.18435972514632573	10.639089298954085	-0.004956626347761173	-0.002833986793918608	False	False
222	10.644020036172726	0.1843845135472202	3.8941134172891823	6.3299871300655655	0.8425424460506616	0.21502843634552327	-0.43176210495996936	0.47325609194665663	5.1233086933588274e-18	2.4587339028698516e-20	10.591225494025872	0.1832983764399098	10.64402003619682	0.18438451355273616	4.482351495850556	2.4092727812785597e-11	5.515948808820781e-12	False	False
223	10.643961782360515	0.18508185594712556	4.110972780299902	6.388049682358591	0.7217186308764968	0.29965030023309325	-0.6082644164082711	0.40538935496332823	0.2934781737513353	0.0014084350148373902	10.611324948140112	0.18456502750535517	10.643961780540584	0.18508185585772044	8.09845905776376	-1.8199308726707386e-09	-8.940512219446362e-11	False	False
224	10.644014404315895	0.18496926067427663	3.1460105461623282	6.198013451595612	0.7023184807811925	0.23926303767961488	-0.6979986824603384	0.3944922906547958	nan	0.0014084350148373902	10.611324948140112	0.18456502750535517	10.643961780540584	0.18508185585772044	8.09845905776376	-1.8199308726707386e-09	-8.940512219446362e-11	False	False
226	10.643963238440456	0.18504628671645842	2.78477200144972	6.101645292735052	0.7308414201278118	1.858103650092998	-0.7516225495718737	0.4105136256857919	nan	0.8228227871548819	nan	nan	10.643963238440456	0.18504628671645842	nan	nan	nan	False	True
228	10.643942258288622	0.18342531199165193	4.219965263766705	6.598489776621066	0.6984519393807959	2.2961198462698373	-0.5050447327214799	0.392320454350193	nan	0.9996311618279113	10.683264061176398	0.1882662102284467	10.64398085587725	0.1835223910266354	10.643980855877256	1.0246825610238375e-09	5.99768013032076e-11	False	False
229	10.643925534714334	0.18454396020593594	3.5352518922437124	6.555884314917459	0.6911642129090618	1.5756097827190805	-0.5728488649952808	0.38822693839102	nan	0.9996311618279113	10.683264061176398	0.1882662102284467	10.64398085587725	0.1835223910266354	10.643980855877256	1.0246825610238375e-09	5.99768013032076e-11	False	False
230	10.643990443626413	0.1819256101663256	4.3281991569063045	6.478950645147716	0.7404257737563186	2.2406326285001974	-0.32657269887491136	0.4158971571189241	26.804501115497448	0.1563949183080494	10.689169658342156	0.1864191037481223	10.64399044452336	0.18192561022307832	10.643990444523359	8.969482934162443e-10	5.675271363969614e-11	False	False
231	10.643936974833844	0.18401680043414606	5.386549789535014	6.3275455464882375	0.8461005429400413	2.8153594215217845	-0.5409379673267677	0.4752546749694212	nan	0.1563949183080494	nan	nan	10.643936974833844	0.18401680043414606	nan	nan	nan	False	True
233	10.644000717450243	0.18460458777573988	2.6771318647080373	7.599864840345016	0.7830888054090045	2.9377039252931154	-0.5745860685548141	0.4398609819982378	1.5012847184966341e-09	1.6883929477316418e-11	10.659766826896591	0.1851415696164758	10.644000717438258	0.1846045877753096	14.460622595312076	-1.198507959543349e-11	-4.302669331934794e-13	False	False
234	10.643927566963841	0.18315148945466334	3.7115754239452095	6.76394218525643	0.7830888054090045	2.9377039252931154	-0.5745860685548141	0.4398609819982378	10.295168108877014	0.11578276270037598	10.701598615629774	0.1869659397416638	10.643927567327056	0.18315148945283996	10.643927567327056	3.63215235665848e-10	-1.823374784493126e-12	False	False
237	10.64395975460889	0.18624006539934465	2.473963269049894	6.49335461479183	0.7794234881116079	1.6574761919924275	-0.1780257783282817	0.43780217327229015	11.879687958047027	0.13082244468070098	10.666078107928893	0.1897602330150973	10.643959755869938	0.1862400654653244	10.643959755869941	1.2610481547881136e-09	6.59797494417802e-11	False	False
238	10.644016192446069	0.18411466648624616	1.3484376127974222	5.416121676861851	0.7812592391672504	1.8301176993204886	-0.3349087431133879	0.4388333146402445	nan	0.13082244468070098	nan	nan	10.644016192446069	0.18411466648624616	nan	nan	nan	False	True
239	10.64399537077637	0.18324039908186662	2.089587358508141	6.396816483090283	0.6860316837957581	0.9656966561999424	-0.466955208842921	0.3853439967880773	nan	0.13082244468070098	nan	nan	10.644016192446069	0.18411466648624616	nan	nan	nan	False	True
240	10.64391218327527	0.18661293821809183	2.3459476858885915	5.897220018073803	0.7558727085545586	2.140828835934391	-0.4775091472022472	0.4245737003950955	0.15904231288968024	0.0017514184087476152	10.70829507376556	0.18759170847634457	10.643929631410675	0.17020824488425568	10.643929631410675	1.7448135404052323e-05	-0.01640469333383615	False	False
242	10.643954736900085	0.18450684055934816	3.038432082678825	6.18042808103296	0.7922625579058931	2.002682025087689	-0.43204409050197123	0.4450138787757401	71.04712368107361	0.33363166324488003	10.68966529232716	0.1946637433029882	10.643954738542895	0.18450684064121375	10.6439547385429	1.6428103322141396e-09	8.186559763423418e-11	False	False
243	10.643955456714512	0.18236872306622826	1.8071387063920845	5.835367948883279	0.775537893154074	1.0531587970025158	-0.49124820365452465	0.4356196345846433	nan	0.33363166324488003	nan	nan	10.643955456714512	0.18236872306622826	nan	nan	nan	False	True
244	10.64394882927395	0.18540978282977288	2.0131445116708604	6.5858410254388335	0.7771212495853529	1.6808483962818737	-0.37964549041728274	0.4365090058920927	24.263714428067853	0.11394048037009488	10.66823986449002	0.18826128417285862	10.64394882885447	0.18540978280985562	10.643948828854471	-4.1948133855385095e-10	-1.991726228389723e-11	False	False
245	10.644003890605152	0.18335883139994472	3.452028013335434	5.9845337697212315	0.6900445870785302	2.364452672215188	-0.663531493638929	0.3875980445620104	nan	0.11394048037009488	10.66823986449002	0.18826128417285862	10.64394882885447	0.18540978280985562	10.643948828854471	-4.1948133855385095e-10	-1.991726228389723e-11	False	False
246	10.64399221809801	0.182855237042923	1.9051145287959197	5.634345908683622	0.664511226982017	0.8711060217225293	-0.584074244466303	0.37325595619579893	nan	0.11394048037009488	10.66823986449002	0.18826128417285862	10.64394882885447	0.18540978280985562	10.643948828854471	-4.1948133855385095e-10	-1.991726228389723e-11	False	False
248	10.643968810944001	0.18246339529542813	2.370597608519132	6.425167378123131	0.6542774143983724	1.1050902469345263	-0.8173431595856637	0.36750762366756573	nan	0.972467541521921	10.694987717585057	0.1888412722129696	10.643992212492295	0.18366330314183188	10.643992212492298	4.2806647115867236e-11	-2.0653506682677403e-11	False	False
249	10.644034997988427	0.182524248981169	3.171402679676422	6.909048969709675	0.6504429943398127	2.2617760930137853	-0.7884223253390547	0.3653538299206728	nan	0.972467541521921	10.694987717585057	0.1888412722129696	10.643992212492295	0.18366330314183188	10.643992212492298	4.2806647115867236e-11	-2.0653506682677403e-11	False	False
250	10.643958232188309	0.18320742174459628	3.2171383328913086	5.936846559838453	0.7519359945362847	0.6364458979082421	-0.5728144217113953	0.4223624481310311	nan	0.972467541521921	nan	nan	10.643958232188309	0.18320742174459628	nan	nan	nan	False	True
251	10.643999946053178	0.18603107786571216	3.5036610384311206	6.894454453565906	0.8157113179121418	1.0658606541130566	-0.3207017555742897	0.45818504727125003	36.307356200608474	0.1753235563677413	10.642926784673815	0.18669967232579462	10.643999947699069	0.18603107796151358	10.64399994769907	1.6458905349736597e-09	9.580142235066091e-11	False	False
252	10.644043799547548	0.18201844098407444	2.501148895378406	7.165569833735297	0.7127212914328949	1.4282785158227542	-0.7111875484118724	0.40033554939785704	0.01672910097853343	8.078267836924981e-05	10.653074913400339	0.18240827570486987	10.644043799972799	0.18201844100793027	12.422717606633146	4.2525094556822296e-10	2.3855833974906204e-11	False	False
253	10.64393468318372	0.18287044228316476	2.8691499243090894	6.801827913871288	0.7066386572471575	2.6225281932464	-0.5530366784249865	0.39691893377572834	nan	8.078267836924981e-05	10.653074913400339	0.18240827570486987	10.644043799972799	0.18201844100793027	12.422717606633146	4.2525094556822296e-10	2.3855833974906204e-11	False	False
255	10.644001732777928	0.1856921804700081	3.5103385042433835	5.6445048962268185	0.7308414201278118	1.858103650092998	-0.7516225495718737	0.4105136256857919	63.51105959973239	0.5094555359810988	10.645096260224264	0.18569541711143903	10.60346800702015	0.163638736584392	10.603468007020153	-0.04053372575777914	-0.022053443885616086	False	False
256	10.644109021574241	0.18559940161492613	2.650605730587114	5.5751326589353996	0.7925618768630739	2.7650617858131485	-0.6007626145645409	0.44518200623398857	nan	0.5094555359810988	nan	nan	10.644109021574241	0.18559940161492613	nan	nan	nan	False	True
257	10.644009166419687	0.18637256746703507	3.0308974363697008	5.478963190561675	0.7066386572471575	2.6225281932464	-0.5530366784249865	0.39691893377572834	nan	0.5094555359810988	nan	nan	10.644109021574241	0.18559940161492613	nan	nan	nan	False	True
258	10.644032772980726	0.18624841032461645	3.0635860036975693	5.725208006817841	0.6539184186076548	1.922184362162193	-0.9142848434054711	0.36730597573191964	nan	0.5094555359810988	nan	nan	10.644109021574241	0.18559940161492613	nan	nan	nan	False	True
260	10.644084735728656	0.18581948726065567	3.1068845603486155	5.3182376176100234	0.7354914644311369	3.5033168623703106	-0.5001083869832009	0.4131255555709696	nan	0.4341382464233469	nan	nan	10.644084735728656	0.18581948726065567	nan	nan	nan	False	True
261	10.64401852225163	0.1833661871551142	3.190362901908512	4.986268196910065	0.7404257737563186	2.2406326285001974	-0.32657269887491136	0.4158971571189241	nan	0.4341382464233469	nan	nan	10.64401852225163	0.1833661871551142	nan	nan	nan	False	True
262	10.644039896426778	0.18486714676216348	3.657827676622705	5.686437270489463	0.6888524173780326	3.389201863976796	-0.7096749754169328	0.3869284028412409	nan	0.4341382464233469	nan	nan	10.64401852225163	0.1833661871551142	nan	nan	nan	False	True
263	10.64401965620418	0.18536995545337126	3.3913368752781485	5.782213262507335	0.6735342308224102	4.152623107972785	-0.859527731872354	0.3783241774529478	nan	0.4341382464233469	nan	nan	10.64401852225163	0.1833661871551142	nan	nan	nan	False	True
264	10.644036592771279	0.18547366329177464	2.851891675104513	6.6199531744724895	0.6997457500469535	2.0469079466293882	-0.7651200075676837	0.39304718780137377	nan	0.4341382464233469	nan	nan	10.64401852225163	0.1833661871551142	nan	nan	nan	False	True
265	10.643959590873497	0.18422905999300154	4.139605289851697	5.664912724173958	0.6688441617553049	4.321944404637388	-0.5825656361435202	0.37568976565795476	nan	0.4341382464233469	nan	nan	10.64401852225163	0.1833661871551142	nan	nan	nan	False	True
266	10.643977123314698	0.18486658189515495	3.796164286531823	5.770310895651187	0.7797737737828593	3.2849152133797364	-0.5691873936918284	0.43799892873383206	nan	0.4341382464233469	nan	nan	10.643977123314698	0.18486658189515495	nan	nan	nan	False	True
267	10.643977361570993	0.18667545817240372	3.648317515022336	5.864575076503652	0.7903070569183166	4.248646852622613	-0.45109483246705134	0.44391547387101843	nan	0.4341382464233469	10.647124111923564	0.10167122306390972	10.57834374017198	0.07936732739504362	nan	-0.0656336213990123	-0.1073081307773601	True	False
268	10.643951006804375	0.18671776292315057	3.6401647347421866	4.958509143431161	0.7057742738011515	3.305420057970525	-0.7943930717503778	0.3964334095941068	nan	0.4341382464233469	10.647124111923564	0.10167122306390972	10.57834374017198	0.07936732739504362	nan	-0.0656336213990123	-0.1073081307773601	True	False
269	10.644004778637662	0.18537825930321825	4.589485518554699	6.141716517075312	0.717707304248181	3.9008054347211845	-0.5419892334068032	0.4031361927962032	0.0	0.0	10.825336083681382	0.20420341620402832	10.64400412905757	0.18537812467550474	10.64400412905757	-6.495800910499838e-07	-1.346277135050311e-07	False	False
270	10.644050188125942	0.18424528317455133	2.8527919934345682	5.695037216592527	0.7664394010030188	3.300272606503497	-0.5473375159515761	0.4305090115433956	nan	0.0	nan	nan	10.644050188125942	0.18424528317455133	nan	nan	nan	False	True
271	10.644018597619189	0.1859254983444586	3.764628414086139	5.620642753892717	0.7475536497014361	3.881612381192994	-0.43758137512900835	0.41990088503729667	nan	0.0	nan	nan	10.644018597619189	0.1859254983444586	nan	nan	nan	False	True
272	10.643971912490056	0.18588984546361284	3.8754453691357518	5.882844935694093	0.7244660408112432	3.576722109482258	-0.7974538019858608	0.4069325751236753	nan	0.0	nan	nan	10.643971912490056	0.18588984546361284	nan	nan	nan	False	True
273	10.64405707525692	0.18499550152048225	3.373588393499565	6.036593157980554	0.7533198191984547	3.6011979969399706	-0.3734360253221853	0.423139742443772	23.83741627531816	0.4404413248943877	10.838486873565419	0.21165673919273068	10.644057076094153	0.18499550155955496	10.644057076094157	8.37232505546126e-10	3.9072717283872294e-11	False	False
274	10.64401831761775	0.18583534582035613	2.938377675524924	4.448495950292821	0.7189371931251252	2.847563379769307	-0.8269574259666924	0.4038270213783828	nan	0.4404413248943877	nan	nan	10.64401831761775	0.18583534582035613	nan	nan	nan	False	True
276	10.643955194418009	0.1837362856954696	3.2105310057510748	6.142098651508247	0.7372103794388616	3.4712245809044537	-0.5085426579651113	0.41409107013080854	64.3787997151067	0.5595766113230181	10.776264213898465	0.18399728433013668	10.644004066733471	0.16834310468800576	10.644004066733473	4.8872315462134e-05	-0.015393181007463841	False	False
277	10.644041692906832	0.18627311528312074	2.8107803809396805	5.278712386954261	0.717707304248181	3.9008054347211845	-0.5419892334068032	0.4031361927962032	nan	0.5595766113230181	nan	nan	10.644041692906832	0.18627311528312074	nan	nan	nan	False	True
278	10.643943907480711	0.18408241884840623	3.573982402478574	6.732924500707666	0.7515950437606777	2.153964284650161	-0.6506406682732147	0.4221709360803726	46.68515716889699	0.4057845465162318	10.67866333682143	0.18644144359325504	10.643943907630529	0.184082418866245	10.64394390763053	1.4981793583501712e-10	1.7838758248345243e-11	False	False
279	10.643975988222824	0.18269564081044531	2.6898659181028055	5.00067864759047	0.6915858447114048	3.204377338458486	-0.6399717955888844	0.38846376897439605	nan	0.4057845465162318	10.67866333682143	0.18644144359325504	10.643943907630529	0.184082418866245	10.64394390763053	1.4981793583501712e-10	1.7838758248345243e-11	False	False
280	10.643928509750095	0.1841158075881626	3.835386172415237	6.437846612388172	0.745298466599045	3.161169926390529	-0.40623236446876987	0.41863414868868354	16.216411078821785	0.14095205874394118	10.738200735355974	0.19211356012986686	10.64392851014937	0.18411580760853957	10.64392851014937	3.992752795056731e-10	2.0376977882818892e-11	False	False
281	10.64394183637212	0.18526547091615414	2.415486766422528	6.077669292328276	0.7021568077713665	3.09962554246192	-0.4661838382006353	0.3944014789251765	nan	0.14095205874394118	10.738200735355974	0.19211356012986686	10.64392851014937	0.18411580760853957	10.64392851014937	3.992752795056731e-10	2.0376977882818892e-11	False	False
