Iteration_step	Porb	eccentricity	Wdisk	logQ	primary_mass	age	feh	secondary_mass	posterior_probability	acceptance_ratio	inital_orbital_period	initial_eccentricity	current_orbital_period	current_eccentricity	current_spin	delta_e	delta_p	bad_solution_flag	gsl_flag	
2	6.092013571224787	0.04551383224979391	4.763859060828517	7.9919346850268855	0.8353047214516267	6.468096353351264	-0.7619565378398883	0.6398434166319461	0.0	0.0	6.24293017057952	0.048043028313156697	6.09201357125006	0.045513832257383854	6.593117628195083	2.5273116932567063e-11	7.589942563335228e-12	False	False
3	6.091980829222727	0.01628865518602676	4.361892166539122	8.422640325389025	0.7738300621668488	7.0044338573891896	-0.8736747954569261	0.5927538276198062	0.0	0.0	6.136368769309139	0.016548112578579337	6.091980264424591	0.01628865436427405	11.247793118768728	-5.647981362599808e-07	-8.217527075471409e-10	False	False
4	6.091977698546143	0.005133621279318407	3.5845230941968462	9.187727214306475	0.8040605410100109	6.987151107671723	-0.632739348676947	0.6159103744136684	0.0	0.0	6.1011751714425175	0.005150340799042971	6.091977698644363	0.005133621290695929	19.00766668911881	9.822009872095805e-11	1.1377522188271705e-11	False	False
5	6.092023017783432	0.030071357606492637	3.6506754369802357	7.869191096836161	0.9565146787708821	6.075356629691772	-0.4267569887679089	0.7326902439384957	63.309026192242136	0.3322754586552368	6.312602005391976	0.03431138397276895	6.09202301856198	0.03007135788618102	6.09202301856198	7.785478928212797e-10	2.796883835642916e-10	False	False
6	6.09199405849743	0.04986440512998387	3.2447127037865333	8.045833182303504	0.8253024258980455	6.066816429645631	-0.7604186898891182	0.6321816582379028	nan	0.3322754586552368	6.09199405849743	0.04986440512998387	5.967304432132478	0.047638012854697875	nan	-0.12468962636495196	-0.002226392275285996	True	False
7	6.092034339203455	0.039633444913063504	3.965047139795924	7.600026395380202	0.8969731921964431	6.864027429619538	-0.7399200520924094	0.6870814652224755	5.712296493900666	0.029980810820276555	6.401641950722451	0.049670690721533274	6.092034339209497	0.039633444913707495	6.092034339209497	6.042277789219952e-12	6.43991804327726e-13	False	False
8	6.092015017187256	0.027055962240145705	3.6051227993793917	8.695191246277526	0.7756843034602388	5.89411190892112	-0.5053156110573641	0.5941741764505429	0.0	0.0	6.112188948566106	0.027249506799460654	6.092015017199819	0.02705596224024352	14.562918712384185	1.2563283746658271e-11	9.781411791642824e-14	False	False
9	6.091983511568444	0.02166571569499646	3.2885939029157094	8.38007301388098	0.8677978895325726	6.065382124089247	-0.3193608615026666	0.6647331833819506	4.583021224015594e-157	2.405384462260253e-159	6.156113461230644	0.022175190239327916	6.09198351318628	0.021665715700189412	8.91832143650862	1.6178356432305918e-09	5.192953705934755e-12	False	False
10	6.091985156738881	0.03303043025989061	5.084062529366547	8.655092598136193	0.8114519635428952	6.888333892473397	-0.767872232284317	0.6215722040738577	0.0	0.0	6.1239115231733035	0.033403763862038596	6.0919857912290345	0.03303068588821658	11.89348635346687	6.344901537502778e-07	2.556283259722014e-07	False	False
11	6.0919984651932975	0.0009224540603919723	3.829472859527435	8.378525225113348	0.7732674872484925	6.373577455180513	-0.8129871157793618	0.5923228952323453	0.0	0.0	6.0919984651932975	0.0009224540603919723	6.047601659972732	0.0009079664659660705	11.069750957356048	-0.04439680522056566	-1.4487594425901824e-05	False	False
12	6.092019775467628	0.024013326753154155	3.6182925890862454	8.667956641902553	0.8467312410744456	5.601590825475873	-0.7609475778610701	0.6485961306630253	0.0	0.0	6.11964741690115	0.024254662015409035	6.0920197754687715	0.02401332675362246	11.299359727742171	1.1430856261540612e-12	4.683059495746988e-13	False	False
13	6.091975786767123	0.020987665559695126	3.9860693308520068	8.503929485859732	0.9741014726947415	5.628647768446685	-0.5476467786107463	0.7461617280841719	31.461652926464758	0.16512550871417403	6.178333919076539	0.021679469837212452	6.091975786835045	0.020987665609589267	6.137988102141712	6.792166828972768e-11	4.989414090217359e-11	False	False
14	6.0919951918026545	0.029307350008929523	4.5780522991097055	7.4558552337064095	0.8762980198990595	6.883104601735054	-0.5877073714118263	0.6712442832426796	0.0	0.0	6.449555567175166	0.037707385201945144	6.091995191742265	0.029307350056358983	6.0919951917422654	-6.038991529067061e-11	4.742945966529355e-11	False	False
15	6.092021760293122	0.022989886592187037	3.246131430330409	8.422987697104166	0.8449798840674767	6.698323983916098	-0.7770946628495111	0.6472545911956872	1.0169862291013607e-136	5.337620652931839e-139	6.155226732276141	0.023521687473418377	6.092021760277468	0.022989886593735548	8.72497372308936	-1.5654144647214707e-11	1.5485113191715527e-12	False	False
16	6.092003955484417	0.036048316087558416	3.5527066939575356	7.590004081033525	0.8019544794321193	6.933688664694737	-0.971150272689265	0.6142971312450034	nan	5.337620652931839e-139	6.102561994023189	0.03610292065003736	5.753813191929672	0.031155826089109342	nan	-0.33819076355474476	-0.004892489998449073	True	False
17	6.091995278570726	0.014144478179193258	3.3315310871368835	7.081732890114785	0.9429505627731898	6.755199827068535	-0.4738187917209329	0.7223001310842634	76.85021008705021	0.4033459419654605	6.380007220732997	0.03620219357203572	6.091995287923775	0.014144478498021657	6.091995287923776	9.35304900195888e-09	3.188283994454144e-10	False	False
22	6.091999044498429	0.0515528956050749	3.5739168298761013	7.179319511400091	0.8317791399674807	6.6945827299939165	-0.5705414099527344	0.6371428212150901	12.031415609951159	0.09394987990272097	6.499504320862342	0.07332564973099036	6.091999044807144	0.051552895661910694	6.091999044807144	3.0871483147620893e-10	5.683579301640762e-11	False	False
23	6.091977955511173	0.031542355901401066	3.7583710059501607	7.151528192718303	0.8500282502935843	5.799773581544576	-0.5538950754507568	0.6511216397248856	60.03453028229008	0.468792459082902	6.410034649268325	0.04446193789543282	6.091977948697645	0.03154235581070909	6.091977948697646	-6.813528408144975e-09	-9.069197476341273e-11	False	False
24	6.091988747412428	0.019058022720288205	3.5456541338804453	7.250427305336335	0.7934703080964671	6.020869462319423	-0.6590005403175527	0.6077982560018939	97.68355892945569	0.7627829448682791	6.460227262300173	0.02341605340289377	6.091988747521972	0.01905802273595337	6.091988747521974	1.0954437357213465e-10	1.5665163610734112e-11	False	False
25	6.091978423655872	0.0413951385965129	3.6046762219824164	6.337352115668132	0.9196785504583779	6.305464559353002	-0.41225512391118746	0.7044737696511174	31.092471098660635	0.2427922050321265	6.336698047249853	0.11364088417902515	6.092225578973202	0.0024824528762019404	6.092225578973203	0.00024715531732955043	-0.03891268572031096	False	False
26	6.091975538706505	0.0132674306675255	3.2197599040844977	7.16859610953292	0.8802656662011513	4.750203399303524	-0.48041800751507324	0.6742835003100819	19.542334450675636	0.15260049475318854	6.3196902721096455	0.017884307278529	6.091975538639036	0.013267430668052601	6.091975538639036	-6.746869729568061e-11	5.271009323459808e-13	False	False
28	6.091998930966358	0.047381989596835164	2.9665045135568184	7.35001426286082	0.8622740814786282	4.57642350717534	-0.46330339669758774	0.6605019464126292	38.75262045492029	0.2613785194359188	6.341440895199096	0.05618474489214801	6.091998930894933	0.0473819895848636	6.091998930894932	-7.142464397702497e-11	-1.1971562630108679e-11	False	False
Iteration_step	Porb	eccentricity	Wdisk	logQ	primary_mass	age	feh	secondary_mass	posterior_probability	acceptance_ratio	inital_orbital_period	initial_eccentricity	current_orbital_period	current_eccentricity	current_spin	delta_e	delta_p	bad_solution_flag	gsl_flag	
2	6.091984034303612	0.042358518361844046	5.2768766985665945	8.702860856088591	0.8891405915477922	5.813950770440134	-0.5627276900713238	0.6810816931256088	0.0	0.0	6.126301381710095	0.042889478915876904	6.091984034271409	0.04235851836704764	10.101530712581983	-3.220268496306744e-11	5.203594499736397e-12	False	False
3	6.092001546036817	0.03682662192808498	3.6498419416865846	8.747276834124065	0.830825195690506	6.498201562047662	-0.7207464189993485	0.6364120998989276	0.0	0.0	6.118734566670168	0.0371740643754614	6.092001546052391	0.036826621934109266	12.186511531071465	1.5573320411021996e-11	6.0242852373271205e-12	False	False
4	6.091992217294728	0.012889626046660767	4.275751774872107	7.878921144960959	0.8457577268897031	6.410154333279486	-0.747777252585602	0.6478504187975126	54.901806034348866	0.2881504246435487	6.287847712197524	0.013849081372057927	6.091992217373376	0.01288962604268808	6.0919922173733765	7.864731088602639e-11	-3.972686762887534e-12	False	False
5	6.09200583280854	0.041305880170351486	3.8015524290745812	8.271837101379404	0.8170886765579554	6.05661069444432	-0.8684117098316718	0.6258899262433938	2.1727287006406923e-153	1.1403499136861618e-155	6.15751671837857	0.04229088811854232	6.092005832827435	0.04130588016413274	8.883773236969452	1.8895107700700464e-11	-6.2187477389841206e-12	False	False
6	6.0919819019516135	0.0360560527336083	3.214219557996101	7.613826719447403	0.8862846835399472	5.844780017781582	-0.49385205843041124	0.6788940675915995	70.81570610981684	0.3716740351712635	6.356332175842887	0.041651081953859866	6.091981903557657	0.03605605324173129	6.091981903557658	1.6060432983522333e-09	5.081229950687494e-10	False	False
8	6.092007527740971	0.012360381854434298	3.5307950520645153	7.4093510782009435	0.8518040117141287	7.073461057769243	-0.3574987792426253	0.6524818729730226	66.39534296201568	0.242807650111269	6.482263208057871	0.01559991540354793	6.0920075396284235	0.012360381045515975	6.092007539628423	1.1887452799896892e-08	-8.089183229503805e-10	False	False
9	6.091980339251388	0.02481950024590866	3.127792728003163	8.271600308287653	0.8680754449163868	6.492415682584449	-0.5199520461306214	0.6649457908059523	7.640429120916829e-45	2.794103558969257e-47	6.186714139473885	0.025690019089715445	6.091980350383104	0.024819500636783714	7.598168648484205	1.113171599342877e-08	3.90875054545603e-10	False	False
10	6.092004761661296	0.04030328798299124	3.67189572186742	7.489791782701737	1.043261792185629	5.7667621822306065	-0.3499484803214078	0.7991385328141919	121.28065578419977	0.4435231406480144	6.3077334185459755	0.07033893959444427	6.092004761675012	0.040303288011285014	6.092004761675013	1.3716139335429034e-11	2.829377704349767e-11	False	False
13	6.091988953960264	0.026279471972074177	3.114763076785345	6.136101899247292	0.9530031175474732	5.146079281529501	-0.5814449103310704	0.7300003880413645	nan	1.3923331578417468	nan	nan	6.091988953960264	0.026279471972074177	nan	nan	nan	False	True
14	6.091972324276849	0.03561726803884049	3.258251476096018	5.7967409232138944	0.8203001743961955	4.469801495725598	-0.5477710530099451	0.6283499335874858	28.45249416779656	0.12784945421007554	6.228916646451882	0.09278056163382412	6.092031556660698	0.000469132492913112	6.092031556660699	5.923238384930585e-05	-0.03514813554592738	False	False
16	6.092001275357718	0.013014521870948006	2.279358392466073	4.9456012298724	0.9116205557777326	6.395110889030191	-0.3453021327965546	0.6983013457257432	0.0	0.0	6.268528263521775	0.012997140523607285	6.091984078745633	1.2850217508042087e-08	6.091984078745632	-1.7196612084546814e-05	-0.013014509020730498	False	False
17	6.091981111179872	0.010774824057894223	2.7975249288981994	4.362566187248908	0.8557982911755493	4.45133455580016	-0.7324690703913638	0.6555414910404708	0.0	0.0	6.170740239221898	0.010777221195021504	6.091983852002634	9.91787867473251e-09	6.091983852002636	2.7408227616376735e-06	-0.010774814140015548	False	False
18	6.092006809182578	-0.0017753224228837135	2.875239893771462	5.379141112532949	0.7924471462985427	5.384168483335852	-0.637962580063157	0.6070145140646838	0.0	0.0	6.170740239221898	0.010777221195021504	6.091983852002634	9.91787867473251e-09	6.091983852002636	2.7408227616376735e-06	-0.010774814140015548	False	False
19	6.092012113413378	0.009513447955067754	3.6794597627385306	5.436800385855873	0.9015803834499956	3.9112532835205034	-0.6106580901753225	0.6906105737226966	31.962137116111084	0.2248739954078749	6.042825206423648	0.009342356459805527	6.092011656641619	2.612906855520297e-08	6.092011656641619	-4.5677175908309664e-07	-0.009513421825999199	False	False
20	6.092010634653856	0.03005798129271759	3.7922754424812704	6.197284388854368	0.8531212633866437	4.413341085892409	-0.5264006849381556	0.6534908877541691	nan	0.2248739954078749	nan	nan	6.092010634653856	0.03005798129271759	nan	nan	nan	False	True
23	6.091984080228245	0.016775053876003847	2.6301679797818456	4.675006157601826	0.9822760957612786	4.2445976725948364	-0.04478802037351595	0.7524234893531394	0.0	0.0	6.074957955923928	0.01655401824132285	6.091992442031465	9.950015072861628e-09	6.091992442031466	8.361803220502395e-06	-0.016775043925988775	False	False
24	6.091950327860069	0.03727328853871188	2.0194094277493004	5.844742033912941	0.8500282502935843	5.799773581544576	-0.5538950754507568	0.6511216397248856	nan	0.0	nan	nan	6.091950327860069	0.03727328853871188	nan	nan	nan	False	True
25	6.091961810642258	0.020945536839803325	2.895818215028195	5.626515050480869	0.9560305483406963	6.419892677159693	-0.2514914841663678	0.7323194000289734	7.754334085981997	0.1405419899621265	6.187877049875581	0.022239141225441114	6.091961691489035	3.05015231101953e-08	6.091961691489037	-1.1915322239985926e-07	-0.020945506338280215	False	False
26	6.091971805403261	0.03514985598540987	3.2307593189212156	6.172463817834682	0.8868728572162913	3.8450203025797705	-0.5914919816406873	0.6793446086276791	nan	0.1405419899621265	nan	nan	6.091971805403261	0.03514985598540987	nan	nan	nan	False	True
28	6.091963184112898	0.002825716802058162	2.032960259522858	5.365499217817606	0.7816109297525795	3.940520469899356	-0.9614073047033278	0.598713972190476	0.613509789832976	0.011087023924232418	6.245345620090041	0.0023864022080138	6.0919632386293685	1.259538556941936e-07	6.09196323862937	5.451647044907304e-08	-0.0028255908482024677	False	False
30	6.091968069901569	0.012237660647629565	2.754886652612374	5.54843149136268	0.8868236509177647	4.521244208790538	-0.6658402188053273	0.6793069166030078	5.843283723379565	0.1471251676033324	6.158822751498344	0.009366524866522483	6.091967573171352	3.132546810821997e-08	6.091967573171353	-4.967302169589516e-07	-0.012237629322161457	False	False
32	6.091979268471245	0.022176896450778062	2.8032494654538005	5.741033729158263	0.8442357586444601	4.852684135396873	-0.5740962680546582	0.6466845911216564	nan	2.2480426359341688	nan	nan	6.091979268471245	0.022176896450778062	nan	nan	nan	False	True
34	6.092038482790923	0.02316143273549941	2.860228060850423	6.050779263473531	0.9517942903438179	4.738205261697547	-0.4645913152020239	0.7290744264033645	nan	1.5771883570186018	nan	nan	6.092038482790923	0.02316143273549941	nan	nan	nan	False	True
35	6.092014995055903	0.030352083677836268	3.260692553179462	4.7601650316575945	0.8594900122836486	3.222017432986201	-0.6674340325100723	0.6583693494092748	0.0	0.0	6.064044401624161	0.030101209122262152	6.09202149593812	9.994883353268232e-09	6.092021495938121	6.500882216542436e-06	-0.030352073682952913	False	False
36	6.091983803166333	0.036584933787593164	3.0749423062926393	4.894859951731453	0.8806332488822438	3.4830585367796836	-0.47931850160971295	0.6745650686437987	0.0	0.0	6.075006822548849	0.03463906226431049	6.09198261780663	1.1098352269916142e-08	6.0919826178066305	-1.1853597037259078e-06	-0.03658492268924089	False	False
37	6.092021466705227	0.027833151212156508	2.5272122662252117	4.837641720058796	0.9205802953085509	3.122019517553177	-0.6358558213879024	0.70516450620635	0.0	0.0	6.088671084917535	0.02790212061599225	6.092022703701749	9.926728986733857e-09	6.0920227037017485	1.2369965221026291e-06	-0.02783314128542752	False	False
38	6.092001120977345	0.05185577898989857	2.564834569649881	4.623661903751831	0.8598367078405289	3.424843499258558	-0.6867253155736371	0.6586349182058452	nan	0.0	nan	nan	6.092001120977345	0.05185577898989857	nan	nan	nan	False	True
39	6.091992367657584	0.056011058810975164	2.577182106972772	5.3768590427201355	0.981872808112663	3.0713185373689877	-0.43567546555726333	0.7521145710142999	5.257286856372987	0.03733391759988723	6.074302631262956	0.05604261539542413	6.09198473153331	1.6963461185394398e-08	6.091984731533311	-7.636124273346923e-06	-0.05601104184751398	False	False
40	6.09197931860366	0.021836640558986674	3.249179772975547	5.651444294654475	0.9232616718604272	3.310064229528023	-0.40505863916944657	0.7072184406450872	nan	0.03733391759988723	nan	nan	6.09197931860366	0.021836640558986674	nan	nan	nan	False	True
41	6.092018602519289	0.032160346741584134	2.9413613862015433	4.615686566393311	0.956046962769914	4.5137335227823625	-0.23893961261140373	0.7323319734817542	nan	0.03733391759988723	nan	nan	16.09201860251929	0.13216034674158414	nan	nan	nan	False	True
42	6.091966769784845	0.04578428955816212	2.0600485508342667	5.368220809186269	0.9399253071476121	3.710537493238237	-0.6249300234631173	0.7199827852750709	3.6845304577758076	0.0261651989444187	6.162060105162447	0.045666884874362976	6.0920123766516125	1.945995452574735e-08	6.092012376651613	4.560686676757797e-05	-0.0457842700982076	False	False
43	6.092001826725223	0.025735067637370743	2.95233608038022	4.713636366397706	0.9131956628114192	4.6689423381659045	-0.47913981162486247	0.699507877713547	0.0	0.0	6.129094416353201	0.020255164542373895	6.092002850621572	9.998391703127921e-09	6.092002850621572	1.0238963490394326e-06	-0.02573505763897904	False	False
Iteration_step	Porb	eccentricity	Wdisk	logQ	primary_mass	age	feh	secondary_mass	posterior_probability	acceptance_ratio	inital_orbital_period	initial_eccentricity	current_orbital_period	current_eccentricity	current_spin	delta_e	delta_p	bad_solution_flag	gsl_flag	
2	6.092016792071749	0.039673684300178924	3.4531460290132694	8.326526025333823	0.8385446778137099	7.486485242019256	-0.7480445494204631	0.6423252232053018	9.688443958608209e-66	5.084949735645411e-68	6.183645873227342	0.04098698321223325	6.092016792069039	0.03967368436774395	7.91313180764534	-2.709832358505082e-12	6.756502302085465e-11	False	False
3	6.092002943998158	0.021637341459389902	4.012724874297412	7.128728381067781	0.8649646100442171	7.317730086161215	-0.5052224003997572	0.6625628912938704	161.56799868272432	0.8479846254986223	6.484939302970219	0.037130817721393906	6.0920029440515595	0.02163734147661422	6.092002944051561	5.340172748447003e-11	1.7224319193154258e-11	False	False
4	6.092008467739675	0.03320177574374391	4.629259067431957	7.7087792632868695	0.9322291263957665	5.732806557297937	-0.6358533073109691	0.7140875108191571	0.0	0.0	6.315406073252973	0.03892174584196616	6.092008467784788	0.033201775743881445	6.092008467784789	4.511235829340876e-11	1.3753581606934517e-13	False	False
5	6.09198491208139	0.025330877897112355	3.9505471843661284	7.620149720144177	0.7410409873679696	6.280681510388543	-0.8153979923878283	0.5676373963238648	1.8395759379535248e-11	9.654957204025778e-14	6.294355403585935	0.027240267912619225	6.091984912064105	0.025330877904147446	6.870208379849018	-1.7284840225784137e-11	7.035091259544046e-12	False	False
6	6.091973920463631	0.01994238617438939	4.505875781211191	8.38206096127088	0.8878893364833988	6.4292884238109185	-0.5666529643170681	0.6801232317462835	0.0	0.0	6.173813999687569	0.02054492675063334	6.091973920297128	0.019942386167351542	7.567893401815105	-1.6650325562750368e-10	-7.037849469870849e-12	False	False
7	6.0920032936889985	0.00907788049042877	4.5497053487762456	8.309209601214391	0.8036279190474441	6.583147329319616	-0.7325623140260634	0.6155789859903422	0.0	0.0	6.189639165587118	0.009090894305680294	6.128587656269976	0.00889319671843525	9.611435214569102	0.03658436258097719	-0.00018468377199352091	False	False
8	6.091999803323453	0.022051639917277335	4.012816872465098	7.969059462596602	0.8353047214516267	6.468096353351264	-0.7619565378398883	0.6398434166319461	0.02492760731214229	0.00013083177314508572	6.247558051263231	0.02333231272164877	6.0919998032855744	0.02205163991723869	6.5016222237282175	-3.787814506495124e-11	-3.864616959781131e-14	False	False
9	6.091990561212621	0.01821031941157344	3.813162135765129	7.790107624269701	0.9628607703961973	5.461377460397398	-0.4666240724299788	0.7375513501234872	115.2635778062562	0.6049573099658659	6.292307580523673	0.020949079549048826	6.0919905606303715	0.018210318974222456	6.09199056063037	-5.822498039265156e-10	-4.3735098528840943e-10	False	False
10	6.091996206821086	0.02302918659383584	4.692647259329397	7.7962462020929415	0.7690751003932215	5.887597180692703	-0.7396241625694655	0.5891115269012076	0.0	0.0	6.236589622322843	0.02428796874863396	6.091997009131151	0.023046053626888264	7.329729831970551	8.023100654952486e-07	1.686703305242218e-05	False	False
11	6.09201879777634	0.042237536845384234	4.7491655575300635	7.2705875237439415	0.822696640031675	6.581173222885665	-0.6905168072809902	0.630185626264263	0.0	0.0	6.487287928404524	0.05481618176023166	6.092018797458376	0.042237536788940024	6.092018797458377	-3.1796343336054633e-10	-5.6444210416728424e-11	False	False
13	6.091983627024489	0.01505317820141593	4.789677794789266	8.446590180819111	0.7896039150666236	7.176710464705723	-0.8409671540215243	0.6048365989410337	0.0	0.0	6.139416854817255	0.015310730081945592	6.091984051068536	0.015053178113370466	10.763993361314299	4.240440469871487e-07	-8.804546328122775e-11	False	False
16	6.091982321773042	0.015192206935812084	3.8187865503236553	7.089218694226804	0.8240305431107877	8.904687254883342	-0.8075387194952186	0.6312073960228634	40.036368478786464	0.22598970781655586	6.616113494174388	0.02895076485119544	6.091982321642864	0.015192206918778197	6.091982321642865	-1.3017764644018825e-10	-1.7033886454131952e-11	False	False
17	6.0919877357651755	0.021009763046909435	4.542260688361305	6.577006116538799	0.7834663164719975	8.79929177260852	-0.810190788023543	0.6001351984175501	0.0	0.0	6.681603267421317	0.09656872282737464	6.091987400253544	0.02100769717780506	6.091987400253544	-3.3551163181044785e-07	-2.065869104374285e-06	False	False
18	6.092004024984013	0.03956797259689035	4.440959941849925	6.478536388793358	0.7778816344251784	8.135591002549571	-0.6541835066266408	0.5958573319696867	89.48683961605514	0.5051183587985669	6.7298887938367065	0.14358204712726194	6.092357330898717	0.026800900193564813	6.092357330898719	0.00035330591470383865	-0.012767072403325537	False	False
19	6.091986958128796	0.029061935872775186	4.539196523708186	7.810642128054657	0.8356825090753027	8.724186202318602	-0.5297973732789414	0.6401328019516819	nan	0.5051183587985669	6.114414137747117	0.01570445217114985	5.741347247897045	0.013490568393397451	nan	-0.3506397102317509	-0.015571367479377735	True	False
23	6.091999022732641	0.030687903523098446	3.3007465951890786	8.273677836090332	0.8756674473381274	6.819245902009162	-0.4873698625696627	0.6707612646610056	8.632041260467989e-29	9.332757854740736e-31	6.1978109692344505	0.031884979975470774	6.091999022722241	0.030687903520587402	7.308997746801886	-1.0399681116268766e-11	-2.511043456498996e-12	False	False
24	6.092008797900031	0.048266244039852815	4.392816421236141	7.283346389269868	0.8877929385212648	6.135508470047573	-0.6419583264422632	0.6800493909072889	nan	9.332757854740736e-31	nan	nan	6.092008797900031	0.048266244039852815	nan	nan	nan	False	True
25	6.092008539336864	0.043038856426225125	3.4903611073880114	6.171755611720273	0.8546965983103372	5.161621221714835	-0.710831623818154	0.6546975943057183	63.22924192129173	0.6836195360797488	6.1924421295233785	0.04624433654840967	6.068684227445829	0.0020694298990047554	6.0686842274458295	-0.023324311891035343	-0.04096942652722037	False	False
26	6.09201732925062	0.05447215604758851	2.8327479880788116	6.677981739023508	0.8721166625186605	6.174675758030986	-0.7312980106567063	0.668041363489294	nan	0.6836195360797488	nan	nan	6.09201732925062	0.05447215604758851	nan	nan	nan	False	True
28	6.09198976400327	0.03432617214066449	4.729990346218285	7.495395484108103	0.8353047214516267	6.468096353351264	-0.7619565378398883	0.6398434166319461	0.0	0.0	6.407414536995303	0.04045110151802956	6.091989763956157	0.034326172143582405	6.091989763956156	-4.711342427299314e-11	2.917915908895452e-12	False	False
29	6.091996966428828	0.054007847948905535	2.7853421147419377	7.6160168091421525	0.8451672612121571	6.2750237721174305	-0.892447852098976	0.6473981220885123	8.088865085343706	0.13644643219764047	6.371991881801613	0.061496593776582516	6.091996966581907	0.054007847986305965	6.091996966581909	1.5307932699215598e-10	3.7400429975242844e-11	False	False
30	6.092001460981166	0.027569720550949067	3.956683834845329	8.227063962120743	0.778100913103614	5.648382525380281	-0.9880855010522148	0.5960252994373683	1.4587529197115785e-294	2.46068674965517e-296	6.144152946394348	0.02809686212312317	6.092001461051842	0.02756972055325968	9.971039602651059	7.067590956921777e-11	2.3106135060846356e-12	False	False
31	6.091988167932341	0.045392248125332414	3.717564453176682	6.935593625479534	0.9154373910442086	5.20341380023393	-0.6669060887226695	0.7012250415398639	34.03881378479658	0.5741812538808103	6.34270258271297	0.09639813187783061	6.091988168098946	0.045392248116073626	6.091988168098948	1.666053961457692e-10	-9.25878818058834e-12	False	False
32	6.0920062751449615	0.05079685381532066	4.237904481705008	7.92129557877935	0.898625802204412	6.161316680004717	-0.513756521074608	0.6883473644885796	14.001699857806305	0.23618665537659927	6.303681430513342	0.0552223926434612	6.092006275115649	0.050796853811169905	6.092006275115647	-2.931255238536323e-11	-4.150756127696553e-12	False	False
33	6.092000035778696	0.026810638324874573	4.602783956219948	7.399102571084286	0.8422570404094729	5.465432522701395	-0.6695913244160132	0.6451688929536563	0.0	0.0	6.378114523153539	0.03174476019554337	6.09200003818663	0.02681063832539734	6.09200003818663	2.4079342964000716e-09	5.227658583795147e-13	False	False
34	6.091979898938401	0.05531315688505674	3.8342783375649283	7.7781313436614195	0.8487721417377583	6.606685882235066	-0.8509566145726879	0.6501594605711228	2.001627714282522	0.03376431147264749	6.3413284754041035	0.06105205127933509	6.091979899111246	0.05531315696065706	6.091979899111247	1.7284484954416257e-10	7.560032461162436e-11	False	False
35	6.091981048561814	0.050857159643742544	4.515975719016344	7.2089076301372765	0.9509161866924994	5.822896531429257	-0.5386463706589696	0.7284017990064546	0.0	0.0	6.36749250910809	0.09187344738958934	6.0919819920263745	0.050857309096053786	6.091981992026376	9.434645606987146e-07	1.494523112419155e-07	False	False
36	6.091981754503577	0.03766636618626938	3.538691771567043	7.430708973187342	0.8067917536450863	6.727081473628172	-0.7816478114460427	0.6180024832921361	nan	0.0	6.0905704260751135	0.008008393423699255	5.67930875736895	0.006408777107027638	nan	-0.412672997134627	-0.03125758907924174	True	False
37	6.091996112863189	0.06259756696888671	4.383944949346231	7.941587583427235	0.7743757323138833	5.597709015883791	-0.7378953170381177	0.5931718109524347	2.5000521725869832e-67	4.217194818535644e-69	6.108240044649012	0.06515199393694411	5.997036395687985	0.06259357304885042	7.9078071343989	-0.0949597171752039	-3.993920036290954e-06	False	False
39	6.09199766888814	0.045682051582314656	4.2394943803018466	7.812450094697057	0.9565146787708821	6.075356629691772	-0.4267569887679089	0.7326902439384957	47.976866923996965	0.18000699891044294	6.32567869276301	0.05313908018729835	6.091997667328237	0.04568205131829344	6.091997667328237	-1.5599024294488117e-09	-2.6402121461321926e-10	False	False
40	6.092000207700164	0.028930752668986853	3.7102025669161036	8.370831331892099	0.8748888251307001	5.837708959173289	-0.8306688288198307	0.6701648400501163	8.255471170749774e-55	3.0974148278429207e-57	6.160457713164709	0.029666370887727545	6.092000207682947	0.028930752666036428	7.764358634973511	-1.7217338665886928e-11	-2.9504246268352574e-12	False	False
42	6.091971378536171	0.00212667334348109	3.3224815322068153	6.917441613329195	0.9064958486033723	4.92351896901108	-0.497326265851292	0.6943758200301832	1.1531361224693655	0.0063526237984938986	6.2798977994046945	0.004099954208224325	6.091971370876666	0.0021266738041154504	6.091971370876666	-7.65950503023305e-09	4.606343605162433e-10	False	False
44	6.091955864587761	0.020282931103855126	4.000278322050567	7.221888390928621	0.9714658436818507	6.521323816551037	-0.528339517612549	0.7441428362602976	1.365514774242562	0.05780881437962096	6.3527402147179615	0.04776524003343572	6.0919558645770975	0.0202829310994631	6.091955864577099	-1.0663470106919704e-11	-4.3920249381823595e-12	False	False
45	6.0919641091463665	0.03039558836429841	2.979222720278448	7.030864849488566	0.8926569070493117	4.37115852598728	-0.6565783899016426	0.6837751907997728	nan	0.05780881437962096	nan	nan	6.0919641091463665	0.03039558836429841	nan	nan	nan	False	True
47	6.091937430655274	0.03941074636540555	3.1076464446499594	7.031444758203902	0.9064958486033723	4.92351896901108	-0.497326265851292	0.6943758200301832	0.0097946234674827	0.00046057339000132364	6.319768829902639	0.06545995513397582	6.091937430915605	0.03941074643267944	6.091937430915605	2.603313120630446e-10	6.727388784932842e-11	False	False
48	6.0919642124399225	0.023124233222303343	3.2601120051417634	7.4364959260269226	0.8251873904744133	6.379901234509199	-0.6932438553050424	0.6320935411034005	7.833739889256563	0.3683665992022844	6.422434789380679	0.027493447343073525	6.09196421247234	0.023124233264331048	6.091964212472341	3.241762414063487e-11	4.202770423344937e-11	False	False
49	6.091963399264391	0.03164071141293959	2.860209625423448	6.717212409228103	0.8208535614302196	5.835953256380523	-0.6208218158039285	0.6287738280555483	7.433740147480048	0.349557378237202	6.426831796051088	0.0721282266144678	6.091963399821337	0.03164071104623428	6.091963399821338	5.56945600749259e-10	-3.6670530501048404e-10	False	False
51	6.091969922127231	0.030808266600911377	4.432742312460531	6.604167084704056	0.8472416651840867	6.507004718641423	-0.6612207318327942	0.6489871155310104	20.677915390645023	0.471678016050998	6.51638087908127	0.12953726802040708	6.091969923260199	0.030808266646202252	6.0919699232602005	1.1329674975968373e-09	4.529087521687458e-11	False	False
Iteration_step	Porb	eccentricity	Wdisk	logQ	primary_mass	age	feh	secondary_mass	posterior_probability	acceptance_ratio	inital_orbital_period	initial_eccentricity	current_orbital_period	current_eccentricity	current_spin	delta_e	delta_p	bad_solution_flag	gsl_flag	
2	6.0919909983686	0.04306476419863075	3.5087375559710403	7.113573348757987	0.8538444177687362	8.090935227322403	-0.7120124687168095	0.654044824010852	48.32432101202362	0.253628698690056	6.576127024393499	0.0828820971521447	6.091990146264798	0.04306463241119555	6.091990146264798	-8.521038026287897e-07	-1.3178743520081415e-07	False	False
3	6.091996031281661	0.038749508311407	4.162498443301795	8.333576499250023	0.8132798141669395	6.0681807534703145	-0.6096571106288388	0.6229723376518757	2.098172974640984e-254	1.1012195723400441e-256	6.1490219955132375	0.03955113698093666	6.091996031252962	0.03874950831750544	9.692654166324388	-2.8698821097350447e-11	6.098441196478177e-12	False	False
5	6.091991828104787	0.015790237889824293	5.127473024770298	7.888387361272325	0.8500282502935843	5.799773581544576	-0.5538950754507568	0.6511216397248856	0.0	0.0	6.262114620637323	0.01680136704912617	6.091991828015005	0.01579023788629977	6.206389188450403	-8.978151555538716e-11	-3.524524422315878e-12	False	False
6	6.0919468685019895	0.022725380023728994	3.4111880553803244	7.602425067654473	0.857060401001634	6.413942647802169	-0.5197369302633924	0.6565082671672517	0.1953942699643441	0.001679461726094483	6.386355160478829	0.026182177779974485	6.0919468685070735	0.02272538001924045	6.091946868507075	5.083933274363517e-12	-4.488544952385709e-12	False	False
7	6.091966130740391	0.016336912022000143	3.739686532253969	8.0592173649417	0.7608383285290315	7.1327033898992305	-0.971867368934433	0.5828021596532382	nan	0.001679461726094483	6.091966130740391	0.016336912022000143	5.990927806246194	0.015745723855770978	nan	-0.10103832449419681	-0.0005911881662291653	True	False
10	6.0919846070303185	0.017573748066262763	4.762637674888858	6.799718275820244	0.7655849116791371	5.832508405203515	-0.704608707084056	0.586438042346219	0.0	0.0	6.454328372747754	0.028874453224014704	6.091984606626868	0.01757374809211429	6.09198460662687	-4.034506062566834e-10	2.585152578116201e-11	False	False
11	6.091964731891759	0.01260423711822245	5.39723697708844	6.89013073444646	0.9368324351935825	5.080787513555807	-0.4482881587511002	0.7176136453582842	0.0	0.0	6.249550599299126	0.02972974352983029	6.09203869610892	0.012604353777954781	6.092038696108921	7.396421716165946e-05	1.166597323309232e-07	False	False
12	6.0919595988382635	0.027325987241842216	3.433647728370783	7.339071634142391	0.8717777812713549	5.333359943306482	-0.6535663477998472	0.6677817804538578	4.134052914131142	0.07856701505262347	6.370813083283266	0.034212013552241946	6.091959598380096	0.027325987124547778	6.091959598380097	-4.581677259807293e-10	-1.1729443805119644e-10	False	False
14	6.091996869429354	0.019773592172326	3.6088001823948646	8.025237040239078	0.765776080160508	5.313406451670112	-0.9592698754668891	0.5865844774029492	2.0044892021606314e-162	7.2083419554706e-165	6.163626947692795	0.020300176066496412	6.091668909981783	0.019771529382172203	8.96867034117906	-0.0003279594475715797	-2.0627901537971505e-06	False	False
15	6.091975110964767	0.028452561116519743	3.5903906807933565	6.573369595436736	0.8926569070493117	4.37115852598728	-0.6565783899016426	0.6837751907997728	53.91164439953801	0.19387161965986963	6.27986177167168	0.10450416169644103	6.0918905206766	0.031659604335122736	6.091890520676599	-8.459028816698577e-05	0.003207043218602993	False	False
16	6.09199924689554	0.0443658063223569	3.710734281928204	6.407732664876645	0.8248740365441242	5.6233532414016985	-0.7093194223490287	0.6318535119927992	55.41642816780612	0.19928297131944764	6.769564340713003	0.22398709919225362	6.08780938625661	0.04256836945761351	6.08780938625661	-0.004189860638930121	-0.0017974368647433875	False	False
17	6.092013818405165	0.05541319081525017	2.841876137693859	6.485970854104369	0.7147095817438829	5.368036179817652	-0.8139373807884231	0.5474675396158143	3.539091944841327	0.012726925604173663	6.536157479658914	0.11665949282165082	6.092013818356734	0.05541319077443172	6.092013818356735	-4.843059286940843e-11	-4.08184458455807e-11	False	False
19	6.092036443919677	0.05781805922222327	3.7514706223677434	6.666301018068483	0.8163214166347013	5.387160054564678	-1.0070015242767094	0.6253022051421812	nan	0.3235676792665652	nan	nan	6.092036443919677	0.05781805922222327	nan	nan	nan	False	True
21	6.0920086622344956	0.05009881607704327	4.657935826533007	6.77691992239529	0.8051578167495513	5.751194453606814	-0.7803853172583761	0.6167508876301563	0.0	0.0	6.456579054563305	0.09492569540635588	6.092008661346297	0.050098815964253945	6.092008661346298	-8.881988478037783e-10	-1.1278932648961515e-10	False	False
22	6.092020376667061	0.03511509322752032	3.8946276901202523	6.10700322020021	0.8038116391525442	6.106586766095213	-0.7541183189935796	0.6157197155908488	nan	0.0	nan	nan	6.092020376667061	0.03511509322752032	nan	nan	nan	False	True
24	6.092019824360941	0.030197635057073118	4.5668197114235065	5.484858282545526	0.8511032797485323	4.72357507618052	-0.644327276061916	0.6519451122873757	0.0	0.0	6.167532296986228	0.11196402422774272	6.092019138629677	1.683441312532483e-07	6.092019138629679	-6.85731263772027e-07	-0.030197466712941864	False	False
25	6.092001699959015	0.03467799863126246	3.6222865749724678	6.170761816425455	0.8422570404094729	5.465432522701395	-0.6695913244160132	0.6451688929536563	nan	0.0	6.092001699959015	0.03467799863126246	5.9390304750865175	0.0011645803292929244	nan	-0.15297122487249748	-0.033513418301969536	True	False
26	6.092010332793699	0.022920177625406872	4.903955379385871	6.558381324195125	0.8208535614302196	5.835953256380523	-0.6208218158039285	0.6287738280555483	0.0	0.0	6.393828760571112	0.0749005853268282	6.092010332111582	0.022920177441093727	6.092010332111582	-6.821174736160174e-10	-1.8431314460776171e-10	False	False
27	6.092008639716807	0.010152658465622315	4.983030094394194	5.849957181284849	0.8227582714250753	5.649983076442791	-0.7696964377487753	0.6302328359116077	nan	0.0	nan	nan	6.092008639716807	0.010152658465622315	nan	nan	nan	False	True
28	6.091980173187896	0.047260739450077735	4.39666794109342	5.752159255367239	0.8609463202584832	6.671239579711728	-0.9100920728839708	0.6594848813179981	nan	0.0	nan	nan	6.091980173187896	0.047260739450077735	nan	nan	nan	False	True
30	6.092012687071499	0.030625503747767645	4.121211952094629	5.8716496198827866	0.835056505123504	7.156968239365128	-0.6586212359686867	0.6396532829246041	nan	0.5905437391006904	nan	nan	26.0920126870715	0.23062550374776766	nan	nan	nan	False	True
Iteration_step	Porb	eccentricity	Wdisk	logQ	primary_mass	age	feh	secondary_mass	posterior_probability	acceptance_ratio	inital_orbital_period	initial_eccentricity	current_orbital_period	current_eccentricity	current_spin	delta_e	delta_p	bad_solution_flag	gsl_flag	
3	6.092018403932615	0.027695332223498063	4.37156800877637	7.0136618399654	0.8052495896719096	5.84958892524438	-0.712406267606909	0.6168211856886828	90.27946598025093	0.49460449132034173	6.438862634885464	0.04016145173947564	6.092018403314453	0.02769533220919578	6.092018403314452	-6.181615219702508e-10	-1.4302285050726837e-11	False	False
4	6.092001548546584	0.02346183412089814	4.763764759015443	6.824463477713822	0.8370017740385219	5.914654276402876	-0.7798061070331446	0.6411433589135078	0.0	0.0	6.395673106974446	0.0477944009543285	6.092457722335295	0.023615614449791426	6.092457722335296	0.0004561737887112116	0.0001537803288932868	False	False
5	6.091992530211476	0.043180793699931976	4.898745211216288	7.478966780251918	0.8133872589685113	5.525749781885521	-0.6521402605537566	0.6230546403698797	0.0	0.0	6.3689729698542425	0.048833029832141044	6.0919925300335995	0.043180793644891684	6.0919925300335995	-1.7787638029176378e-10	-5.504029176872649e-11	False	False
6	6.091970614836086	0.028925600522915308	4.45215007102371	7.87177276705952	0.8889039538124486	6.600545203001222	-0.5593368729195706	0.6809004286203356	24.23278619492792	0.13276158381174788	6.327452750091731	0.031911322108807184	6.091970614750099	0.02892560050846726	6.0919706147501	-8.598721734642822e-11	-1.4448046925519265e-11	False	False
8	6.091976140675667	0.001248097409366447	4.565286398670182	7.335758602392499	0.8411430032975505	5.551819754026014	-0.8529786533355338	0.6443155405259238	0.0	0.0	6.385302600733328	0.001518825340493244	6.09197614102317	0.0012480974011847504	6.091976141023171	3.475024712429331e-10	-8.181696639630864e-12	False	False
9	6.092000127824857	0.02727381057246738	4.075452242897876	7.606910579433197	0.7548374404266043	6.360553240583127	-0.8524184639263361	0.5782054793667789	0.02886377252669773	0.00030064991878981837	6.3155194171798374	0.029547916940176795	6.0920001273558615	0.02727381059519351	6.505361886975874	-4.689955090952935e-10	2.2726130005645828e-11	False	False
11	6.091955038553912	0.026054977237521613	4.0736966524267535	6.122174474393167	0.8803333873725917	4.561494167100306	-0.7046268697950705	0.6743353747274052	1.7946348204073574	0.022294708173454095	6.109565345193739	0.03143446153794163	6.092017396169694	0.001045425282853637	6.092017396169695	6.235761578210486e-05	-0.025009551954667978	False	False
14	6.091968216578063	0.014771286425335126	2.614235839081418	8.096752817517615	0.9331064617784413	6.606211614228162	-0.32134907316731726	0.7147595497222861	10.207835146256702	0.06830075159492638	6.278342064231762	0.015855456826626448	6.0919682167567215	0.014771286424493832	6.0919682167567215	1.786588654795196e-10	-8.412940483149001e-13	False	False
16	6.0919638942729515	0.03381255295316845	2.8680802745221756	7.391488037582512	0.8648871896971652	6.99887044474558	-0.37360845121482483	0.6625035873080285	9.093954233022004	0.045514937451732004	6.483523566086333	0.04392840352196381	6.091963894563804	0.0338125529160107	6.091963894563807	2.908526752776197e-10	-3.715774909984759e-11	False	False
17	6.092005253749901	0.03591839020222201	3.108863119505676	7.5562901039531365	0.846691220069817	7.434963402791749	-0.7849795933105472	0.6485654745734798	133.6537384226285	0.6689325004964941	6.44475965180597	0.04357979637794815	6.0920052537966445	0.03591839022741509	6.092005253796646	4.674305387197819e-11	2.5193076791385494e-11	False	False
18	6.091970690836661	0.028084079416442947	2.0819845955589917	7.266659370368447	0.7963115253466538	8.237077375060956	-0.5589651392949945	0.6099746284155368	24.067974777612864	0.12045941056258035	6.608883428724478	0.03783601065526283	6.091970684684838	0.028084079387405786	6.091970684684839	-6.151823050970506e-09	-2.9037161564104963e-11	False	False
23	6.091994103788127	0.024603351591464206	2.853089362496288	6.901803648161406	0.7732527300142031	6.06754609801589	-0.5069148618923509	0.5923115911908796	182.80435240920067	0.2734409249370284	6.480154113493552	0.03806251223061764	6.091994105890337	0.02460335203809392	6.091994105890338	2.102209961662993e-09	4.4662971238063065e-10	False	False
24	6.09199054654643	0.03169399315120221	3.0056096660152116	6.353998152096437	1.1674030129781379	4.503136458021275	0.13316119669234863	0.8942307079412536	nan	0.2734409249370284	nan	nan	6.09199054654643	0.03169399315120221	nan	nan	nan	False	True
25	6.09202333702795	0.031735986549759114	4.176335721100036	7.22695766951441	0.8372058922109057	4.643337631942991	-0.7327145291107529	0.6412997134335537	60.593855282667406	0.09063700954397569	6.345537804471826	0.03877319349452812	6.092023337082014	0.03173598656364438	6.092023337082014	5.406430858556632e-11	1.3885267935442869e-11	False	False
26	6.092001681546176	0.0177095471921817	3.86870790091381	7.4562139774446194	0.8630926623567426	4.765241944659033	-0.3998162906608079	0.6611289793652648	158.3605948013843	0.23687766152929438	6.332257955740744	0.020303070378115524	6.092001681083204	0.017709547103346338	6.092001681083206	-4.629718830528873e-10	-8.883536267711989e-11	False	False
28	6.092030769578793	0.04170385805592791	4.050709544138111	6.4625108363690655	0.8564057190426053	4.370023028412688	-0.5940624416759395	0.6560067807866357	nan	0.2749342596441319	nan	nan	6.092030769578793	0.04170385805592791	nan	nan	nan	False	True
29	6.092014943632253	0.02339113994126788	4.552427062674563	6.697022893166515	1.035514056468594	4.194076878297447	-0.29849771584354756	0.7932037672549431	0.0	0.0	6.065777048780013	0.0338512032106151	6.09215247900773	0.005895063698106489	6.092152479007731	0.00013753537547689376	-0.017496076243161393	False	False
31	6.091996803617011	0.03951798314665998	4.011906379543541	7.454071758552921	1.0058616359395582	5.350581965260268	-0.20921008787895778	0.7704900131297017	197.34578141619616	0.5475013446559222	6.307526648356107	0.05797236741760355	6.091998320622545	0.04131485618067098	6.091998320622545	1.5170055336355404e-06	0.0017968730340109998	False	False
33	6.0919742752736195	0.02715883663003988	3.1590231077444173	7.522323418342061	1.083607233423756	3.8289991358752484	-0.2541310620174697	0.8300431408025972	80.21894739326537	0.09404746358963789	6.176088173263522	0.03600745097555786	6.091974275061122	0.027158836297645844	6.091974275061122	-2.1249757509167466e-10	-3.323940359067912e-10	False	False
34	6.0920264663969785	0.025656784399086606	2.9747864655497174	8.037272336776697	0.9753896295741014	3.143982989524798	-0.17892455132160828	0.7471484562537617	91.34951022188078	0.1070967647382125	6.177610202867491	0.026543497025283063	6.092026466472874	0.025656784331648703	6.092026466472875	7.58957341417954e-11	-6.743790248453507e-11	False	False
35	6.092009634421877	0.029366786090334912	2.442855715161123	7.214192289461116	0.9822760957612786	4.2445976725948364	-0.04478802037351595	0.7524234893531394	576.4293081493402	0.6757968800613615	6.245817470856335	0.041528844919880965	6.092009635448676	0.029366785992901653	6.092009635448679	1.0267990901979829e-09	-9.743325937727754e-11	False	False
37	6.092002900024167	0.012698077419227549	3.3899149142753906	6.962082551096676	1.0058616359395582	5.350581965260268	-0.20921008787895778	0.7704900131297017	119.3278017146276	0.2516895688030533	6.246447643387268	0.03705451092792813	6.092002900014556	0.012698077397965326	6.092002900014558	-9.610978679575055e-12	-2.126222288512114e-11	False	False
38	6.091992037717059	0.013062039147371442	3.565994054515346	7.7856665606796795	0.956046962769914	4.5137335227823625	-0.23893961261140373	0.7323319734817542	108.40361958943731	0.2286479754014536	6.258784020518419	0.014312115202392983	6.091992037696591	0.01306203913294255	6.091992037696592	-2.0468071681989386e-11	-1.4428892108897529e-11	False	False
39	6.092027120512867	0.012523484767269482	2.9485999267963683	7.896697857446099	1.0207170657902944	4.300681745384928	-0.20984945124904802	0.7818692723953655	21.77981835196819	0.04593860785875627	6.23128341293171	0.01374411970097037	6.092027121108273	0.012523484741353699	6.0920271211082735	5.954055026791139e-10	-2.5915783408159143e-11	False	False
40	6.092017468437516	0.03327833171019819	3.128735867478631	6.657783260216021	0.8682703525709274	2.629755327016573	-0.47077861861547954	0.6650950900693304	130.08920239874695	0.2743878189927312	6.146503663956906	0.05410470023392581	6.092400610880855	0.03378314865309329	6.092400610880855	0.00038314244333914615	0.0005048169428950935	False	False
41	6.092023150945549	0.008809725196899815	3.39255597291326	7.370071331838006	0.8777975732866885	3.665739313881339	-0.4984186245022431	0.6723929411376034	11.754222822743253	0.024792338678511043	6.268583441993999	0.010050411116978984	6.092023150905094	0.00880972520033845	6.092023150905096	-4.0454750660501304e-11	3.438634793573314e-12	False	False
42	6.092013376275047	0.016419857565803952	3.259236815214247	6.8043470811840105	0.8953586904639408	5.0162711532907895	-0.6055166888182999	0.6858447568953786	73.33723415177154	0.15468496507637639	6.286212379352858	0.03804703650408063	6.092013375783663	0.01641985743990233	6.092013375783664	-4.913838225206746e-10	-1.2590162246084446e-10	False	False
43	6.091990083087707	0.024203264626318596	2.59941461486707	7.507547792398561	0.8868728572162913	3.8450203025797705	-0.5914919816406873	0.6793446086276791	186.14864776019564	0.39262998408435335	6.26445952203979	0.026943305486979378	6.09199008288486	0.024203264446835904	6.091990082884861	-2.028475165616328e-10	-1.7948269259715488e-10	False	False
45	6.0920448811274275	0.03942308874512283	3.3869921855315255	7.493117297702205	0.9456248415379703	2.849402508430044	-0.5685439846703694	0.7243486286180852	nan	0.07916610556883306	nan	nan	6.0920448811274275	0.03942308874512283	nan	nan	nan	False	True
47	6.092027912031597	0.006428153023858987	3.0486675902201235	6.996847328811581	0.974024743479703	2.2492908518619235	-0.5143171329226522	0.7461029535054525	4.80198251242056	0.0827643647784931	6.087849658192691	0.008535140793200856	6.092027804461235	0.006427803360008811	6.092027804461237	-1.0757036150721433e-07	-3.496638501755342e-07	False	False
