Step	Time_elapsed
1	0.0
2	0.0
3	1582680772.202323
4	1821.7817451953888
5	1765.107459783554
6	1765.107459783554
7	1856.7115371227264
8	2281.8116858005524
9	1973.6792452335358
10	2591.7707278728485
11	12365.834418058395
12	1896.2232856750488
13	2478.1035828590393
14	1595.882491350174
15	2024.681079864502
16	1933.7788581848145
17	1685.9580619335175
18	3143.627279520035
19	3143.627279520035
20	2700.470977306366
21	2306.0649321079254
22	2179.994669675827
23	2179.994669675827
24	2179.994669675827
25	2721.3699934482574
26	2293.279700756073
27	2293.279700756073
28	2293.279700756073
29	2269.7451486587524
30	2339.4464027881622
31	1932.8712422847748
32	4751.93794631958
33	2324.2458839416504
34	3304.932837486267
35	1880.7031095027924
36	2014.3455517292023
37	1543.0352351665497
38	2083.767719268799
39	2100.9796299934387
40	2100.9796299934387
41	6169.577855825424
42	6169.577855825424
43	11153.018331289291
44	2072.277595281601
45	1978.046644449234
46	2458.364011526108
47	2458.364011526108
48	2458.364011526108
49	4741.636885404587
50	1715.5513973236084
51	1887.398264169693
52	2596.31104183197
53	5113.08306479454
54	5113.08306479454
55	3141.287013053894
56	1327.7201948165894
57	4196.925885915756
58	1357.9697122573853
59	1357.9697122573853
60	1423.2508294582367
61	1280.0955619812012
62	874.28635430336
63	874.28635430336
64	1018.0000848770142
65	574.093024969101
66	574.093024969101
67	557.3637793064117
68	341.4486198425293
69	342.94683933258057
70	699.2920553684235
71	418.62410044670105
72	727.5775504112244
73	1654.306260585785
74	652.5929284095764
75	652.5929284095764
76	508.3547554016113
77	14006.124728918076
78	514.8400137424469
79	930.9907672405243
80	930.9907672405243
81	930.9907672405243
82	930.9907672405243
83	566.6835708618164
84	566.6835708618164
85	868.4166767597198
86	974.8613059520721
87	591.2614622116089
88	536.1340355873108
89	404.00336360931396
90	1283.534484386444
91	896.7474846839905
92	1345.5235595703125
93	1349.6783723831177
94	1122.3435461521149
95	1202.2997462749481
96	1583052415.9845088
97	1019.4457838535309
98	1378.1801204681396
99	889.662759065628
100	889.662759065628
101	1700.4058883190155
102	1378.013563156128
103	1214.990364074707
104	823.6041657924652
105	1172.7135066986084
106	2601.6045277118683
107	1276.2501816749573
108	2170.4967670440674
109	2170.4967670440674
110	1473.019026517868
111	1210.3658409118652
112	1181.1219806671143
113	1181.1219806671143
114	1103.6615929603577
115	2544.3193271160126
116	1304.3950622081757
117	1440.1557984352112
118	950.8256151676178
119	950.8256151676178
120	950.8256151676178
121	950.8256151676178
122	1081.9221141338348
123	993.6620244979858
124	1275.9950931072235
125	1275.9950931072235
126	1275.9950931072235
127	1424.8752303123474
128	1294.3379209041595
129	1547.2189400196075
130	664.9379937648773
131	896.2184660434723
132	1224.7205934524536
133	1224.7205934524536
134	1224.7205934524536
135	1224.7205934524536
136	4417.310432195663
137	720.7258076667786
138	1252.4748442173004
139	11992.216124773026
140	11992.216124773026
141	11992.216124773026
142	3329.6933300495148
143	3329.6933300495148
144	2413.721741437912
145	2413.721741437912
146	2413.721741437912
147	3407.4957785606384
148	640.817875623703
149	901.589873790741
150	562.7980394363403
151	562.7980394363403
152	2025.946436882019
153	2025.946436882019
154	1962.935879945755
155	668.6556925773621
156	1651.1683344841003
157	821.3512887954712
158	821.3512887954712
159	1225.2122521400452
160	1115.1758029460907
161	1075.3669955730438
162	1795.7894432544708
163	1795.7894432544708
164	2420.0093150138855
165	2420.0093150138855
166	2161.2290983200073
167	917.6834924221039
168	1225.7704620361328
169	1225.7704620361328
170	1219.8975970745087
171	1477.2105910778046
172	745.8038754463196
173	449.8039426803589
174	938.8915023803711
175	909.4059181213379
176	973.1719267368317
177	440.40257239341736
178	561.8505976200104
179	715.9351181983948
180	949.4363305568695
181	550.5020024776459
182	914.6486356258392
183	779.1909816265106
184	648.1955444812775
185	470.52538442611694
186	869.5796873569489
187	435.1187915802002
188	1022.4796078205109
189	686.0162920951843
190	747.769424200058
191	585.6614985466003
192	827.3548517227173
193	712.0358319282532
194	773.8243491649628
195	773.8243491649628
196	863.8329179286957
197	643.9096593856812
198	789.398797750473
199	1531.9511363506317
200	1531.9511363506317
201	1531.9511363506317
202	678.57901263237
203	782.5320048332214
204	414.0606641769409
205	806.4778625965118
206	896.3783812522888
207	896.3783812522888
208	974.7281560897827
209	715.5836081504822
210	856.1543605327606
211	739.8126199245453
212	739.8126199245453
213	739.8126199245453
214	599.690060377121
215	618.1456396579742
216	591.0866210460663
217	462.0681064128876
218	310.45548939704895
219	306.57252502441406
220	349.2319734096527
221	382.0611925125122
222	285.05370926856995
223	237.92890906333923
224	191.00133156776428
225	249.12368440628052
226	158.6344985961914
227	284.17870140075684
228	299.155699968338
229	165.53887104988098
230	420.22509145736694
231	483.3514323234558
232	265.5199110507965
233	871.6744928359985
234	189.86771869659424
235	207.8171534538269
236	240.41634726524353
237	346.7148537635803
238	354.27104902267456
239	397.18191289901733
240	300.7767970561981
241	356.7995059490204
242	237.6276502609253
243	201.20019006729126
244	292.2185158729553
245	325.7247414588928
246	180.5044720172882
247	380.08883333206177
248	220.0045189857483
249	124.1827483177185
250	227.4844319820404
251	340.3866882324219
252	340.3866882324219
253	300.43148589134216
254	339.04198837280273
255	339.04198837280273
256	24079.812694072723
257	232.94330143928528
258	463.0048222541809
259	463.0048222541809
260	605.8637146949768
261	724.3081557750702
261	1583453241.1858542
262	6086.508893251419
263	727.17112159729
264	546.4287598133087
265	233.3429126739502
266	182.9978039264679
267	130.87711668014526
268	553.7392790317535
269	478.4709119796753
270	640.7864606380463
271	1046.9523746967316
272	433.0064170360565
273	319.8564102649689
274	1147.0385205745697
275	1527.1624972820282
276	1527.1624972820282
277	1527.1624972820282
278	3440.6426367759705
279	3440.6426367759705
280	1329.8100724220276
281	1329.8100724220276
282	4772.482389450073
283	1150.3229248523712
284	1498.067583322525
285	1162.7783524990082
286	1476.3592653274536
287	721.0960073471069
288	959.4303529262543
289	959.4303529262543
290	959.4303529262543
291	959.4303529262543
292	916.8705959320068
293	1319.1921842098236
294	3445.601274728775
295	3445.601274728775
296	3445.601274728775
297	1245.2362236976624
298	1302.7828125953674
299	793.8115084171295
300	1138.1344366073608
301	887.957309961319
302	861.7359743118286
303	1516.6779127120972
304	1711.4349892139435
305	1929.56249666214
306	1461.3654997348785
307	1035.3373646736145
308	1035.3373646736145
309	1249.5226030349731
310	1249.5226030349731
311	1332.9448356628418
312	1332.9448356628418
313	1332.9448356628418
314	1332.9448356628418
315	1332.9448356628418
316	1342.4121208190918
317	1093.0501537322998
318	1360.683814048767
319	1443.1215262413025
320	2055.850063085556
321	2055.850063085556
322	2055.850063085556
323	1343.0152788162231
324	4593.720074892044
325	4593.720074892044
326	976.0569570064545
327	976.0569570064545
328	2615.2258727550507
329	2615.2258727550507
330	4581.301827907562
331	4581.301827907562
332	1320.0012333393097
333	1320.0012333393097
334	5983.054674863815
335	2361.7139089107513
336	2361.7139089107513
337	2101.281949043274
338	1605.146377325058
339	1605.146377325058
340	2485.9981780052185
341	1248.388041973114
342	1204.8711097240448
343	1490.4192209243774
344	1490.4192209243774
345	1490.4192209243774
346	821.8068282604218
347	2292.14905333519
348	1835.0972487926483
349	1835.0972487926483
350	1835.0972487926483
351	5665.8611834049225
352	1480.1668133735657
353	1480.1668133735657
354	1193.9377136230469
355	1193.9377136230469
356	1530.7378330230713
357	1530.7378330230713
358	2792.8525829315186
359	3984.882588863373
360	3984.882588863373
361	3984.882588863373
362	6455.628569602966
363	6455.628569602966
364	6455.628569602966
365	5652.972320318222
366	6064.5101318359375
367	6064.5101318359375
368	12587.12853217125
369	12587.12853217125
370	3062.2713129520416
371	3062.2713129520416
372	3062.2713129520416
373	2682.857167005539
374	1753.2635750770569
375	1753.2635750770569
376	2084.275408267975
377	4271.629364013672
378	4271.629364013672
379	11058.123949050903
380	11058.123949050903
381	11058.123949050903
382	0.0
383	0.0
384	0.0
385	1584057303.7681859
386	1584057303.7681859
387	7183.348579883575
388	7183.348579883575
389	7503.4793264865875
390	1898.3879635334015
391	1540.328518629074
392	1855.733315229416
393	1906.6533932685852
394	1906.6533932685852
395	1906.6533932685852
396	1738.4249081611633
397	1738.4249081611633
398	1738.4249081611633
399	1738.4249081611633
400	1738.4249081611633
401	1738.4249081611633
402	1738.4249081611633
403	1738.4249081611633
404	1583.1724345684052
405	1178.9147067070007
406	1178.9147067070007
407	1178.9147067070007
408	1178.9147067070007
409	6099.841589689255
410	1950.3100845813751
411	1950.3100845813751
412	5852.897517204285
413	1453.4775450229645
414	1453.4775450229645
415	1453.4775450229645
416	1453.4775450229645
417	1313.4163525104523
418	1313.4163525104523
419	1625.7276773452759
420	1490.5969491004944
421	2042.0609500408173
422	2042.0609500408173
423	1396.1755204200745
424	2071.769203186035
425	1770.0861265659332
426	2138.872249364853
427	2691.4104101657867
428	1596.789987564087
429	3150.4016835689545
430	1662.1230599880219
431	1662.1230599880219
432	1662.1230599880219
433	3405.937273979187
434	3405.937273979187
435	6896.172358989716
436	6896.172358989716
437	6896.172358989716
438	1999.117052078247
439	1621.3946659564972
440	1327.2323744297028
441	1641.4817833900452
442	1736.2362787723541
443	1736.2362787723541
444	1735.1613657474518
445	2374.2808640003204
446	2374.2808640003204
447	1647.36963224411
448	1799.8183526992798
449	1799.8183526992798
450	4106.603672504425
451	1846.9843173027039
452	2968.6010086536407
453	4251.1169991493225
454	4251.1169991493225
455	4251.1169991493225
456	13366.842747449875
457	4837.568215847015
458	4837.568215847015
459	4837.568215847015
460	4837.568215847015
461	4837.568215847015
462	0.0
463	0.0
464	0.0
465	0.0
466	0.0
467	0.0
468	0.0
469	1584820438.4805558
470	1584820438.4805558
471	1584820438.4805558
472	1584820438.4805558
473	13940.301923751831
474	13940.301923751831
475	13940.301923751831
476	2685.323985338211
477	2876.259020805359
478	2876.259020805359
479	2876.259020805359
480	6421.3729927539825
481	1879.3499162197113
482	2721.981470346451
483	1816.6269299983978
484	1686.6681022644043
485	2126.6229276657104
486	2184.7005965709686
487	1985.4528076648712
488	1757.5506343841553
489	1757.5506343841553
490	1757.5506343841553
491	1757.5506343841553
492	2621.2052702903748
493	2621.2052702903748
494	2621.2052702903748
495	3860.844751596451
496	3395.500959634781
497	3395.500959634781
498	3395.500959634781
499	6568.875865221024
500	6568.875865221024
501	2254.9418239593506
502	2254.9418239593506
503	3500.6489973068237
504	3500.6489973068237
505	3127.920040369034
506	2077.316609621048
507	2272.121526479721
508	2272.121526479721
509	2272.121526479721
510	2402.2102887630463
511	2402.2102887630463
512	2402.2102887630463
513	2428.7428419589996
514	2951.9122927188873
515	2951.9122927188873
516	3381.7692596912384
517	1998.0053629875183
518	3542.6851885318756
519	3542.6851885318756
520	3542.6851885318756
521	3776.5729808807373
522	2756.939581632614
523	6041.490364313126
524	2201.5992753505707
525	1445.9896502494812
526	3140.367753982544
527	3696.529097557068
528	4789.410247087479
529	4789.410247087479
530	2732.3942131996155
531	2732.3942131996155
532	12391.356560230255
533	12391.356560230255
534	12391.356560230255
535	2839.230368614197
536	14806.166930675507
537	3476.7777106761932
538	3476.7777106761932
539	3476.7777106761932
540	3018.367583990097
541	2416.1396746635437
542	2260.3732981681824
543	2260.3732981681824
544	12997.995837450027
545	12997.995837450027
546	1892.012457370758
547	2981.8579494953156
548	2981.8579494953156
549	2981.8579494953156
550	2038.8092064857483
551	2038.8092064857483
552	1398.5774745941162
553	1398.5774745941162
554	1398.5774745941162
555	1398.5774745941162
556	1398.5774745941162
557	1676.116098165512
558	1676.116098165512
559	8403.473474264145
560	2505.886463880539
561	2505.886463880539
562	2460.1606228351593
563	2460.1606228351593
564	2460.1606228351593
565	1714.5132806301117
566	1714.5132806301117
567	2853.745193719864
568	2853.745193719864
569	2853.745193719864
570	2853.745193719864
571	2853.745193719864
572	1397.7893311977386
573	1899.7641174793243
574	1078.424331188202
575	594.5747585296631
576	594.5747585296631
577	594.5747585296631
578	3059.750518321991
579	1506.6545033454895
580	1057.0949919223785
581	1638.1974730491638
582	1426.1041374206543
583	1672.8659858703613
584	567.5314040184021
585	1680.3081772327423
586	1251.0162518024445
587	1745.7701828479767
588	471.7294180393219
589	3295.70299577713
590	0.0
591	4587.263431310654
592	830.3149797916412
593	1675.5887336730957
594	1675.5887336730957
595	1675.5887336730957
596	1675.5887336730957
597	469.5910704135895
598	2690.0799791812897
599	734.135091304779
600	1240.88956284523
601	2347.3732907772064
602	293.8172085285187
603	293.8172085285187
604	897.680127620697
605	1594.856173992157
606	2123.8453600406647
607	709.1284277439117
608	1235.4727823734283
609	2896.7145001888275
610	846.0955533981323
611	846.0955533981323
612	1816.8755493164062
613	1289.165265083313
614	1289.165265083313
615	1289.165265083313
616	1289.165265083313
617	1750.2848362922668
618	1402.3284494876862
619	4558.587262868881
620	1609.2565515041351
621	2099.7812757492065
622	2099.7812757492065
623	2992.6962897777557
624	2648.716287612915
625	1032.12934923172
626	406.44679856300354
627	1125.590969800949
628	603.5501911640167
629	1546.5456371307373
630	492.0705099105835
631	492.0705099105835
632	952.0742692947388
633	652.7027978897095
634	372.9789443016052
635	1034.7828118801117
636	353.01348757743835
637	1144.4436101913452
638	561.0802810192108
639	1285.6301395893097
640	831.0508096218109
641	1101.9889695644379
642	1229.0662770271301
643	1759.3029050827026
644	732.8928570747375
645	922.1073226928711
646	1130.5239448547363
647	681.9681057929993
648	484.5238561630249
649	1384.0152502059937
650	1602.8114144802094
651	1858.0200657844543
652	1987.939535856247
653	786.0324640274048
654	724.6818232536316
655	341.48735451698303
656	1013.0954802036285
657	1369.9377398490906
658	793.6515107154846
659	1368.339625120163
660	555.0732710361481
661	1081.6632192134857
662	386.1596837043762
663	734.8183937072754
664	900.1146354675293
665	408.8250868320465
666	1380.8061809539795
667	325.3971028327942
668	700.7163050174713
669	529.6344015598297
670	294.69303798675537
671	541.6775388717651
672	1918.184172153473
673	560.2791719436646
674	3047.8080723285675
675	410.00417470932007
676	410.00417470932007
677	11109.16698718071
678	962.2509965896606
679	565.537838935852
680	762.2766554355621
681	965.078277349472
682	497.5567545890808
683	926.2744908332825
684	1426.1723794937134
685	1426.1723794937134
686	1426.1723794937134
687	1464.236600637436
688	1112.3982629776
689	1225.96324801445
690	591.212126493454
691	1233.0685303211212
692	1181.0602941513062
693	838.8904867172241
694	1828.1057755947113
695	1585.7218704223633
696	799.6416344642639
697	1838.3331015110016
698	1078.887720823288
699	1400.20556974411
700	773.2985546588898
701	1347.9795835018158
702	1292.6859078407288
703	895.3866536617279
704	2281.084535598755
705	1540.441076517105
706	2744.3860824108124
707	1291.550010919571
708	1942.8091773986816
709	1942.8091773986816
710	1942.8091773986816
711	1293.8701927661896
712	1293.8701927661896
713	1425.1899642944336
714	1388.7541377544403
715	982.3072061538696
716	982.3072061538696
717	1002.4642081260681
718	1695.1328613758087
719	1695.1328613758087
720	1921.0978753566742
721	2766.720516681671
722	3597.197150707245
723	1780.655445575714
724	2778.8849234580994
725	6451.456608295441
726	1837.6098399162292
727	1837.6098399162292
728	3134.45342874527
729	1663.40425157547
730	2278.2343072891235
731	2827.781797885895
732	10830.303015947342
733	3632.337786912918
734	3782.1557540893555
735	3299.2911081314087
736	2489.289352416992
737	2989.507237434387
738	0.0
739	2698.104793071747
740	1062.720734834671
741	3540.177026748657
742	1669.0216476917267
743	5232.904504776001
744	1824.6704745292664
745	6011.670731306076
746	1688.2909178733826
747	5259.273407697678
748	3178.339248418808
749	3178.339248418808
750	2590.2613472938538
751	2108.3073813915253
752	1218.9142179489136
753	1218.9142179489136
754	2806.1856412887573
755	2806.1856412887573
756	2806.1856412887573
757	1624.675045967102
758	1624.675045967102
759	2088.011409521103
760	1944.4231848716736
761	1985.5165793895721
762	1985.5165793895721
763	1985.5165793895721
764	1985.5165793895721
765	1985.5165793895721
766	1985.5165793895721
767	1985.5165793895721
768	3092.777943134308
769	3092.777943134308
770	3136.2216486930847
771	9901.784157276154
772	9901.784157276154
773	5314.93940615654
774	2396.6190218925476
775	2500.1872012615204
776	3253.2274634838104
777	3253.2274634838104
778	1733.7839212417603
779	1302.0739126205444
780	1302.0739126205444
781	1302.0739126205444
782	4797.873970270157
783	4797.873970270157
784	4797.873970270157
785	4797.873970270157
786	4797.873970270157
787	4797.873970270157
788	4797.873970270157
789	4133.901418209076
790	4133.901418209076
791	4133.901418209076
792	4133.901418209076
793	2281.198587656021
794	2898.5004625320435
795	2898.5004625320435
796	2898.5004625320435
797	10352.251039028168
798	10352.251039028168
799	10352.251039028168
800	2770.617480278015
801	2770.617480278015
802	2770.617480278015
803	2770.617480278015
804	2770.617480278015
805	2770.617480278015
806	2770.617480278015
807	5671.927718162537
808	5671.927718162537
809	5671.927718162537
810	5671.927718162537
811	5671.927718162537
812	5671.927718162537
813	7731.904193162918
814	7731.904193162918
815	7731.904193162918
816	7731.904193162918
817	7731.904193162918
818	3669.3587715625763
819	1308.6544778347015
820	1308.6544778347015
821	1308.6544778347015
822	1308.6544778347015
823	1308.6544778347015
824	1308.6544778347015
825	3571.442572116852
826	6767.635420084
827	6767.635420084
828	6767.635420084
829	6767.635420084
830	6767.635420084
831	6767.635420084
832	6767.635420084
833	9446.709527730942
834	3792.145215511322
835	11455.678270816803
836	11455.678270816803
837	2093.1794238090515
838	2059.544458627701
839	2059.544458627701
840	2059.544458627701
841	2965.6791191101074
842	4870.484789609909
843	4870.484789609909
844	3220.5980801582336
845	4761.439469575882
846	4761.439469575882
847	6306.995913743973
848	6306.995913743973
849	2244.3917741775513
850	2244.3917741775513
851	2399.1214876174927
852	7772.040201425552
853	7772.040201425552
854	7772.040201425552
855	2381.1162538528442
856	1079.0780222415924
857	1079.0780222415924
858	1746.2376277446747
859	2885.1756315231323
860	2885.1756315231323
861	2885.1756315231323
862	1355.331738948822
863	3094.5869278907776
864	7013.85418510437
865	3477.9007802009583
866	3477.9007802009583
867	3477.9007802009583
868	3477.9007802009583
869	1937.8447756767273
870	1937.8447756767273
871	1937.8447756767273
872	1937.8447756767273
873	1937.8447756767273
874	1937.8447756767273
875	1937.8447756767273
876	5003.491671323776
877	5003.491671323776
878	5003.491671323776
879	5003.491671323776
880	5003.491671323776
881	5003.491671323776
882	1634.2000801563263
883	3265.7385478019714
884	16022.361850976944
885	3068.7406833171844
886	3068.7406833171844
887	1918.0600078105927
888	16140.735709905624
889	6053.245854616165
890	6053.245854616165
891	8691.579265594482
892	8691.579265594482
893	8691.579265594482
894	3298.462963104248
895	3298.462963104248
896	3298.462963104248
897	13496.86303138733
898	13496.86303138733
899	13496.86303138733
900	1229.7182290554047
901	3287.8928968906403
902	3287.8928968906403
903	3287.8928968906403
904	3287.8928968906403
905	3287.8928968906403
906	3666.380430459976
907	3577.2756350040436
908	5900.1569900512695
909	5900.1569900512695
910	5900.1569900512695
911	5900.1569900512695
912	5900.1569900512695
913	5900.1569900512695
914	4368.221242427826
915	13943.33160686493
916	8228.04274058342
917	3502.8264832496643
918	3502.8264832496643
919	2907.4957258701324
920	4118.225821495056
921	4118.225821495056
922	4438.255492687225
923	5267.333074092865
924	5267.333074092865
925	2830.248710155487
926	1748.7826807498932
927	1823.9189910888672
928	1823.9189910888672
929	2020.3502578735352
930	2020.3502578735352
931	11229.329731464386
932	3301.6188292503357
933	0.0
934	1251.0609378814697
935	1251.0609378814697
936	2510.7042458057404
937	1556.760734319687
938	1421.2617115974426
939	1421.2617115974426
940	3274.17351937294
941	5805.533749341965
942	5805.533749341965
943	2582.6016442775726
944	2258.272784471512
945	2710.288193464279
946	3200.9078652858734
947	2454.025692462921
948	1940.344182252884
949	1647.7557518482208
950	1923.9693627357483
951	818.2688393592834
952	2183.689693212509
953	2183.689693212509
954	2402.6666102409363
955	2159.7231509685516
956	2159.7231509685516
957	2324.663061618805
958	1715.2381029129028
959	1715.2381029129028
960	2545.447863817215
961	1236.0443079471588
962	2058.320593357086
963	3471.432923555374
964	2037.0699789524078
965	1357.4562664031982
966	1357.4562664031982
967	3776.9189777374268
968	2752.3543021678925
969	2752.0550560951233
970	2696.4162542819977
971	3434.8618183135986
972	6560.572613477707
973	3028.9830951690674
974	3265.2442977428436
975	3265.2442977428436
976	3265.2442977428436
977	3476.3327991962433
978	3476.3327991962433
979	3476.3327991962433
980	3476.3327991962433
981	3850.8040680885315
982	3494.1188628673553
983	2757.5571994781494
984	2514.839264154434
985	2514.839264154434
986	2514.839264154434
987	2514.839264154434
988	3579.8757331371307
989	16761.54223704338
990	6063.685891866684
991	3954.680985689163
992	3954.680985689163
993	3954.680985689163
994	3954.680985689163
995	3954.680985689163
996	3221.762051820755
997	2218.7738370895386
998	2218.7738370895386
999	2218.7738370895386
1000	2218.7738370895386
1001	6580.987600803375
1002	6580.987600803375
1003	6580.987600803375
1004	9583.018908500671
1005	9583.018908500671
1006	9583.018908500671
1007	9583.018908500671
1008	0.23075127601623535
1009	0.2286231517791748
1010	0.2286231517791748
1011	0.2286231517791748
1012	0.24265146255493164
1013	2309.608256816864
1014	0.2295994758605957
1015	2062.6001286506653
1016	0.36834287643432617
1017	0.36834287643432617
1018	0.22855615615844727
1019	0.22913074493408203
1020	0.22913074493408203
1021	0.22913074493408203
1022	0.22908782958984375
1023	0.22836542129516602
1024	0.22836542129516602
1025	0.22836542129516602
1026	0.22836542129516602
1027	1651.3503317832947
1028	1651.3503317832947
1029	1934.651432275772
1030	2150.4031195640564
1031	473.16291761398315
1032	473.16291761398315
1033	1087.4913907051086
1034	467.17828392982483
1035	467.17828392982483
1036	2580.7434022426605
1037	2580.7434022426605
1038	1040.66667842865
1039	1040.66667842865
1040	1292.783073425293
1041	1292.783073425293
1042	2443.156126022339
1043	2443.156126022339
1044	1984.2773151397705
1045	4216.144635438919
1046	4216.144635438919
1047	4216.144635438919
1048	4216.144635438919
1049	1225.068606853485
1050	948.4740064144135
1051	473.24770307540894
1052	794.9445328712463
1053	1476.112143754959
1054	768.3196759223938
1055	768.3196759223938
1056	1165.2893631458282
1057	833.1350495815277
1058	502.32433891296387
1059	463.9442276954651
1060	1672.408763408661
1061	1672.408763408661
1062	308.5360598564148
1063	0.24506878852844238
1064	0.23224997520446777
1065	1620.0253138542175
1066	0.23607134819030762
1067	0.23278379440307617
1068	0.23716378211975098
1069	239.58460593223572
1070	0.24535226821899414
1071	463.8789699077606
1072	0.23574495315551758
1073	0.23574495315551758
1074	1109.173018693924
1075	0.6343443393707275
1076	659.8463399410248
1077	0.2313401699066162
1078	630.7697608470917
1079	594.4976904392242
1080	675.9143769741058
1081	542.6375710964203
1082	1489.7379767894745
1083	2370.5108880996704
1084	2848.5869600772858
1085	450.32562160491943
1086	450.32562160491943
1087	0.23268556594848633
1088	0.23090386390686035
1089	0.2305600643157959
1090	365.00768208503723
1091	1360.7300157546997
1092	421.0837779045105
1093	1052.977112531662
1094	3139.0162608623505
1095	1005.0323452949524
1096	1778.3306829929352
1097	1778.3306829929352
1098	0.2622401714324951
1099	0.2608628273010254
1100	0.261613130569458
1101	0.2598264217376709
1102	2306.8386306762695
1103	2306.8386306762695
1104	0.2301023006439209
1105	2462.3928554058075
1106	806.0855658054352
1107	806.0855658054352
1108	0.22983932495117188
1109	0.22983932495117188
1110	0.22983932495117188
1111	0.2592051029205322
1112	0.25913572311401367
1113	0.26016879081726074
1114	0.26574254035949707
1115	2349.661723613739
1116	3566.3811168670654
1117	3566.3811168670654
1118	0.2866668701171875
1119	0.26068878173828125
1120	0.2606773376464844
1121	0.26030707359313965
1122	3571.1814081668854
1123	3571.1814081668854
1124	0.2628669738769531
1125	0.2628669738769531
1126	0.2744159698486328
1127	0.25994110107421875
1128	0.2600088119506836
1129	0.2600088119506836
1130	2952.5851011276245
1131	4225.6454112529755
1132	0.2622058391571045
1133	0.2622058391571045
1134	2902.9603130817413
1135	0.26367664337158203
1136	0.26512694358825684
1137	1836.9782464504242
1138	2600.7331218719482
1139	1710.6220638751984
1140	1780.1044924259186
1141	0.26124072074890137
1142	0.2594881057739258
1143	2309.934337615967
1144	0.539863109588623
1145	1468.9670205116272
1146	850.6845045089722
1147	3166.249260187149
1148	1382.6728546619415
1149	1572.2825293540955
1150	0.25948071479797363
1151	2076.816294193268
1152	872.8811066150665
1153	872.8811066150665
1154	1630.5233500003815
1155	2328.075898170471
1156	939.6413424015045
1157	624.0695173740387
1158	0.3088696002960205
1159	979.7366094589233
1160	1121.3057084083557
1161	0.5280501842498779
1162	386.2226815223694
1163	1671.7992465496063
1164	0.24563193321228027
1165	0.24563193321228027
1166	1323.7918674945831
1167	1323.7918674945831
1168	1097.5822024345398
1169	0.6571295261383057
1170	2619.7338268756866
1171	1305.0186305046082
1172	0.0
1173	0.22452831268310547
1174	1153.7689280509949
1175	1153.7689280509949
1176	1153.7689280509949
1177	662.7687711715698
1178	989.5568106174469
1179	989.5568106174469
1180	0.2215409278869629
1181	2013.1551637649536
1182	2013.1551637649536
1183	2013.1551637649536
1184	2013.1551637649536
1185	0.22296786308288574
1186	1295.3129699230194
1187	1145.3903555870056
1188	1145.3903555870056
1189	574.0144281387329
1190	369.08939909935
1191	557.0496726036072
1192	1176.752867937088
1193	1186.492927789688
1194	706.8083190917969
1195	400.39989471435547
1196	400.39989471435547
1197	721.854902267456
1198	251.55473446846008
1199	924.2175061702728
1200	924.2175061702728
1201	903.6865608692169
1202	0.2229304313659668
1203	703.8038594722748
1204	645.2774798870087
1205	0.22336316108703613
1206	0.22336316108703613
1207	1616.3924596309662
1208	3206.8537180423737
1209	705.9959948062897
1210	3686.859764099121
1211	2205.112701892853
1212	547.1613368988037
1213	1019.4223001003265
1214	401.388037443161
1215	401.388037443161
1216	688.662171125412
1217	0.2234809398651123
1218	400.2558093070984
1219	739.4167139530182
1220	1108.0360012054443
1221	1108.0360012054443
1222	818.7375891208649
1223	262.5206937789917
1224	0.22317123413085938
1225	0.22317123413085938
1226	1581.2608218193054
1227	1096.0432505607605
1228	0.30585813522338867
1229	1582.0389912128448
1230	0.22424006462097168
1231	0.22223567962646484
1232	1957.742826461792
1233	0.22391891479492188
1234	0.22253966331481934
1235	4822.778365850449
1236	0.23618459701538086
1237	1624.7235946655273
1238	1320.1767029762268
1239	1491.815547466278
1240	0.22283339500427246
1241	1794.9260051250458
1242	2165.4594898223877
1243	1252.4425978660583
1244	0.444843053817749
1245	1232.7649784088135
1246	3.719165325164795
1247	2129.8977987766266
1248	0.22574448585510254
1249	1216.7667627334595
1250	706.5820574760437
1251	1629.9160051345825
1252	1732.8112411499023
1253	2146.563733816147
1254	3422.647109746933
1255	1709.9618384838104
1256	2331.5677568912506
1257	2331.5677568912506
1258	0.22170257568359375
1259	1989.2745656967163
1260	1989.2745656967163
1261	1074.9608662128448
1262	1074.9608662128448
1263	2646.5863053798676
1264	2250.340733766556
1265	0.2513406276702881
1266	2192.6321597099304
1267	2989.837124824524
1268	1817.0722665786743
1269	1817.0722665786743
1270	1817.0722665786743
1271	1993.361513376236
1272	1993.361513376236
1273	3066.0256946086884
1274	1499.2158772945404
1275	2926.2860679626465
1276	533.9214150905609
1277	1185.8749563694
1278	2606.627105951309
1279	1949.2731220722198
1280	1949.2731220722198
1281	1524.209317445755
1282	3831.583275079727
1283	2370.5439484119415
1284	2370.5439484119415
1285	2390.706065893173
1286	1498.8125598430634
1287	1522.8764326572418
1288	1154.2772781848907
1289	1154.2772781848907
1290	0.22169899940490723
1291	1271.5238938331604
1292	716.0199480056763
1293	0.2537219524383545
1294	0.2531554698944092
1295	0.2531554698944092
1296	1204.143593788147
1297	1204.143593788147
1298	1204.143593788147
1299	0.2518599033355713
1300	0.2561826705932617
1301	1549.0908048152924
1302	22697.565148830414
1303	2578.335033893585
1304	0.39640069007873535
1305	187.4395055770874
1306	187.4395055770874
1307	0.22188282012939453
1308	0.22230172157287598
1309	0.22141385078430176
1310	2374.007980108261
1311	0.22466135025024414
1312	0.22466135025024414
1313	2692.1339976787567
1314	0.0
1315	2320.7656207084656
1316	0.27277040481567383
1317	0.27191781997680664
1318	134391.8598062992
1319	134391.8598062992
1320	2656.4381954669952
1321	2656.4381954669952
1322	1931.3068189620972
1323	0.0
1324	221.17718482017517
1325	0.2842440605163574
1326	14520.28182220459
1327	648.2367615699768
1328	702.0855646133423
1329	1187.933914899826
1330	1187.933914899826
1331	3159.509306192398
1332	0.28136396408081055
1333	0.28192830085754395
1334	0.28108811378479004
1335	0.28108811378479004
1336	0.28150081634521484
1337	0.2811758518218994
1338	1658.7480554580688
1339	1658.7480554580688
1340	244.43231868743896
1341	0.2801671028137207
1342	0.2801671028137207
1343	0.2758631706237793
1344	0.2758491039276123
1345	0.2785806655883789
1346	0.2785806655883789
1347	0.2785806655883789
1348	2252.517300605774
1349	2252.517300605774
1350	555.4993367195129
1351	1380.3608326911926
1352	1380.3608326911926
1353	2612.97216463089
1354	0.282106876373291
1355	0.27933716773986816
1356	606.5268173217773
1357	606.5268173217773
1358	5502.756796121597
1359	5502.756796121597
1360	5502.756796121597
1361	5502.756796121597
1362	5502.756796121597
1363	5502.756796121597
1364	0.27634501457214355
1365	0.27535176277160645
1366	2749.584856271744
1367	2328.51029419899
1368	0.2821652889251709
1369	0.28195667266845703
1370	0.28195667266845703
1371	3189.3172323703766
1372	1561.6003012657166
1373	4853.046868085861
1374	1464.3795192241669
1375	1916.5927464962006
1376	1146.4387502670288
1377	1146.4387502670288
1378	0.2764866352081299
1379	0.2764866352081299
1380	0.2764866352081299
1381	0.27584099769592285
1382	1702.824584722519
1383	1581.0770823955536
1384	2003.9601621627808
1385	0.27672863006591797
1386	1494.9786417484283
1387	1494.9786417484283
1388	1444.0039224624634
1389	1444.0039224624634
1390	250.6933925151825
1391	2863.1379482746124
1392	0.2710301876068115
1393	0.2710301876068115
1394	2833.873807668686
1395	2833.873807668686
1396	0.27707743644714355
1397	762.8495490550995
1398	2014.7467195987701
1399	2014.7467195987701
1400	2014.7467195987701
1401	1266.354752779007
1402	0.2706475257873535
1403	1168.9453036785126
1404	0.28115034103393555
1405	2258.0861823558807
1406	5660.02139544487
1407	0.2759857177734375
1408	0.27750706672668457
1409	2978.8213624954224
1410	1936.6672565937042
1411	1936.6672565937042
1412	1775.9820306301117
1413	1775.9820306301117
1414	1775.9820306301117
1415	0.278883695602417
1416	0.2746469974517822
1417	0.2746469974517822
1418	0.2746469974517822
1419	3818.2232716083527
1420	0.2705519199371338
1421	0.26975417137145996
1422	0.26990675926208496
1423	0.2709345817565918
1424	1196.2081401348114
1425	1753.6945230960846
1426	1753.6945230960846
1427	0.27875781059265137
1428	0.27875781059265137
1429	0.27556729316711426
1430	0.27658963203430176
1431	0.27803897857666016
1432	0.27803897857666016
1433	1129.2411634922028
1434	1398.541119337082
1435	1043.3547575473785
1436	1195.265498161316
1437	2581.261101961136
1438	2581.261101961136
1439	702.4170579910278
1440	710.8543214797974
1441	1025.041865825653
1442	0.2754795551300049
1443	2289.880802631378
1444	0.2720050811767578
1445	11994.33610200882
1446	6924.521984577179
1447	0.2736489772796631
1448	0.2728743553161621
1449	0.27390384674072266
1450	831.4555583000183
1451	0.27287817001342773
1452	2243.7718019485474
1453	731.2331705093384
1454	0.281177282333374
1455	2436.569530248642
1456	607.0279619693756
1457	1731.7007493972778
1458	1731.7007493972778
1459	815.5948600769043
1460	0.28646230697631836
1461	0.28646230697631836
1462	0.28646230697631836
1463	0.2779219150543213
1464	0.2779219150543213
1465	0.2779219150543213
1466	11610.145141839981
1467	3340.8742485046387
1468	0.2735419273376465
1469	1657.2358162403107
1470	2205.2709300518036
1471	2340.373791217804
1472	2340.373791217804
1473	4525.615605592728
1474	2087.2822408676147
1475	2087.2822408676147
1476	1411.0194580554962
1477	321.4264290332794
1478	3166.3165283203125
1479	662.3148691654205
1480	412.8630368709564
1481	569.6515710353851
1482	0.26756882667541504
1483	1.4186840057373047
1484	327.56791973114014
1485	0.2693922519683838
1486	495.50505900382996
1487	1858.6892125606537
1488	0.2677319049835205
1489	0.2677319049835205
1490	0.2677319049835205
1491	0.2697484493255615
1492	0.26650524139404297
1493	481.85983324050903
1494	1602.0686030387878
1495	744.155779838562
1496	791.9081382751465
1497	3798.4909501075745
1498	3798.4909501075745
1499	2311.6315886974335
1500	431.2309877872467
1501	579.2597131729126
1502	2020.1376481056213
1503	0.2723815441131592
1504	0.27112841606140137
1505	2646.0785546302795
1506	2646.0785546302795
1507	0.2696068286895752
1508	0.2696068286895752
1509	0.267805814743042
1510	1420.5580298900604
1511	1420.5580298900604
1512	1420.5580298900604
1513	0.2709774971008301
1514	0.27036499977111816
1515	2964.290636062622
1516	0.2704489231109619
1517	0.2708256244659424
1518	0.27066659927368164
1519	0.27066659927368164
1520	0.27066659927368164
1521	0.27232813835144043
1522	0.27232813835144043
1523	0.27232813835144043
1524	0.27232813835144043
1525	0.26921510696411133
1526	0.26879119873046875
1527	0.26879119873046875
1528	0.26879119873046875
1529	0.26879119873046875
1530	0.26879119873046875
1531	2295.193703651428
1532	1133.4908056259155
1533	0.28603100776672363
1534	0.2854580879211426
1535	0.28620171546936035
1536	0.2849888801574707
1537	0.28407740592956543
1538	0.2845346927642822
1539	963.6694798469543
1540	0.2719845771789551
1541	1825.6888315677643
1542	1825.6888315677643
1543	2585.1402361392975
1544	0.27976465225219727
1545	0.2777426242828369
1546	1957.5664541721344
1547	1957.5664541721344
1548	0.2739725112915039
1549	0.2709932327270508
1550	0.2683112621307373
1551	0.2690885066986084
1552	0.269500732421875
1553	0.269289493560791
1554	0.2689831256866455
1555	2063.9464428424835
1556	1045.6054620742798
1557	3018.172620534897
1558	2291.3231682777405
1559	0.27341270446777344
1560	0.2703287601470947
1561	0.27112746238708496
1562	0.2717244625091553
1563	0.2702622413635254
1564	0.2680184841156006
1565	0.2662374973297119
1566	4614.922775268555
1567	5501.686392784119
1568	1039.2122287750244
1569	1260.38117313385
1570	1260.38117313385
1571	1260.38117313385
1572	1260.38117313385
1573	1260.38117313385
1574	16599.4711561203
1575	16599.4711561203
1576	1367.3767673969269
1577	625.602171421051
1578	135.8466567993164
1579	135.8466567993164
1580	1139.8720769882202
1581	1318.0954384803772
1582	956.8773829936981
1583	1936.9958209991455
1584	751.0305244922638
1585	1695.4833509922028
1586	1765.6757504940033
1587	1765.6757504940033
1588	1548.5017120838165
1589	2930.0993916988373
1590	0.2811884880065918
1591	0.28168702125549316
1592	0.28086042404174805
1593	1937.2525353431702
1594	1937.2525353431702
1595	354.26018023490906
1596	920.7532866001129
1597	711.8730809688568
1598	573.4637861251831
1599	1399.3603234291077
1600	1449.6420528888702
1601	1006.0824751853943
1602	1006.0824751853943
1603	462.2322590351105
1604	836.067446231842
1605	2030.2556772232056
1606	325.95901441574097
1607	1684.2061948776245
1608	667.0022859573364
1609	1070.652417898178
1610	1792.3459901809692
1611	780.8218047618866
1612	269.30576515197754
1613	282.2091031074524
1614	223.08394813537598
1615	955.1183757781982
1616	277.27677845954895
1617	837.1284074783325
1618	1456.1472194194794
1619	1456.1472194194794
1620	0.2710838317871094
1621	695.374258518219
1622	916.2704696655273
1623	916.2704696655273
1624	938.77490067482
1625	186.992023229599
1626	647.9445648193359
1627	1605.1981663703918
1628	1108.9859366416931
1629	0.27383947372436523
1630	648.0672872066498
1631	562.3795654773712
1632	536.4172782897949
1633	1532.4276444911957
1634	241.95832204818726
1635	1529.152908563614
1636	198.28245615959167
1637	0.277329683303833
1638	0.277329683303833
1639	0.27396082878112793
1640	0.27406787872314453
1641	0.2767205238342285
1642	648.1316664218903
1643	0.27953004837036133
1644	0.27983903884887695
1645	0.28112292289733887
1646	0.28112292289733887
1647	0.2785184383392334
1648	359.42226362228394
1649	0.27339935302734375
1650	0.27339935302734375
1651	0.27339935302734375
1652	0.27189016342163086
1653	591.4698822498322
1654	0.27487611770629883
1655	0.2715301513671875
1656	0.27235937118530273
1657	0.2739284038543701
1658	841.3433637619019
1659	1024.6276741027832
1660	0.2804841995239258
1661	1509.5996568202972
1662	0.2735168933868408
1663	0.2718932628631592
1664	0.2718932628631592
1665	0.2731752395629883
1666	849.4862575531006
1667	0.27959394454956055
1668	0.2788245677947998
1669	0.2788245677947998
1670	0.2787013053894043
1671	633.3741381168365
1672	0.2788732051849365
1673	0.27951478958129883
1674	0.27976560592651367
1675	0.27976560592651367
1676	0.2788529396057129
1677	1077.5508167743683
1678	0.281327486038208
1679	138.459077835083
1680	0.2810788154602051
1681	715.5152876377106
1682	109.53040361404419
1683	0.2746162414550781
1684	0.2735128402709961
1685	1145.0199649333954
1686	0.2743246555328369
1687	0.2736992835998535
1688	162.6325204372406
1689	0.8215537071228027
1690	0.2804863452911377
1691	714.1950106620789
1692	0.2757258415222168
1693	234.30765962600708
1694	0.2771110534667969
1695	0.2763700485229492
1696	0.2764124870300293
1697	2099.0141291618347
1698	0.27353549003601074
1699	0.27417564392089844
1700	0.27417564392089844
1701	522.7102165222168
1702	929.9205229282379
1703	371.5853416919708
1704	238.742778301239
1705	0.2744913101196289
1706	140.83663964271545
1707	0.2736821174621582
1708	0.2737858295440674
1709	0.2731504440307617
1710	0.2731504440307617
1711	960.0566217899323
1712	960.0566217899323
1713	960.0566217899323
1714	0.2802462577819824
1715	0.27964234352111816
1716	668.6859171390533
1717	668.6859171390533
1718	668.6859171390533
1719	277.3648579120636
1720	277.3648579120636
1721	0.28295397758483887
1722	0.27986669540405273
1723	0.2801384925842285
1724	0.2806365489959717
1725	0.28018736839294434
1726	0.28018736839294434
1727	931.2555360794067
1728	847.2803311347961
1729	0.28127145767211914
1730	1205.7429356575012
1731	0.27985286712646484
1732	802.3711106777191
1733	0.2802412509918213
1734	908.4688212871552
1735	0.28064823150634766
1736	0.27852535247802734
1737	0.27878737449645996
1738	0.28086185455322266
1739	0.2791454792022705
1740	0.28104281425476074
1741	0.2808101177215576
1742	0.27933168411254883
1743	0.27974700927734375
1744	104.35134029388428
1745	533.5594518184662
1746	414.2111859321594
1747	414.2111859321594
1748	414.2111859321594
1749	0.2750387191772461
1750	0.2750387191772461
1751	0.27448558807373047
1752	0.27397990226745605
1753	0.27513980865478516
1754	418.87427401542664
1755	523.0738344192505
1756	1777.8347761631012
1757	669.2261922359467
1758	0.28156614303588867
1759	0.28157734870910645
1760	0.2801496982574463
1761	0.2801496982574463
1762	0.2805628776550293
1763	399.8066408634186
1764	0.2788369655609131
1765	1605.428789138794
1766	0.2743856906890869
1767	778.0524632930756
1768	360.48851323127747
1769	334.27548456192017
1770	0.2786235809326172
1771	222.4652967453003
1772	0.2730567455291748
1773	441.31983494758606
1774	504.271057844162
1775	638.5428538322449
1776	292.1577558517456
1777	393.39653730392456
1778	546.2292873859406
1779	0.28443288803100586
1780	0.2827796936035156
1781	0.28205013275146484
1782	1076.2206463813782
1783	0.273327112197876
1784	839.3701961040497
1785	141.31990385055542
1786	842.658581495285
1787	0.2753593921661377
1788	642.8148300647736
1789	0.5347278118133545
1790	0.2715280055999756
1791	0.27161717414855957
1792	763.9535818099976
1793	1210.6757426261902
1794	559.8596065044403
1795	580.8159062862396
1796	386.71845388412476
1797	386.71845388412476
1798	386.71845388412476
1799	386.71845388412476
1800	0.2812955379486084
1801	1153.6471908092499
1802	1153.6471908092499
1803	421.3395781517029
1804	0.2728102207183838
1805	1219.345293521881
1806	1794.346167564392
1807	1558.7809505462646
1808	1558.7809505462646
1809	858.384658575058
1810	858.384658575058
1811	858.384658575058
1812	625.8888628482819
1813	1516.3592658042908
1814	1767.2034697532654
1815	0.27312374114990234
1816	1347.7720639705658
1817	1380.4781675338745
1818	1653.2579255104065
1819	1476.7436971664429
1820	1276.222941160202
1821	1276.222941160202
1822	1953.4391469955444
1823	1649.9602847099304
1824	1649.9602847099304
1825	1649.9602847099304
1826	1649.9602847099304
1827	1453.8965303897858
1828	872.5637013912201
1829	872.5637013912201
1830	872.5637013912201
1831	1707.5214264392853
1832	0.27215027809143066
1833	0.2727539539337158
1834	0.2729012966156006
1835	2279.148228406906
1836	1241.3342428207397
1837	1241.3342428207397
1838	1241.3342428207397
1839	0.2856409549713135
1840	0.2833824157714844
1841	0.28562259674072266
1842	10575.532686710358
1843	10575.532686710358
1844	0.2709202766418457
1845	0.2731194496154785
1846	0.2731194496154785
1847	0.27066659927368164
1848	0.2720804214477539
1849	0.2720804214477539
1850	0.27141261100769043
1851	0.27131128311157227
1852	1991.025161266327
1853	1991.025161266327
1854	0.2767908573150635
1855	1458.676759004593
1856	0.2753639221191406
1857	0.2753639221191406
1858	0.2753639221191406
1859	0.2729451656341553
1860	0.2729451656341553
1861	0.2737765312194824
1862	0.2737765312194824
1863	0.2737765312194824
1864	0.2737765312194824
1865	0.27160191535949707
1866	0.27160191535949707
1867	0.2743971347808838
1868	0.27561187744140625
1869	0.27561187744140625
1870	0.27561187744140625
1871	0.27561187744140625
1872	0.27620577812194824
1873	0.27338123321533203
1874	3280.2347729206085
1875	3280.2347729206085
1876	3280.2347729206085
1877	2517.397296190262
1878	2517.397296190262
1879	0.3354010581970215
1880	0.3354010581970215
1881	2083.408525466919
1882	2083.408525466919
1883	2083.408525466919
1884	2083.408525466919
1885	2083.408525466919
1886	0.27267909049987793
1887	2212.977348804474
1888	0.2766876220703125
1889	2320.5861036777496
1890	1951.452216386795
1891	1951.452216386795
1892	1887.2504768371582
1893	1974.0274817943573
1894	3626.1992638111115
1895	0.2746555805206299
1896	0.2743661403656006
1897	0.0
1898	1907.4514656066895
1899	0.27191972732543945
1900	0.27191972732543945
1901	0.27191972732543945
1902	0.27191972732543945
1903	0.27074527740478516
1904	2241.048611164093
1905	2672.173902988434
1906	2672.173902988434
1907	2646.0993683338165
1908	2219.709709882736
1909	1123.4322502613068
1910	0.27265238761901855
1911	1848.584246635437
1912	0.2740926742553711
1913	0.2740926742553711
1914	0.2740926742553711
1915	1886.8802814483643
1916	1114.4313504695892
1917	1114.4313504695892
1918	1034.2744953632355
1919	4690.924914121628
1920	4690.924914121628
1921	3421.753509044647
1922	3421.753509044647
1923	3421.753509044647
1924	3421.753509044647
1925	724.0775735378265
1926	724.0775735378265
1927	3129.589433193207
1928	0.2729809284210205
1929	0.2701718807220459
1930	2502.857218027115
1931	2378.3164422512054
1932	2378.3164422512054
1933	1262.8632376194
1934	1262.8632376194
1935	1450.2173204421997
1936	1450.2173204421997
1937	0.27395176887512207
1938	2319.68413233757
1939	3022.3883624076843
1940	589.3887176513672
1941	589.3887176513672
1942	897.8290419578552
1943	0.27095603942871094
1944	1124.3245940208435
1945	0.2715485095977783
1946	1564.2418625354767
1947	1182.7055628299713
1948	0.2725253105163574
1949	779.5818204879761
1950	530.0186095237732
1951	0.2728540897369385
1952	688.9454674720764
1953	633.8930215835571
1954	4750.912624120712
1955	0.2715494632720947
1956	0.270979642868042
1957	1543.5007572174072
1958	2048.566383600235
1959	3774.4845736026764
1960	693.8203539848328
1961	0.2729804515838623
1962	1301.9999904632568
1963	1301.9999904632568
1964	0.27206850051879883
1965	1218.6825325489044
1966	0.27161455154418945
1967	531.3023250102997
1968	972.3209660053253
1969	1230.5952100753784
1970	0.2726118564605713
1971	0.2707798480987549
1972	524.6076231002808
1973	0.2732424736022949
1974	1034.0116367340088
1975	251.57764983177185
1976	812.8554227352142
1977	0.27159929275512695
1978	0.27175235748291016
1979	0.2728455066680908
1980	416.9856786727905
1981	931.6204764842987
1982	1179.2666623592377
1983	1077.3459103107452
1984	1077.3459103107452
1985	1077.3459103107452
1986	0.270519495010376
1987	1361.744066953659
1988	850.0610406398773
1989	850.0610406398773
1990	0.27258992195129395
1991	935.3794100284576
1992	338.62864446640015
1993	0.27314233779907227
1994	0.27204227447509766
1995	0.2726254463195801
1996	810.6654078960419
1997	0.3849461078643799
1998	0.27288246154785156
1999	886.1543567180634
2000	0.27219533920288086
2001	596.2700095176697
2002	494.27285838127136
2003	857.645759344101
2004	928.3451368808746
2005	709.301652431488
2006	709.301652431488
2007	0.27165865898132324
2008	0.27404165267944336
2009	0.27404165267944336
2010	5440.367825984955
2011	5440.367825984955
2012	5440.367825984955
2013	5440.367825984955
2014	0.2717783451080322
2015	2709.786459684372
2016	2709.786459684372
2017	527.6976137161255
2018	527.6976137161255
2019	960.8191707134247
2020	695.2275006771088
2021	539.2088494300842
2022	539.2088494300842
2023	316.3448965549469
2024	1796.7557425498962
2025	1796.7557425498962
2026	1796.7557425498962
2027	1796.7557425498962
2028	1796.7557425498962
2029	1506.4342703819275
2030	1506.4342703819275
2031	1128.765727519989
2032	0.27362823486328125
2033	0.27362823486328125
2034	2623.7634053230286
2035	1949.7317032814026
2036	1949.7317032814026
2037	1373.1172814369202
2038	1373.1172814369202
2039	1373.1172814369202
2040	1543.2314412593842
2041	1543.2314412593842
2042	1543.2314412593842
2043	1543.2314412593842
2044	1543.2314412593842
2045	0.25838398933410645
2046	1948.233473777771
2047	1948.233473777771
2048	1948.233473777771
2049	1948.233473777771
2050	1812.264894247055
2051	0.25928497314453125
2052	1599.950752735138
2053	655.7580668926239
2054	993.9944679737091
2055	1376.8603789806366
2056	0.2723684310913086
2057	0.2723684310913086
2058	2019.7036366462708
2059	490.87726879119873
2060	2781.329317331314
2061	2781.329317331314
2062	2781.329317331314
2063	998.7946238517761
2064	1749.480550289154
2065	0.2564105987548828
2066	0.25687170028686523
2067	1078.2516493797302
2068	1086.7595705986023
2069	0.2595055103302002
2070	1888.5632362365723
2071	0.2736678123474121
2072	0.2716944217681885
2073	1850.2465193271637
2074	0.28734874725341797
2075	0.27535319328308105
2076	2011.4058887958527
2077	2041.67822432518
2078	1179.3013591766357
2079	0.271756649017334
2080	0.271756649017334
2081	1932.8555347919464
2082	1932.8555347919464
2083	1128.681616783142
2084	1621.001178741455
2085	668.8076183795929
2086	1609.2909359931946
2087	1147.2901391983032
2088	1098.45494556427
2089	1916.1973736286163
2090	2308.4522230625153
2091	2151.981381177902
2092	2979.2481796741486
2093	2177.1788246631622
2094	1726.4691829681396
2095	2777.1893751621246
2096	2595.3007547855377
2097	2595.3007547855377
2098	0.27494072914123535
2099	3081.8346350193024
2100	0.27765774726867676
2101	2517.907641887665
2102	0.27491235733032227
2103	0.27491235733032227
2104	1722.1956815719604
2105	10939.39376115799
2106	0.2742271423339844
2107	0.2742271423339844
2108	2893.1326892375946
2109	0.27310895919799805
2110	0.2729649543762207
2111	1421.308209657669
2112	1421.308209657669
2113	1805.9176473617554
2114	1805.9176473617554
2115	1805.9176473617554
2116	1805.9176473617554
2117	1805.9176473617554
2118	4144.742291927338
2119	4144.742291927338
2120	4144.742291927338
2121	4144.742291927338
2122	4144.742291927338
2123	2405.5533590316772
2124	402.56890177726746
2125	0.0
2126	0.284442663192749
2127	0.284442663192749
2128	0.284442663192749
2129	0.284442663192749
2130	0.284442663192749
2131	427.83814120292664
2132	0.27881550788879395
2133	0.27881550788879395
2134	1122.7797882556915
2135	3685.052309513092
2136	3685.052309513092
2137	841.5715827941895
2138	2984.622128009796
2139	2984.622128009796
2140	0.2786545753479004
2141	0.2815399169921875
2142	0.2815399169921875
2143	0.27814292907714844
2144	0.27684640884399414
2145	512.2591741085052
2146	0.2771873474121094
2147	1440.934900522232
2148	58826.81325387955
2149	189.49867725372314
2150	0.2737698554992676
2151	3525.132473707199
2152	0.276522159576416
2153	0.276536226272583
2154	259.0957682132721
2155	0.2783644199371338
2156	2125.4241642951965
2157	758.2695605754852
2158	1555.179503440857
2159	1555.179503440857
2160	0.276181697845459
2161	0.276181697845459
2162	0.276181697845459
2163	0.27605319023132324
2164	424.1913125514984
2165	49981.80408000946
2166	0.2762634754180908
2167	330.85561180114746
2168	1157.717541217804
2169	0.2779879570007324
2170	0.2779879570007324
2171	1310.3217141628265
2172	1310.3217141628265
2173	1310.3217141628265
2174	486.9455335140228
2175	402.3561728000641
2176	170.64303708076477
2177	170.64303708076477
2178	170.64303708076477
2179	170.64303708076477
2180	1658.456656217575
2181	0.27438879013061523
2182	1500.0609645843506
2183	0.28791379928588867
2184	0.28791379928588867
2185	0.2781057357788086
2186	624.9596710205078
2187	1696.011002779007
2188	0.2760322093963623
2189	0.2760322093963623
2190	886.8953819274902
2191	886.8953819274902
2192	3656.9605519771576
2193	3656.9605519771576
2194	753.7461411952972
2195	539.056670665741
2196	326.38252425193787
2197	943.8302133083344
2198	209.1603558063507
2199	161.54346632957458
2200	281.03372144699097
2201	450.34076142311096
2202	450.34076142311096
2203	0.2747328281402588
2204	1075.375269651413
2205	188.92122340202332
2206	1570.522708415985
2207	496.71564841270447
2208	817.4290413856506
2209	0.27411818504333496
2210	754.0943760871887
2211	0.275632381439209
2212	0.27304673194885254
2213	0.274583101272583
2214	0.27483654022216797
2215	0.27483654022216797
2216	0.27483654022216797
2217	1992.675567150116
2218	2475.479716062546
2219	3568.920231103897
2220	3568.920231103897
2221	2053.066799879074
2222	0.2737553119659424
2223	1649.47292470932
2224	0.27266860008239746
2225	0.27223873138427734
2226	0.27425456047058105
2227	0.27425456047058105
2228	2212.784699201584
2229	0.2739253044128418
2230	2029.995316028595
2231	0.27533721923828125
2232	1472.1546750068665
2233	1472.1546750068665
2234	1805.8693804740906
2235	1805.8693804740906
2236	1436.5678782463074
2237	1436.5678782463074
2238	0.27311205863952637
2239	1890.266981124878
2240	1778.6288664340973
2241	3319.0970375537872
2242	2148.4100081920624
2243	1619.439968585968
2244	1220.0094859600067
2245	9265.970412254333
2246	1856.8750004768372
2247	4565.266325235367
2248	2025.6907942295074
2249	3579.745517015457
2250	1744.9223523139954
2251	0.28277134895324707
2252	2675.7023179531097
2253	1513.793345451355
2254	1513.793345451355
2255	2510.0900399684906
2256	1223.695927143097
2257	1223.695927143097
2258	0.3274540901184082
2259	5006.3277497291565
2260	5962.854800224304
2261	4839.747604608536
2262	558.5669271945953
2263	558.5669271945953
2264	1031.1438300609589
2265	984.7414734363556
2266	385.40210795402527
2267	385.40210795402527
2268	595.7640252113342
2269	595.7640252113342
2270	0.0
2271	0.0
2272	2887.0640087127686
2273	493.40779876708984
2274	1204.3627932071686
2275	1208.8232119083405
2276	1208.8232119083405
2277	5173.564469575882
2278	703.9222309589386
2279	2595.538834810257
2280	2595.538834810257
2281	11903.764875888824
2282	11903.764875888824
2283	0.295421838760376
2284	436.08993124961853
2285	436.08993124961853
2286	0.29499173164367676
2287	0.29407835006713867
2288	0.29407835006713867
2289	1897.6575152873993
2290	0.2897202968597412
2291	7003.577494621277
2292	1791.6158773899078
2293	0.2932922840118408
2294	0.2932922840118408
2295	2695.8021030426025
2296	716.6635086536407
2297	0.2935066223144531
2298	0.2935066223144531
2299	1530.3156998157501
2300	1530.3156998157501
2301	1879.4162766933441
2302	0.28759074211120605
2303	0.2878694534301758
2304	0.287581205368042
2305	0.29293274879455566
2306	0.28813672065734863
2307	0.28813672065734863
2308	508.02662777900696
2309	0.29468226432800293
2310	0.29468226432800293
2311	1889.497730255127
2312	1719.6732985973358
2313	0.2934095859527588
2314	2403.495181083679
2315	2004.041832447052
2316	2004.041832447052
2317	6659.835741043091
2318	11634.200186252594
2319	794.6409728527069
2320	0.2967193126678467
2321	1358.738951921463
2322	0.2942533493041992
2323	1684.6863586902618
2324	0.28063368797302246
2325	4087.9245731830597
2326	0.2987210750579834
2327	17242.43988609314
2328	1397.4789073467255
2329	0.29476094245910645
2330	2832.337436437607
2331	3937.8722229003906
2332	3937.8722229003906
2333	3937.8722229003906
2334	0.2915000915527344
2335	0.28824734687805176
2336	0.2869746685028076
2337	0.2842586040496826
2338	0.2845637798309326
2339	0.2845637798309326
2340	3845.2249360084534
2341	2262.5703394412994
2342	2262.5703394412994
2343	2262.5703394412994
2344	2728.940991640091
2345	2591.8238904476166
2346	2680.0317697525024
2347	0.29001784324645996
2348	7929.02139210701
2349	0.278933048248291
2350	8229.258796930313
2351	3542.645167827606
2352	3542.645167827606
2353	2289.5030887126923
2354	2289.5030887126923
2355	2901.210471391678
2356	2901.210471391678
2357	0.2868630886077881
2358	0.5816648006439209
2359	0.2839782238006592
2360	2105.910846233368
2361	0.27733778953552246
2362	2429.026511192322
2363	2201.848860502243
2364	2201.848860502243
2365	2201.848860502243
2366	0.28430891036987305
2367	2082.013017654419
2368	2082.013017654419
2369	2082.013017654419
2370	2082.013017654419
2371	2056.8015792369843
2372	1806.7863554954529
2373	1806.7863554954529
2374	1806.7863554954529
2375	1858.824917793274
2376	0.0
2377	0.0
2378	0.0
2379	0.0
2380	0.0
2381	3124.992367744446
2382	3700.6268570423126
2383	3700.6268570423126
2384	0.2763500213623047
2385	0.2763500213623047
2386	2738.211855649948
2387	0.2723677158355713
2388	0.27274537086486816
2389	0.27402448654174805
2390	3027.0326886177063
2391	1954.4562401771545
2392	1081.5400249958038
2393	1898.8683469295502
2394	0.27653956413269043
2395	1336.8281285762787
2396	0.275576114654541
2397	0.27536511421203613
2398	0.3648803234100342
2399	0.2764546871185303
2400	1504.6496143341064
2401	1504.6496143341064
2402	1748.464345216751
2403	1920.2523710727692
2404	2012.4297516345978
2405	2012.4297516345978
2406	0.2765052318572998
2407	0.27315735816955566
2408	2598.44197678566
2409	927.7532739639282
2410	0.2775394916534424
2411	5929.048132896423
2412	0.2753279209136963
2413	4597.853296041489
2414	2713.0035660266876
2415	2713.0035660266876
2416	2713.0035660266876
2417	0.27419090270996094
2418	0.2745838165283203
2419	0.2745838165283203
2420	0.2745838165283203
2421	6808.740493297577
2422	8656.044223070145
2423	6876.221513271332
2424	2556.322489500046
2425	2556.322489500046
2426	4518.095501899719
2427	6354.321437358856
2428	4002.7858123779297
2429	2029.20414686203
2430	7705.073535203934
2431	634.7757923603058
2432	634.7757923603058
2433	868.8115170001984
2434	638.3269424438477
2435	1460.3214750289917
2436	1453.6777048110962
2437	1453.6777048110962
2438	1453.6777048110962
2439	1496.9428877830505
2440	1.578411340713501
2441	279.7714681625366
2442	950.9762115478516
2443	999.7579326629639
2444	601.7505362033844
2445	1080.2693729400635
2446	1243.0013053417206
2447	653.1916844844818
2448	2005.5448622703552
2449	2270.1845967769623
2450	2284.2592289447784
2451	3379.964169740677
2452	3379.964169740677
2453	2423.018930912018
2454	2423.018930912018
2455	2423.018930912018
2456	2423.018930912018
2457	4456.473392963409
2458	4456.473392963409
2459	0.27439069747924805
2460	583.8765907287598
2461	1872.6041083335876
2462	1872.6041083335876
2463	0.27902913093566895
2464	1331.4466724395752
2465	0.2785048484802246
2466	4268.556992053986
2467	4268.556992053986
2468	4268.556992053986
2469	8308.169850111008
2470	927.5958805084229
2471	0.34181928634643555
2472	2688.1792147159576
2473	0.2785639762878418
2474	0.2785639762878418
2475	0.2785639762878418
