Iteration_step	Porb	eccentricity	Wdisk	logQ	primary_mass	age	feh	secondary_mass	posterior_probability	acceptance_ratio	inital_orbital_period	initial_eccentricity	current_orbital_period	current_eccentricity	current_spin	delta_e	delta_p	bad_solution_flag	gsl_flag	
1	5.749	0.061	4.1	7.350601726839351	0.802462794050237	4.694880649876551	-0.04347877946804426	0.6547293936655884	125.37132337570075	0.0	6.0674652550254695	0.07300958815755264	5.749000000238422	0.06100000007403038	5.749000000238424	2.384226149843016e-10	7.403037904918364e-11	False	False
2	5.748986961941634	0.054228498598578034	3.667258953793371	7.290519679645165	0.8902720952611801	5.297178935534776	0.13423373502176444	0.7263730025235968	75.6045831851238	0.6030452670469086	6.044679110048735	0.07521958357893471	5.7489869615416875	0.05422849853664963	5.748986961541689	-3.999467423909664e-10	-6.192840684704493e-11	False	False
5	5.7489780296329895	0.054610090248379345	3.8052451314981397	7.42669014056497	0.9513496344752643	4.197816330019152	0.4416018565377341	0.7762061667683682	48.46330695855655	0.6410101731516766	5.941759436570722	0.06735617752802574	5.748978029970927	0.05461009030177887	5.748978029970929	3.3793767784118245e-10	5.339952785510249e-11	False	False
9	5.74897587948833	0.05801268342687515	4.46136725800956	7.381195970220309	0.9011279881096966	4.573169461437728	0.23932558417712285	0.7352303254987015	28.505484653135387	0.5881869488912898	5.991691656511395	0.07282308775013006	5.748975882153783	0.058012683330626785	5.7489758821537835	2.665452747407926e-09	-9.624836344590548e-11	False	False
13	5.748979793588803	0.060899530221100326	3.6676539233252927	7.0989265262759025	0.8968772626032521	3.781351729285818	0.09022422759387247	0.7317621585579933	36.44015601009116	1.2783559533720477	5.936482732721592	0.0881521407534411	5.748979795554017	0.06089953066780697	5.748979795554017	1.965213769494767e-09	4.4670664389734327e-10	False	False
14	5.749003252630814	0.06309370808964897	3.69164815055815	7.543675116436334	0.8081246382092976	5.124120688759648	0.19322155266518848	0.6593488923149659	154.7047668358105	4.245447434225282	6.04695988186435	0.07146517572883958	5.749003251642224	0.06309370807146934	5.749003251642225	-9.885905427609032e-10	-1.8179624472480782e-11	False	False
17	5.748982995997441	0.05830722699191466	3.9806545310121546	7.282883701528596	0.8395767517886191	4.465341918156127	0.10172791751842211	0.6850106717843343	54.4865501044753	0.35219696987296034	6.020169754070225	0.07330412860972944	5.748982995615412	0.05830722701565458	5.748982995615412	-3.8202863095193607e-10	2.3739919752241434e-11	False	False
18	5.748987983678678	0.07179029654045849	3.7539036185266728	7.152439354455602	0.8121303994565963	4.68520654458718	-0.041149637020406915	0.6626171929166369	46.22554032228325	0.8483844220940404	6.066394294997031	0.09727760978779294	5.748987974718654	0.07179029466284016	5.748987974718656	-8.960023833992636e-09	-1.87761832470823e-09	False	False
19	5.74900507866489	0.06850218414838456	3.872485874949208	6.481956973811773	0.7703165336369221	4.449888466269301	-0.13515094797525462	0.6285012597943647	86.5738415577091	1.8728573198737875	6.075832874836445	0.1403375297994583	5.743907850980206	0.04345370969201497	5.743907850980206	-0.005097227684683681	-0.02504847445636959	False	False
23	5.7490097994710325	0.05813735071765136	2.8477292853877687	7.039278757349943	0.8380225592185598	4.124824183622137	-0.06468273744062125	0.6837426060664229	85.43911825012084	0.9868930003893628	5.995206523867218	0.08525593478764	5.749009799858403	0.05813735080830211	5.749009799858403	3.873701359680126e-10	9.065075079472962e-11	False	False
27	5.7490095029926085	0.06727901883146778	2.3227622891510777	7.465417459102531	0.8604809763565412	3.2590407496853637	0.11735522945446059	0.7020664286093019	73.20208162614745	0.8567747786423804	5.9355333275318705	0.0754482772883278	5.7490095029766675	0.06727901883058975	5.749009502976668	-1.5941026276777848e-11	-8.780337568126129e-13	False	False
28	5.7490133347115515	0.05566171172007982	2.3592792622376746	6.529148224625966	0.897280035743695	3.3781587635343078	0.22764654073224344	0.7320907811632806	68.96062183227669	0.9420582079136431	6.076643591506124	0.19367001443131596	5.748968495753512	0.05522590909401899	5.7489684957535125	-4.4838958039861154e-05	-0.0004358026260608272	False	False
32	5.748996468472211	0.060302117081772626	2.605772622385677	5.72876910174124	0.8701714649028799	1.9661812007087263	0.07659873848817063	0.7099728982142597	111.81209013744848	1.6213903988481055	5.696418579955947	0.06732665151312651	5.7491402535946206	0.0006659038766324855	5.749140253594621	0.0001437851224093123	-0.05963621320514014	False	False
38	5.748993473452825	0.059451236303279933	3.0753763878110525	5.686423283811065	0.9176046378378859	2.0689234841419752	0.23741663727320084	0.748673624011931	118.45149576751676	1.059380033249594	5.711524600793801	0.11589382706403338	5.749073459560812	0.0002665248902052734	5.749073459560812	7.998610798676253e-05	-0.05918471141307466	False	False
39	5.749013989795791	0.05901316394064809	3.5069772462945026	5.410576703805812	0.7969715782662118	2.7677739941334045	-0.23208511832195577	0.6502491107074022	70.81255619363046	0.5978190122023732	5.715144604119578	0.05955643332796899	5.749012729694842	2.1175948926853525e-06	5.749012729694844	-1.2601009489188186e-06	-0.0590110463457554	False	False
40	5.74899106434608	0.05596200528369163	3.1925616421282808	5.9200570938525745	0.8860604678207702	3.284543221806058	0.05592725167122198	0.7229367356949664	77.99842715957831	1.1014773558844388	5.7360494046495365	0.0775720682105714	5.749078608855985	0.00048491136257298827	5.749078608855985	8.754450990533513e-05	-0.05547709392111864	False	False
41	5.748998695953543	0.058013208820174175	2.3869934910731727	5.709548021673228	0.8706113954393524	2.4128758179479135	0.09747437487190819	0.7103318375389676	108.7407403616783	1.3941401682267742	5.734566955373537	0.05896116816158806	5.749042443675316	0.00016431629833852553	5.749042443675318	4.374772177317965e-05	-0.05784889252183565	False	False
44	5.749003370088707	0.05616668364563606	2.961479101682296	5.435150860087941	0.8205545140811541	3.1319302865443532	-0.04324456975965019	0.6694904280388136	94.09617664998551	0.8653258782036605	5.75686061189184	0.056153622087320214	5.749004257417931	3.394721094857782e-07	5.749004257417931	8.873292234312657e-07	-0.056166344173526575	False	False
Iteration_step	Porb	eccentricity	Wdisk	logQ	primary_mass	age	feh	secondary_mass	posterior_probability	acceptance_ratio	inital_orbital_period	initial_eccentricity	current_orbital_period	current_eccentricity	current_spin	delta_e	delta_p	bad_solution_flag	gsl_flag	
1	5.749	0.061	4.1	7.350601726839351	0.802462794050237	4.694880649876551	-0.04347877946804426	0.6547293936655884	125.37132337570075	0.0	6.0674652550254695	0.07300958815755264	5.749000000238422	0.06100000007403038	5.749000000238424	2.384226149843016e-10	7.403037904918364e-11	False	False
2	5.7489791590100126	0.06171408482637427	3.966957963962989	7.215946458728667	0.8721223747395408	4.4575708845506465	0.1418441696991971	0.7115646455499913	38.64489478089735	0.30824349412895674	6.000155666088753	0.08352724037880695	5.748979160253528	0.061714085164659684	5.748979160253528	1.2435155127832331e-09	3.3828541357028286e-10	False	False
8	5.748982844884766	0.05297250096779037	4.450207723892493	7.334162195578578	0.8824075698556144	3.8983840198043396	0.10775998010144597	0.7199563362451957	37.548420065430555	0.9716269193723152	5.95448367374371	0.06498809903526868	5.748982845177903	0.052972501084450396	5.748982845177903	2.9313618199466873e-10	1.1666002885935e-10	False	False
14	5.74898674354364	0.06356824095937001	3.520645756933983	7.435858421474084	0.8842876165616449	3.5903326230276558	0.11458986173103358	0.721490266352646	68.77598361093524	1.8316611855063045	5.943507360254556	0.07376488118972914	5.748986743212788	0.06356824086436871	5.748986743212789	-3.3085267858723455e-10	-9.500129849460137e-11	False	False
16	5.748992551046746	0.06249579501984468	2.978983264993617	7.123480443691	0.7702948824536414	3.6203663541210416	-0.142113503154755	0.628483594593926	98.48229369609915	1.4319285385028018	6.000921132032415	0.07703282033916939	5.748992550703351	0.06249579496564992	5.748992550703351	-3.433955342302397e-10	-5.419475979095978e-11	False	False
17	5.748991838350475	0.06921644661421739	3.39538697101494	7.450406993338283	0.8635599779890921	3.9904432652471833	-6.503023890452875e-05	0.7045785860413002	68.04448459794702	0.6909311516232713	5.985637378111571	0.08064962027586198	5.748991838327266	0.06921644661425595	5.748991838327266	-2.3208990285183972e-11	3.8566372317916375e-14	False	False
18	5.748993772940379	0.07250987818298538	3.5524100044407927	7.518154346090723	0.7833276870954169	3.392479774229252	-0.2244092643160755	0.6391170599011506	57.97947722285916	0.8520819514680911	5.9504798442356135	0.07859314864558259	5.748993821725873	0.07250987819647109	5.748993821725873	4.8785493866887464e-08	1.3485712546668083e-11	False	False
21	5.74899845455578	0.06420586047748708	3.4719027875161625	7.767937661178441	0.8604809763565412	3.2590407496853637	0.11735522945446059	0.7020664286093019	108.98739792667557	1.8797582031958349	5.893446466642031	0.06789278525329134	5.748997993941335	0.06420588571831112	5.748997993941336	-4.6061444525236084e-07	2.5240824041983245e-08	False	False
22	5.7489912503058385	0.05374013421938434	3.638234597179337	7.661670554740845	0.833249140313859	2.016385922272421	-0.0999422235366913	0.6798479735820775	71.82003022464549	0.6589755475487588	5.837959683213386	0.05578676415057776	5.7489909021359695	0.05374020901677293	5.7489909021359695	-3.481698689355994e-07	7.479738858839902e-08	False	False
28	5.748993174966947	0.04854884508491428	3.422458424373258	7.56285332313803	0.7680959516836598	0.5075548283605014	-0.2708757634161265	0.6266894869786981	45.753796961273636	0.6370617892830256	5.7484784804618565	0.04852911460408937	5.749226963902939	0.04833183087393997	6.073077465060486	0.00023378893599179662	-0.00021701421097430895	False	False
30	5.749006876799919	0.05501676040081109	2.9752663687188954	7.583997097625023	0.7980884448744939	0.7365354126923824	-0.1118302072617466	0.6511603621730996	119.58033405442912	2.6135608844800973	5.750017306202584	0.05501642134634783	5.736505110599906	0.054484170329856876	5.7877243615348375	-0.012501766200013087	-0.0005325900709542142	False	False
33	5.74902097243131	0.06207025718279298	2.623549587307305	7.121056248597459	0.7551511068774964	1.6482782963213483	-0.22657645388999845	0.6161277881013493	38.69107556205364	0.3235571790963781	5.838675994817192	0.0673873348835205	5.74902097512896	0.06207025754920637	5.7490209751289605	2.6976492151220555e-09	3.6641339268284057e-10	False	False
34	5.7490230875746375	0.05909783181347206	3.195423773789111	6.8545140910114215	0.7571103554307984	1.7238777333267632	-0.37818211439977123	0.6177263389959884	38.15625456377086	0.9861771483342451	5.820770367908282	0.06957170157785583	5.749023092673114	0.059097831987242964	5.749023092673114	5.098476307807687e-09	1.7377090738568413e-10	False	False
35	5.74901812786662	0.05613046032668718	3.349517006766712	6.1831263672615355	0.814130771411616	2.3587542861249235	0.19444412459851385	0.6642492963947375	43.19254552473431	1.1319912297090442	5.862005029489557	0.16735012167319332	5.7463274387251255	0.03806095917519977	5.746327438725127	-0.0026906891414943956	-0.018069501151487408	False	False
36	5.74900686943235	0.05192744322591003	3.886312073687777	6.502298930554745	0.9225959400369975	2.9121045912910053	0.2286146125362076	0.7527460274761862	75.55609479027274	1.7492855276845254	5.898546409662534	0.1729534634167221	5.749006948350731	0.05192764178032144	5.749006948350733	7.891838116336203e-08	1.985544114124771e-07	False	False
42	5.748989939305501	0.047843106250389865	4.0817998443697565	6.5408558678555355	0.8560601315773109	2.0973053964108033	0.14807900680539754	0.6984594613539279	38.088719196585	0.504111803320579	5.717617552332468	0.08824193013488613	5.748989913448036	0.04784310549802553	5.748989913448035	-2.585746461392091e-08	-7.523643374973688e-10	False	False
44	5.748974824295691	0.0561374884885802	4.382670033661807	6.870955507567069	0.8761912181047802	1.6435243257546934	0.14363027114871857	0.7148844148516901	18.12166160280666	0.4757750322156129	5.740514366876091	0.07004762278811452	5.748974823903407	0.05613748838586146	5.7489748239034055	-3.922835389857937e-10	-1.027187432334209e-10	False	False
48	5.748982035391441	0.06892412562148131	3.975657488405829	6.099271036315564	0.8701714649028799	1.9661812007087263	0.07659873848817063	0.7099728982142597	33.65463014712606	1.8571492440800061	5.877584384736479	0.19770730066526648	5.749667058412858	0.0315190761027965	5.749667058412859	0.0006850230214174857	-0.03740504951868481	False	False
49	5.749004843835649	0.06398601476088714	4.0343171023721744	5.5393801716781725	0.8938231605783499	3.1093352387179527	0.1118643230490185	0.7292703167158756	102.45152556653247	3.04420298540352	5.624316343714648	0.06592531686215553	5.749007107506464	4.44535378272596e-07	5.749007107506463	2.2636708152390383e-06	-0.06398557022550887	False	False
53	5.748987618893489	0.06783450019769999	4.236555290230935	5.405471307876741	0.8975606347407908	1.9745979219923915	0.28264278067401283	0.7323197218850113	74.84067154862066	0.7304983613935432	5.836264734602096	0.20208752369048763	5.748994968863621	6.137436405255065e-06	5.748994968863622	7.349970132075612e-06	-0.06782836276129474	False	False
66	5.748991862253828	0.06523264438869726	4.2429568718705974	5.271972138147765	0.8802883312285555	2.229785833555869	0.26562137788854534	0.7182272494493784	105.99056259126104	1.416216081417758	5.518918543807819	0.04317366899266956	5.748980761237904	1.806658582871847e-08	5.748980761237906	-1.1101015923387081e-05	-0.06523262632211144	False	False
72	5.748997533966803	0.06860393596158551	3.9150071594109104	6.015695508088254	1.01057064470632	1.323482349412255	0.2635318583872669	0.8245245890158865	114.42534651404986	1.0795805184591432	5.467430297458924	0.02391019166421338	5.749318151816682	0.002355986755045673	5.74931815181668	0.0003206178498782464	-0.06624794920653984	False	False
75	5.7490112488065614	0.06505888653033086	3.674780371196779	5.805165181357487	0.8720493690466139	0.25614217314255444	0.11282307898851562	0.7115050802051323	124.50687850388609	1.0881057588809517	5.476301845966101	0.06972336170725726	5.748904443902741	0.03741552048086735	5.748904443902741	-0.00010680490382064534	-0.027643366049463512	False	False
81	5.749008422889931	0.06804244729816264	4.3632503310051645	5.599850123641284	0.7932688697960364	0.5423623207426937	-0.06827422271575428	0.6472280708665861	103.76195648647996	0.8333833257512866	5.48908944207965	0.08327072090338768	5.749732597710066	0.019231929207788136	5.749732597710067	0.0007241748201352038	-0.048810518090374504	False	False
Iteration_step	Porb	eccentricity	Wdisk	logQ	primary_mass	age	feh	secondary_mass	posterior_probability	acceptance_ratio	inital_orbital_period	initial_eccentricity	current_orbital_period	current_eccentricity	current_spin	delta_e	delta_p	bad_solution_flag	gsl_flag	
1	5.749	0.061	4.1	7.350601726839351	0.802462794050237	4.694880649876551	-0.04347877946804426	0.6547293936655884	125.37132337570075	0.0	6.0674652550254695	0.07300958815755264	5.749000000238422	0.06100000007403038	5.749000000238424	2.384226149843016e-10	7.403037904918364e-11	False	False
3	5.748998160122765	0.056465847808858285	4.089928677611055	6.82583692197038	0.7733415392255424	4.6751349856085165	-0.082037370161497	0.63096936185412	112.18785367721051	0.8948446156304557	6.075385653050623	0.0985132434249618	5.748998159808131	0.05646584793710241	5.748998159808133	-3.1463454064351026e-10	1.282441236538645e-10	False	False
6	5.748993342882992	0.055884961696195744	3.3732967153677667	6.775571546447104	0.8865784426406671	4.312586774448643	0.10167630228178284	0.7233593513505202	97.88991504530692	0.8725535950349674	6.0269518832512095	0.1425536080979475	5.748887593313194	0.05909733613323354	5.748887593313196	-0.00010574956979780836	0.003212374437037799	False	False
8	5.74899731022664	0.06698338950167672	4.209048798026151	7.252512244370082	0.8479240629275742	3.722535682269893	0.16484164126288026	0.6918212429426077	102.47135582492534	1.0468019691047639	5.96282179130097	0.08244669708633935	5.748997309862171	0.06698338954761043	5.748997309862171	-3.644693435944646e-10	4.593371516481426e-11	False	False
9	5.7489798596738035	0.07043745127039654	3.97753817653893	6.744990219752865	0.8702356973243711	4.0155080951497215	0.08695870777281152	0.7100253054469543	24.057136354517404	0.23476937687464167	6.045095798046514	0.16176767581059248	5.748979863534162	0.07043745164843725	5.748979863534163	3.860358255280971e-09	3.780407098474825e-10	False	False
12	5.74898653729074	0.06289543403142293	3.8032602428744724	6.835445400087823	0.888465934374428	4.930111785057507	0.2447788664318893	0.7248993558560958	100.12673482259578	4.162038795768565	6.081567973655563	0.1487895456122686	5.748986537514668	0.06289543404540707	5.748986537514669	2.2392754317479557e-10	1.3984133295785739e-11	False	False
13	5.7489961835419034	0.056467832294854345	3.341131130026558	7.297163404359342	0.8723874269790901	5.058591568168837	0.12124206667052037	0.7117809016722396	126.46939500693638	1.2630931711796498	6.042230614247511	0.0752558277935537	5.748996183576455	0.05646783230167382	5.748996183576456	3.455191688317427e-11	6.819475539820985e-12	False	False
15	5.7489882237502234	0.05148283560502584	3.0156466173031675	7.149009565703392	0.8856911364592961	5.543109566059805	-0.0089497959933579	0.7226353982371396	60.877891331335015	0.48136461258469754	6.067624663139155	0.08397397925579203	5.748988223944814	0.05148283560173976	5.748988223944814	1.9459012179368074e-10	-3.2860797416489618e-12	False	False
16	5.748991070061222	0.05417979084821978	3.4369745994710525	7.422467110042081	0.9328801921672919	4.428186142159724	0.15932389753648424	0.7611369487892934	86.60549585219145	1.4226099813613937	5.9693225966514	0.06814270099106995	5.748991068434763	0.05417978980965088	5.748991068434764	-1.6264589675074603e-09	-1.0385688975489415e-09	False	False
21	5.748988036172375	0.052648315076167185	3.147410358188446	7.173231940434641	0.8171002302741068	4.252049198569006	-0.06710228325210717	0.6666720778806438	55.64634676476337	0.6425267382538207	6.0159603078227954	0.06848579717437105	5.748988036202014	0.052648315081544425	5.748988036202016	2.963851386539318e-11	5.377240319681675e-12	False	False
24	5.748977320395076	0.06388490332291165	3.4843835810056074	7.440930004566789	0.855227604760349	4.24347846079	0.20694320759021612	0.6977802027239687	31.04202067945685	0.5578447190914861	6.00222999505776	0.07460325484485059	5.748977320485488	0.06388490339716763	5.748977320485489	9.041212223337425e-11	7.425597636778747e-11	False	False
29	5.748962368202735	0.05924982901385273	3.6757872327609746	7.505500553716148	0.9830492484451572	5.163490046015821	0.3867842465296873	0.8020698818064037	4.2756088151997735	0.1377361628403691	5.990501854958772	0.07623611981145154	5.748962367134901	0.05924982888567146	5.748962367134901	-1.0678338213665484e-09	-1.2818127115288291e-10	False	False
31	5.74896306367635	0.06038941908267493	3.249202890130232	7.78407766004988	0.9268270167662092	4.8105805812524105	0.4538840311147453	0.75619816297955	5.594842264449882	1.308548678391774	5.970796215012865	0.06647433063030762	5.748963063105705	0.06038941909803354	5.748963063105705	-5.706448646947138e-10	1.5358610216953394e-11	False	False
32	5.748965038042326	0.05474936809989229	2.417406219799967	7.634757811276841	0.9244266906783292	5.0509251356729585	0.5089444458298019	0.7542397369244487	8.856924256825314	1.5830516461747253	6.012180106265532	0.06293640656753334	5.748965037323942	0.05474936807677998	5.748965037323941	-7.183835748492129e-10	-2.3112310676420833e-11	False	False
37	5.748984200974263	0.05129571631405118	2.8271803385656264	7.855441200036086	0.93314386545572	5.363484897683436	0.3728797469669487	0.7613520798253219	77.35370099948462	8.733697924522092	5.9849591017334145	0.05644689329818413	5.748984201054601	0.05129571633388092	5.748984201054602	8.033751441871573e-11	1.9829742015087248e-11	False	False
40	5.748992105410017	0.07143012928679061	2.7991403843293625	7.172701446384135	0.907093904497695	6.09252345349233	0.23588827061886544	0.7400979166796693	99.97346302101263	1.2924199066012203	6.127512674245397	0.12161994476789958	5.748992087095264	0.07143012770549077	5.748992087095265	-1.831475326952159e-08	-1.5812998410691392e-09	False	False
41	5.749006736598136	0.07375246543406486	3.364105879805188	7.476102723789278	0.9440319129563961	5.468971104360498	0.26577758537200225	0.7702356377811236	77.93738860403441	0.7795807632236703	6.041798412498102	0.09591100226109163	5.749006733340806	0.07375246460118934	5.749006733340806	-3.257329517225571e-09	-8.328755185527115e-10	False	False
49	5.749020362014411	0.07096263216995961	2.7646373551627383	6.722661540299696	0.8978444743455448	5.366709653902166	0.3901841278131788	0.73255130661853	49.267837300174065	0.6321463700879468	6.139101166254829	0.16545935483395122	5.749250328127337	0.04898762259660239	5.749250328127337	0.0002299661129256947	-0.021975009573357226	False	False
54	5.749022130723961	0.05639111897421373	2.692613374568041	7.17924256365147	0.9393506378247259	4.632963075266229	0.38015644758422495	0.7664161854011938	48.147252238167425	0.9772552414838254	5.9726288948022015	0.08535712671512015	5.74902213010987	0.05639111908661368	5.74902213010987	-6.140910002727651e-10	1.123999504581974e-10	False	False
57	5.749014197333116	0.05059578725476214	2.659964716542098	6.938241896975905	0.7944469267978309	5.697389251497813	0.06267506683434149	0.6481892475743503	49.66192412731498	1.0314591553772376	6.139146308899319	0.0887106711918297	5.749014184899047	0.050595787178699586	5.749014184899047	-1.2434068885625038e-08	-7.606255209013923e-11	False	False
58	5.74900153780723	0.04701039155143314	2.720994069458388	7.0037487412032435	0.7296239418675493	5.452480425047286	-0.24557291862624825	0.5953001741697335	56.760567995729915	1.1429393643753434	6.17858228336267	0.0669065742240805	5.7490015419418645	0.04701039262187858	5.7490015419418645	4.1346348567117275e-09	1.0704454406207375e-09	False	False
59	5.7490158699595195	0.04783463436356122	2.4930033632219795	6.914979852701063	0.7174895882861808	5.335731025747017	-0.4142374642186838	0.5853997550826949	40.323965731207075	0.7104221672736016	6.181670647175202	0.0712496014167443	5.749015870217115	0.04783463440220645	5.749015870217116	2.575957225303682e-10	3.864523284713428e-11	False	False
63	5.749023742124318	0.054517447034689255	2.7578042184050426	7.004512816587441	0.7284295866202497	5.499456394471084	-0.3428198684364826	0.5943256997234617	28.07993894783937	0.6963585658964108	6.191885822411002	0.07757626343512107	5.749023742383802	0.054517447085131225	5.749023742383803	2.594839898506507e-10	5.044197004533402e-11	False	False
65	5.7490049065954	0.056129378536304356	3.023791594487273	6.800361031972035	0.6984777656449674	5.841377739331792	-0.3231998705922388	0.5698880089897289	145.29268744654934	5.174252255905598	6.259276343825756	0.09549214182666829	5.749004905777191	0.056129378458875716	5.749004905777193	-8.182086119745691e-10	-7.742863988857707e-11	False	False
67	5.748984150179904	0.059567893999229474	3.4060050847850314	7.112689298436101	0.7378161906496741	5.264965051145837	-0.3200407710768245	0.601984229951069	79.33672530435898	0.5460476139485381	6.165571039817418	0.07822925234162911	5.7489841501471455	0.059567893975799695	5.7489841501471455	-3.275868465379972e-11	-2.3429778950312397e-11	False	False
73	5.748986745240803	0.052453381385473466	2.8986871552402516	6.7006577732627175	0.7283291157760372	5.862373555644608	-0.3542842110155008	0.5942437255616687	77.33347494022858	0.974750024576319	6.245625563402241	0.1134707490538929	5.748986746269343	0.05245338144904496	5.7489867462693445	1.0285399199005951e-09	6.357149529012673e-11	False	False
Iteration_step	Porb	eccentricity	Wdisk	logQ	primary_mass	age	feh	secondary_mass	posterior_probability	acceptance_ratio	inital_orbital_period	initial_eccentricity	current_orbital_period	current_eccentricity	current_spin	delta_e	delta_p	bad_solution_flag	gsl_flag	
1	5.749	0.061	4.1	7.350601726839351	0.802462794050237	4.694880649876551	-0.04347877946804426	0.6547293936655884	125.37132337570075	0.0	6.0674652550254695	0.07300958815755264	5.749000000238422	0.06100000007403038	5.749000000238424	2.384226149843016e-10	7.403037904918364e-11	False	False
15	5.748996833341183	0.06288834158545367	4.340454426348674	7.317416451906724	0.7635442628807904	4.95885315306386	-0.07158267468879972	0.6229757640844368	124.06574297411261	0.9895862916141062	6.108928665046936	0.07499332528698835	5.748996833956886	0.06288834159212589	5.748996833956887	6.157030441045208e-10	6.672218333392266e-12	False	False
25	5.748997459082228	0.05837162582519459	4.084203333298969	6.546459363334568	0.7567812255232493	3.7346417859913412	-0.08863385123282311	0.6174578019044191	108.23547559479684	0.8724042028054522	6.010698152126614	0.12998619925633156	5.748997459719204	0.05837162598275422	5.748997459719204	6.369758054347585e-10	1.575596320080308e-10	False	False
27	5.749001670904099	0.05290402143910625	4.388834398449676	5.915960077572991	0.8180565625091837	3.221825635941853	-0.08111709015090271	0.667452349351243	79.15821415841904	0.7313518393429999	5.669962434944679	0.06989192531519936	5.7492123003723306	0.00143388254146854	5.749212300372332	0.0002106294682313603	-0.051470138897637706	False	False
Iteration_step	Porb	eccentricity	Wdisk	logQ	primary_mass	age	feh	secondary_mass	posterior_probability	acceptance_ratio	inital_orbital_period	initial_eccentricity	current_orbital_period	current_eccentricity	current_spin	delta_e	delta_p	bad_solution_flag	gsl_flag	
1	5.749	0.061	4.1	7.350601726839351	0.802462794050237	4.694880649876551	-0.04347877946804426	0.6547293936655884	125.37132337570075	0.0	6.0674652550254695	0.07300958815755264	5.749000000238422	0.06100000007403038	5.749000000238424	2.384226149843016e-10	7.403037904918364e-11	False	False
2	5.749011986308379	0.05542175166267099	3.9944296835120867	6.957013745902693	0.8217564792127132	4.98336115954967	0.07896678817883353	0.6704711113896527	78.32498411714346	0.6247440164799621	6.062547734558728	0.09329028417197019	5.749011985010853	0.05542175169809721	5.749011985010854	-1.2975265306636175e-09	3.542621751506658e-11	False	False
4	5.749013689634493	0.04680529773365507	3.6461202113002944	7.593686817154908	0.9102482066568166	3.7395286075578693	0.08760820354366528	0.7426715118112966	24.95999600510851	0.318672212786895	5.942465164764459	0.05257912106191206	5.7490136894443	0.04680529743708202	5.7490136894443	-1.9019363861616512e-10	-2.965730508397435e-10	False	False
10	5.749016753237027	0.0571887883702996	3.8955984915603343	6.823467807526906	0.8232823667171206	4.353218542162485	0.011371911005396945	0.6717160830044987	50.22637685097395	2.0122750356488126	6.017694197357297	0.10732974583695878	5.749017946719655	0.05718887859809296	5.749017946719656	1.1934826282811173e-06	9.022779336176345e-08	False	False
11	5.749016524418112	0.06496001363577429	4.092001648957231	6.540884084415437	0.7110669352903325	4.152625738784232	-0.23501906479385057	0.5801595125033823	56.511458140815755	1.1251350721253535	6.113494121580452	0.1373846701563262	5.7490165261884245	0.0649600138390078	5.749016526188426	1.7703127852541911e-09	2.0323351335171935e-10	False	False
13	5.74901082128126	0.06777858744734994	4.457096073577624	7.13723705831102	0.755875075631351	5.390314990787579	-0.20653264722801248	0.6167184742076193	82.56889610417366	1.4611000816582673	6.163659527917711	0.0903955667329485	5.749010821886754	0.06777858761843339	5.749010821886754	6.054943213484876e-10	1.7108345296001914e-10	False	False
16	5.748997822823183	0.05317303245240934	4.423184398757746	7.242125671240583	0.7957263235117348	5.117982284960869	-0.1199646681372204	0.6492331073532244	97.21988854442148	1.1774396065773156	6.097962838260733	0.06814820451238536	5.748997822013232	0.05317303202385777	5.748997822013232	-8.09951217206617e-10	-4.285515692314945e-10	False	False
19	5.749004852423066	0.06531610142700925	4.338460639098744	7.602981304070625	0.8171002302741068	4.252049198569006	-0.06710228325210717	0.6666720778806438	101.27236969079478	1.0416836637754594	5.987303773241359	0.07184098250222741	5.748996903215728	0.06530887812773002	5.748996903215729	-7.949207337709652e-06	-7.223299279227047e-06	False	False
27	5.749004134571635	0.061521213083621476	4.357743433208564	7.254565829920472	0.7843899606501994	3.445439373662725	-0.26134903595087994	0.6399837688944977	126.1003563495193	1.2451605184566081	5.980839736576658	0.07155322266653824	5.749004134645442	0.0615212130997668	5.7490041346454435	7.380673849866071e-11	1.6145321191096684e-11	False	False
