Step	Time_elapsed
1	0.0
2	1582656996.589491
3	1443.0618319511414
4	37411.00770545006
5	1543.0302922725677
6	1990.1627707481384
7	1657.8300745487213
8	1813.4379246234894
9	912.684042930603
10	1288.1462337970734
11	1774.265541791916
12	1779.7514159679413
13	2308.570110321045
14	2155.917000055313
15	6001.101058006287
16	2719.037308692932
17	2719.037308692932
18	4333.257451534271
19	1921.3601891994476
20	1205.6372427940369
21	2109.520926952362
22	1741.096432209015
23	1255.0868566036224
24	3255.281434059143
25	4040.1520116329193
26	2103.6040127277374
27	1822.1751942634583
