Iteration_step	Porb	eccentricity	Wdisk	logQ	primary_mass	age	feh	secondary_mass	posterior_probability	acceptance_ratio	inital_orbital_period	initial_eccentricity	current_orbital_period	current_eccentricity	current_spin	delta_e	delta_p	bad_solution_flag	gsl_flag	
1	6.862	0.003	4.1	9.074374104077075	0.8341918470848068	6.50251309665888	-0.5124254773934244	0.6825357692847889	0.8094039396603335	0.0	6.87087768034912	0.0030084735795444244	6.862000000001616	0.002999999999895736	18.722059303451832	1.6155965454345278e-12	-1.0426425348097901e-13	False	False
14	6.861996947615114	0.007983673451337936	3.899925367309516	8.933071347104075	0.8145096149458189	7.174946321329463	-0.5484829922223942	0.666431766948669	0.6147811661740794	0.759548027937784	6.874853605182215	0.008016104594127951	6.861996947605301	0.007983673450916952	17.267392756664602	-9.812595180846984e-12	-4.209844278735275e-13	False	False
16	6.861994599635188	0.0773926556519082	3.1351401770426115	9.228581705764208	0.8176278710809635	7.439029730532666	-0.5313136631248155	0.6689831241184443	0.47134890395199397	0.7666937926633367	6.869619162366557	0.07756983627016091	6.861994599635619	0.07739265565170898	21.20245945543761	4.3076653355456074e-13	-1.9921564398117653e-13	False	False
18	6.862017925920583	0.03590824329505486	2.902158610071839	9.071329772940732	0.8173218414689163	8.12310357171544	-0.5112879948305749	0.6687327306898674	0.4508928381352721	0.9566010111719592	6.873618198864662	0.03603760997309237	6.862017925930779	0.03590824329507572	18.442629735636217	1.0196288258157438e-11	2.085831507514513e-14	False	False
38	6.862011608925404	0.09150996320816433	2.994093890263342	8.726670927037286	0.7481028214184595	7.856198986786529	-0.9086978635835932	0.6120977284845837	0.511845693610823	1.135182576258318	6.880264259907774	0.09200016957180705	6.862011608899542	0.09150996320603597	17.02266162390988	-2.5861979224828247e-11	-2.128366927145464e-12	False	False
44	6.862013622470896	0.07196888529993303	2.8085908713424166	9.442652110178491	0.7804144355816222	8.487237366575838	-0.6786947660945093	0.6385350911928833	0.00832453410157606	0.016263757232869366	6.866594766750433	0.07206779634134734	6.862013622470246	0.07196888529978271	27.082865198143555	-6.501466032204917e-13	-1.503241975342462e-13	False	False
49	6.862006402422149	0.10128080895815936	3.2755089942281863	8.6757147297859	0.8353688063053406	7.321640040440289	-0.41437444845217747	0.6834987573190298	0.03235984491080056	3.8872860049517923	6.892398834952404	0.10218394949233396	6.8620064024154805	0.10128080895738889	13.032900500855291	-6.66844357510854e-12	-7.70467023514243e-13	False	False
52	6.862014570711226	0.1750014862703299	3.1121093406070344	8.53208418949834	0.813041604802197	7.503337078349525	-0.593131079692478	0.6652306410491576	0.0018947892424378485	0.0585537182783418	6.914465076232224	0.17735441492926837	6.862014570591635	0.17500148626195072	11.447224854909152	-1.1959144785578246e-10	-8.379186233753444e-12	False	False
53	6.862036036984143	0.20199579580107607	3.1556074579670126	9.181337896800972	0.8089189748920722	7.351524428288883	-0.5202035561611046	0.6618575052566935	0.012187580832112776	6.432156442070651	6.874898947270124	0.20260451296777318	6.862036036972497	0.20199579580137772	19.303015772432435	-1.1645795439108042e-11	3.0164759579065503e-13	False	False
57	6.8620104683615475	0.18381299719675717	3.562548818944099	9.525297695799589	0.9485959355794934	7.232333738809022	-0.30353002220331204	0.7761411944911415	0.08711193006744443	7.147598138419333	6.873131944388278	0.1843160936514197	6.862010468402558	0.1838129971979509	16.481235197516945	4.101075035123358e-11	1.193739551652584e-12	False	False
58	6.861999762178983	0.12322188590509353	3.065511523657058	9.229521987218316	0.9022034221519377	5.932664290853921	-0.32384654782227884	0.7381828400047155	0.36030809157006	4.136150941565635	6.871292913680945	0.12354747466538588	6.861999762160864	0.12322188590405873	17.502094653927973	-1.8118839761882555e-11	-1.034797247889685e-12	False	False
60	6.861974011570712	0.15525007301109728	2.6476689678008634	9.355464720731552	0.956229343364282	6.621692790681836	-0.27493308226811114	0.7823868487406556	0.02873626940277608	0.07975471568666802	6.874638727665627	0.1557702628381805	6.8619740116095205	0.15525007301519556	15.169640613262015	3.880806787037727e-11	4.098277273101303e-12	False	False
62	6.861955426158644	0.05576020683825668	2.8795669817850897	8.910164465126421	0.7991269272098086	6.753929444465262	-0.5412355265025454	0.6538456518430654	0.020507005430679306	0.7136279641329579	6.874080633082674	0.05596886001217279	6.861955426166904	0.05576020683940269	17.970680667185487	8.259171124791465e-12	1.14601383938151e-12	False	False
74	6.861959119597727	0.09399346121037505	1.444698494565529	8.950920993949632	0.8145096149458189	7.174946321329463	-0.5484829922223942	0.666431766948669	0.021979315036309798	1.0717954462248231	6.876146410563697	0.09438544627503669	6.861959119601885	0.09399346120985165	17.11948231638453	4.158451361035986e-12	-5.234007671717222e-13	False	False
75	6.861974942398404	0.09444198223396714	2.04674516035248	8.709997780930427	0.7804724397924173	6.62773677766197	-0.6559695620728161	0.6385825502381559	0.08849350753379345	4.026217713682264	6.880524067284349	0.09495807109695162	6.861974942403167	0.09444198223394205	15.903171956864897	4.763300864851772e-12	-2.5091040356528538e-14	False	False
