Iteration_step	Porb	eccentricity	Wdisk	logQ	primary_mass	age	feh	secondary_mass	posterior_probability	acceptance_ratio	inital_orbital_period	initial_eccentricity	current_orbital_period	current_eccentricity	current_spin	delta_e	delta_p	bad_solution_flag	gsl_flag	
4	22.46995948111005	0.02025564141950431	4.398182461624922	7.190373316394533	0.7311238239647664	5.3476277950536995	-0.5612872303051054	0.6717565694588273	0.014325741038982346	0.025919343391220838	22.474252064232758	0.02026824560825293	22.46995948112422	0.020255641419192005	27.58830611141764	1.4171774864735198e-11	-3.1230573682705653e-13	False	False
6	22.470023207538436	0.04277751186417137	5.319474806971526	7.664111268426213	0.684788165871822	5.258094979035198	-0.4331019530687571	0.62918336680303	0.0	0.0	22.471276963647664	0.04278532890882091	22.47002320753563	0.04277751186432565	37.699592228672195	-2.8066438062523957e-12	1.5427936705947332e-13	False	False
7	22.469909059423202	0.024250824717361622	4.8624896141159155	7.343613931413312	0.7326408162133348	4.549566772687344	-0.4134932882046567	0.673150381936812	0.0	0.0	22.471907576378868	0.024259471018270216	22.46990905942054	0.024250824718023697	29.64181967725208	-2.660982545421575e-12	6.620745618413082e-13	False	False
8	22.470141540485386	0.0558399950915595	4.141980203726968	8.014765535762749	0.7048156165476667	5.2130002710582035	-0.4434764157706877	0.6475845884839961	0.02841440879432654	0.041734489367357366	22.47071319102065	0.05584481504060318	22.470141540498464	0.055839995091533694	39.78158960903446	1.3077539051664644e-11	-2.5805746428630982e-14	False	False
13	22.470279502851113	0.02941101565958372	3.9092207604397204	7.5755012044777175	0.7011351862849299	6.349744803621401	-0.782191771299027	0.6442030091585935	0.008255245462187377	0.00995291738508953	22.47241914367518	0.029419222009129845	22.47027950285953	0.02941101565956999	37.46085681052609	8.416378705078387e-12	-1.3728601588880451e-14	False	False
14	22.469940953413886	0.044036011363726896	4.937890633564917	8.850720534462749	0.7317797428503804	4.525099448867741	-0.6163350139412205	0.6723592277309295	0.0	0.0	22.46999558152468	0.0440364772288539	22.469940953413907	0.04403601136372465	38.72476827465129	2.1316282072803006e-14	-2.248201624865942e-15	False	False
15	22.469937914862168	0.03283020205372612	3.9210788651407924	7.384220750377715	0.7220892062209749	5.539021536330317	-0.405839922060294	0.6634555626758317	0.2022859499578803	0.2438855824841419	22.472835001448505	0.03284400597776984	22.469937914909263	0.032830202053694954	31.474016387648238	4.709477252617944e-11	-3.116257252244736e-14	False	False
16	22.470051731763473	0.05157437035114902	3.6928586044326788	7.461508907418649	0.7678880288005467	5.514833003168416	-0.46561709967690446	0.7055355208619423	0.03179587808749888	0.03833462605573482	22.472761135478613	0.05159537979547523	22.47005173182537	0.05157437035117022	30.054873136808066	6.189893042574113e-11	2.1198320876436583e-14	False	False
17	22.46991346546652	0.05131138669550435	3.2687444607011447	7.552076236416783	0.6997545547007795	4.814233558515898	-0.6646548418163875	0.6429344848590762	0.10141305075347576	0.12226840746801837	22.471284375409738	0.05132213142895129	22.469913465462582	0.05131138669543377	35.091555712828445	-3.936406756110955e-12	-7.058242879054433e-14	False	False
19	22.470031855202222	0.02893317128158687	3.7966022194468567	7.71805812990015	0.7228425910877351	5.988406321436226	-0.5528605611203928	0.6641477726914109	0.6262384283494828	0.7615887955417273	22.47153474889583	0.02893928795480373	22.47003185519569	0.028933171281184028	37.538303405546294	-6.533440455314121e-12	-4.028409550382861e-13	False	False
20	22.46991584450323	0.03863130790715808	3.7606074179058173	6.97163630290098	0.6994938315635283	7.288753733292114	-0.9638354918749799	0.6426949324405697	0.012861703509497427	0.015641533385662026	22.481012736400988	0.03868129467425253	22.469915844501056	0.03863130790922844	24.99537725093564	-2.1742607714259066e-12	2.0703577741087997e-12	False	False
21	22.470073967752295	0.052328379043285175	3.755146954608004	7.705660911912154	0.7005809139530138	5.454010206334072	-0.7085828898085735	0.6436937437400291	0.14064631997374646	0.17104453603796543	22.47130779360546	0.05233743437023385	22.470073967875447	0.052328379045871745	38.22559365129903	1.2315126696194056e-10	2.586569847196074e-12	False	False
22	22.47016084015418	0.03694611436788067	3.810131646780271	7.176549806907662	0.7424194187903206	4.899894294884415	-0.6355929683299207	0.6821349619845465	0.006345043624356988	0.007716412651759212	22.47395624824474	0.03696768132421854	22.470160840170173	0.03694611437138361	26.703321375568756	1.5994316981959855e-11	3.5029340539338705e-12	False	False
23	22.47002294830059	0.051474779164427116	3.6666810151017737	7.147712656337363	0.6869382503861269	5.025645594681393	-0.6543991626843545	0.6311588644547733	0.02736928466603108	0.033284671780009094	22.473958603122874	0.0515028220978403	22.47002294830193	0.051474779164294875	29.370058459423504	1.3429257705865894e-12	-1.3224144002066396e-13	False	False
24	22.46998026098232	0.02194991531748223	3.485951580321524	6.916423745264779	0.7100929318871207	5.2019717033145785	-0.5987604557574109	0.6524333858178865	0.0020830219451019286	0.0025332303200209286	22.47768342761595	0.021972974183722	22.469980260989303	0.02194991531772988	23.77171681112878	6.981082378842984e-12	2.4765259287740093e-13	False	False
26	22.46984342624303	0.05186908659797963	3.169897200114205	7.140004056139755	0.6819722814286874	6.244061298898947	-0.8569182549292869	0.626596132176678	0.0110705482595172	0.013140699711745658	22.47547439331174	0.05190487937865709	22.469843426096844	0.05186908659024372	29.885900790109925	-1.46187062455283e-10	-7.735916074391724e-12	False	False
27	22.469981074412175	0.03064055210847233	3.6347780900564146	7.601826885346422	0.7033490070690221	3.935381129366136	-0.7264774287980261	0.6462370676950175	0.44073222583212873	0.5231475169235974	22.47064699914873	0.030644722347035497	22.469981074429896	0.030640552108296533	33.71344361369973	1.77209358298569e-11	-1.7579687705548963e-13	False	False
29	22.46994737449825	0.042825824480513905	3.3125341829101034	7.183385560151844	0.7158035486431104	3.348965937374279	-0.7090217545737212	0.6576803004932897	0.033087543482214245	0.11981139651604925	22.47107185138496	0.04283832779501026	22.469947374797474	0.04282582451041961	27.571180452799883	2.992237568832934e-10	2.990570291405703e-11	False	False
30	22.469810640361874	0.01820406258831559	3.8907435812300273	7.4105965944422865	0.7572868557235154	4.509422300879656	-0.46604374079620076	0.6957951630387659	0.0031805411081048916	0.011516874078112995	22.47148304735468	0.01820991318560709	22.46981064038765	0.01820406258863302	29.38860162121024	2.5774937739697634e-11	3.17430109975092e-13	False	False
32	22.470065013337507	0.04360032724906504	4.095263362712491	7.167315910244741	0.7325411115972934	2.038473670319085	-0.4801004633991264	0.6730587733355932	0.003743412930309877	0.008925125974836197	22.468973043062846	0.043605636620479685	22.470065013327872	0.04360032724835015	24.230788313845704	-9.634959496906959e-12	-7.1489342223785e-13	False	False
34	22.469926648358157	0.04050281445649061	3.5151818317145205	7.565521372782807	0.7457510153630125	3.7111903735197678	-0.5187946540029613	0.6851960329155358	0.10240855247736526	0.23326353978125672	22.470488936118983	0.04050931466567045	22.469926648338085	0.04050281445556581	30.43882727057762	-2.007283228522283e-11	-9.247949628310437e-13	False	False
37	22.470130959039373	0.024926415631288716	3.548522118633091	8.647055005863562	0.7445442743900988	3.717217243367905	-0.4735211841350345	0.6840872793096228	0.10498137336179018	0.5210800101112033	22.470166158991695	0.024926745885689442	22.470130959041775	0.02492641563126729	34.026977968307456	2.4016344468691386e-12	-2.142730437526552e-14	False	False
41	22.470170542707177	0.0334399503224533	4.548022099850744	9.137070554761443	0.7596702695121705	3.159865278789058	-0.7511227559903746	0.6979850436277822	0.0	0.0	22.47016990150034	0.03344005503654341	22.470170542706978	0.033439950322449744	31.076666459794346	-1.9895196601282805e-13	-3.559652572704408e-15	False	False
42	22.47029067365012	0.030569289590036526	2.910101769426438	8.319603275622164	0.7326146484464723	4.164997229442326	-0.4230971841946875	0.6731263389926186	0.004273013710970551	0.03747333238250795	22.47043175726387	0.030570304204711348	22.47029067364534	0.03056928958991946	35.98718041938193	-4.778399897986674e-12	-1.1706607905281885e-13	False	False
44	22.470345689267617	0.046432701613721684	4.487034029946465	8.853133579104549	0.7441925375570327	3.584332741635831	-0.4995042274582218	0.6837641035074017	0.00018989615399717783	0.0022989071977554806	22.470363986351526	0.046433062167093066	22.470345689268104	0.04643270161374283	33.522428972346646	4.867217739956686e-13	2.1142809725205325e-14	False	False
47	22.470047848101963	0.0735720601444115	3.4032374226129805	11.16921191369014	0.7034012236321818	3.3480103506756254	-0.7685797996183981	0.6462850442732486	0.00036222613377097216	0.009912204749870064	22.470047948464	0.07357206229673997	22.470047848101906	0.07357206014441142	34.92590392364009	-5.684341886080802e-14	-8.326672684688674e-17	False	False
49	22.46992356468358	0.052877707840259705	2.4415971533966263	10.410028505791471	0.7835122348910037	2.240217043843863	-0.49295857896181705	0.7198910414178542	0.0015214278448973063	0.5696584512460705	22.46992225933201	0.05287771255982774	22.46992356468359	0.05287770784026027	24.904405054195948	1.0658141036401503e-14	5.620504062164855e-16	False	False
50	22.469804069496693	0.04872384329448868	2.8551471028419564	11.026033278761874	0.790379436200048	2.5889501517252986	-0.32514435155476756	0.7262006259806041	0.001156871863152752	0.4331600976438259	22.469803806022632	0.04872384484404772	22.469804069496707	0.04872384329448876	26.414493354175242	1.4210854715202004e-14	8.326672684688674e-17	False	False
51	22.4699703056421	0.06599813347080562	3.4210002856315613	10.301591540851657	0.7581670425799911	2.886722347720982	-0.5904730339021915	0.6966038787224959	0.0009672624042296979	0.36216584637257804	22.469970006887905	0.06599814636169535	22.4699703056421	0.06599813347080559	29.638800974927864	0.0	-2.7755575615628914e-17	False	False
52	22.46995037586607	0.0739113164429877	2.970745063210686	10.728636912626662	0.764418697601981	3.929328849792591	-0.45475478920127244	0.7023478993567001	0.00023906007786350693	0.08950972875068057	22.469950832456014	0.0739113262300638	22.469950375866052	0.07391131644298717	34.530154200324795	-1.7763568394002505e-14	-5.412337245047638e-16	False	False
53	22.470098676821895	0.06557743230386848	3.2720425504959567	10.742123710994086	0.7671710460546116	2.1116732849932176	-0.3670569665005019	0.7048767571149771	4.0612058216324356e-05	0.015206111984225027	22.47009807356515	0.06557743468859432	22.47009867682191	0.06557743230386878	24.336551791241078	1.4210854715202004e-14	3.0531133177191805e-16	False	False
54	22.470173792316885	0.0663616677974516	3.0401315360041155	9.942521557630768	0.705285039164526	1.7570908283558782	-0.5235034120168203	0.6480158939843664	8.940359911728154e-06	0.0033474815108575076	22.470171207787075	0.06636167695746888	22.470173792316974	0.06636166779745215	24.25184312937023	8.881784197001252e-14	5.412337245047638e-16	False	False
60	22.470325374414184	0.03633197197985865	2.2382194373046307	9.826738458819191	0.7584203318402087	1.8343250779672686	-0.6457661098849977	0.6968366008947837	7.468082006747244e-06	0.011972045722440521	22.47032024948444	0.036331978455117854	22.470325374414234	0.03633197197985128	23.180249480067918	4.973799150320701e-14	-7.369105325949477e-15	False	False
61	22.47024628203244	0.05925384805878586	2.238980708418863	8.702392936063706	0.7455579110189635	3.178861124087018	-0.795827010469031	0.6850186086442236	0.0005419052858987478	0.8687257121909624	22.470256801065393	0.05925435740208611	22.47024628203199	0.05925384805878079	31.9635966076969	-4.511946372076636e-13	-5.072331443756184e-15	False	False
62	22.470397178620605	0.030738213804648473	1.0793366182642177	9.294340337283069	0.7533586594639068	2.247784982822278	-0.45948408130709584	0.6921859363154376	1.9191152736052573e-06	0.003076524304564148	22.470385594495752	0.03073825181394475	22.47039717862037	0.030738213804649004	26.241405994829893	-2.3447910280083306e-13	5.30825383648903e-16	False	False
66	22.470208429270453	0.028143047882617706	2.1171054074168114	8.047738563576605	0.782654711010312	4.229081971753671	-0.3269127917663144	0.7191031484762747	0.02621782896315072	0.15788583033017703	22.470458341329113	0.028145124682206386	22.470208429283645	0.028143047882574074	32.914253834137156	1.319122588938626e-11	-4.363176486776865e-14	False	False
67	22.470270435083812	0.04181527610814879	1.5216019250277377	8.12802929943678	0.7457510153630125	3.7111903735197678	-0.5187946540029613	0.6851960329155358	0.004360149572203397	0.02625716402905279	22.470413191744157	0.04181714783905506	22.470270435085386	0.04181527610829722	33.44502001121606	1.573852159708622e-12	1.4842987949847952e-13	False	False
69	22.470033222661446	0.03638254977825818	0.7211536457912668	8.895120093397484	0.7445442743900988	3.717217243367905	-0.4735211841350345	0.6840872793096228	0.5019379280622864	0.7603194095597026	22.470057843936893	0.03638283528742616	22.470033222661854	0.0363825497782564	34.61391242809017	4.085620730620576e-13	-1.7832957333041577e-15	False	False
70	22.470131163645682	0.022057072189688956	1.2122028289450921	9.10296404541239	0.739972720202424	5.0353169057455265	-0.46678816235963055	0.6798869353219872	0.11810419516393697	0.17890043153388752	22.470173302723136	0.022057235728450458	22.47013116364418	0.02205707218968962	40.63588503179999	-1.5027978861326119e-12	6.626643678231403e-16	False	False
71	22.47020553639078	0.03103377729733835	-0.08871684611505892	7.7139962108532005	0.744815015612438	5.333693821201558	-0.4577464060099873	0.684336036344708	0.0	0.0	22.472921266183203	0.031041533170051625	22.47020553639083	0.031033777297338243	-61.73860476868985	4.973799150320701e-14	-1.0755285551056204e-16	False	False
75	22.47002982971152	0.012997193136341786	1.0432897790894282	8.438427938552712	0.7378568363045958	4.265163820892422	-0.3662891250617019	0.6779428611966626	0.06607929029169698	0.2616503862750106	22.47014764811659	0.012997546406379503	22.470029829705403	0.012997193136345432	36.4508756119899	-6.117772954894463e-12	3.6463887465032485e-15	False	False
76	22.47032223519342	0.019833889132794782	1.5084294583602358	8.30887152786206	0.7784810359950184	3.4092132954887715	-0.42894291519213623	0.7152683758722228	0.00014476518625916116	0.0005732184279927537	22.470339808675973	0.019834443481548076	22.47032223519326	0.019833889132810076	31.00166356334992	-1.5987211554602254e-13	1.529332216421153e-14	False	False
81	22.469834392318024	0.04878464605459416	3.308647509079504	9.030382066803508	0.6915194941449573	4.677607467017034	-0.9819714423753021	0.6353681112203867	0.09284566951730987	0.19550482812252334	22.469871465104486	0.048784933645120244	22.469834392318248	0.048784646054590944	42.55416220463474	2.2382096176443156e-13	-3.2127078775090467e-15	False	False
82	22.469899256582533	0.04890994760169077	2.316972006829497	8.449781622444311	0.710460298016142	6.1730904801813695	-0.8137296737007713	0.6527709218172312	0.07062018192262007	0.1487046902730246	22.47017877337665	0.04891176182368458	22.46989925658223	0.048909947601610756	46.09229766961094	-3.019806626980426e-13	-8.001238560595425e-14	False	False
83	22.469923145429544	0.03721266676879319	1.7662998226925408	8.49628417467265	0.7163128033627765	5.8468790460430515	-0.6467823896345295	0.6581482037297189	0.2913427923573786	0.6134795822000729	22.470155484086735	0.037213891693507195	22.469923145425227	0.03721266676876848	44.47390917615614	-4.316547119742609e-12	-2.470940119181364e-14	False	False
84	22.469945826427935	0.05434091977262054	2.6600015786899402	8.884437310702895	0.7033831985249722	5.3855221152033215	-0.6279531291779747	0.6462684828047445	0.05595543586408869	0.11782518159438765	22.470026044715244	0.054341552763217345	22.469945826428724	0.05434091977263367	44.22728666336037	7.887024366937112e-13	1.3128387266192476e-14	False	False
86	22.469983552807605	0.023606512552481234	1.4299775723293522	8.01886190253394	0.738444601041206	4.83777182982149	-0.49701766870991876	0.6784828994366601	0.3819855227456918	0.4909231209771636	22.4704544037823	0.023608494034218563	22.46998355279388	0.023606512552400344	37.217048334636395	-1.3724132941206335e-11	-8.089015568479851e-14	False	False
88	22.47002946089897	0.05419722388319341	-0.07657377178267344	9.53365195243221	0.754256437789317	4.6114937690678355	-0.4315925518336109	0.6930108150408244	0.0	0.0	22.47006699803727	0.05419740825300866	22.47002946089898	0.05419722388319341	-41.65033936379833	1.0658141036401503e-14	0.0	False	False
91	22.4698411135502	0.038681134099318275	1.3846660889970148	8.935537522596615	0.7100929318871207	5.2019717033145785	-0.5987604557574109	0.6524333858178865	0.11069391333470359	0.217437558217937	22.469907035228168	0.03868152684011969	22.469841113550068	0.03868113409931885	43.19986391489342	-1.3145040611561853e-13	5.759281940243e-16	False	False
93	22.46986931320691	0.05686192140190633	1.5879376669442893	8.775277222497488	0.7673503444130785	3.1858745636961405	-0.45381945888075215	0.7050414964467364	0.006392732230063062	0.015604277100868348	22.469870513027082	0.05686239907692162	22.469869313206384	0.056861921401890864	30.77781218707948	-5.258016244624741e-13	-1.5466794511809212e-14	False	False
94	22.46975464008664	0.023270505051721686	1.8962963081965678	9.10666060073321	0.7373727752695762	3.771209909162231	-0.3468249058385954	0.6774981059176866	0.00893279547919319	0.021804419601247644	22.469768297309404	0.02327061621696088	22.469754640085977	0.023270505051705304	34.67399610675562	-6.643574579356937e-13	-1.6382728507124966e-14	False	False
95	22.469876753338337	0.03381071044224961	1.1307036826421482	10.07779084035086	0.7145962318108013	6.366688919380719	-0.5494880257296582	0.6565710177877643	0.0524810206089337	0.1281030330454034	22.469884048088247	0.03381074369413653	22.469876753338472	0.0338107104422513	48.10084144268266	1.3500311979441904e-13	1.6861512186494565e-15	False	False
97	22.46985668602052	0.0459057772836847	0.6352716637450706	8.961772695806483	0.711181420310592	4.745132758389108	-0.7399840017261236	0.6534334889813719	0.12349158563880372	0.1320927460400992	22.4699079965532	0.04590615845812253	22.46985668601995	0.04590577728368504	41.69587698949694	-5.719869022868806e-13	3.400058012914542e-16	False	False
98	22.469934870879005	0.028872767862614633	0.4051993852291157	7.837985608538171	0.7361451361703059	4.892361276086254	-0.5918235106175005	0.676370151113277	0.0	0.0	22.470731385666177	0.028876539295640827	22.469934870884543	0.028872767862630492	36.521404411693304	5.538680625249981e-12	1.585884201737997e-14	False	False
99	22.470303880087474	0.03484980881051021	0.516566563572821	8.509858210203847	0.7874508983403571	3.3791989551431287	-0.49897089900955216	0.7235098853951201	0.0009339689016802349	0.000999019619845516	22.47032181453303	0.034850457472909165	22.470303880087283	0.034849808810511265	31.209450710411424	-1.9184653865522705e-13	1.0547118733938987e-15	False	False
100	22.469970394936524	0.04074725528051817	2.2974568931936474	8.880966539132777	0.7197790564950823	3.7707374583675892	-0.6850617299656891	0.6613329971076816	0.5862066232996178	0.6270357791422608	22.469997964121863	0.0407475471055693	22.469970394936222	0.040747255280496816	36.16497964763619	-3.019806626980426e-13	-2.1350976542322542e-14	False	False
102	22.470030498504393	0.025150846372544184	-0.06498224409875641	9.78050769079488	0.778062046417425	5.357260024393052	-0.30529208394407886	0.7148834082483301	0.0	0.0	22.470057450478535	0.02515090891126002	22.4700304985044	0.025150846372544187	-43.856036061796296	7.105427357601002e-15	3.469446951953614e-18	False	False
103	22.469903003694036	0.030936756682960694	0.7199474424834027	9.512644420180496	0.72586390345575	4.446345329536742	-0.5687844171136973	0.6669237544951431	0.41044580345552123	0.7577511354906372	22.46991501096546	0.030936827768209926	22.46990300369421	0.03093675668296052	39.35791747264342	1.7408297026122455e-13	-1.734723475976807e-16	False	False
104	22.470143397103644	0.025555593184905297	0.49862690098585266	8.89086422846727	0.722042725426863	5.232243292064741	-0.6136641463770002	0.6634128561222017	0.10687560591981048	0.1973101224575253	22.470219877991756	0.02555589746545691	22.47014339710163	0.025555593184904	42.88104285786699	-2.014388655879884e-12	-1.2975731600306517e-15	False	False
105	22.470148661459497	0.03550419013295441	1.030614275064769	9.039446522922992	0.7322237644407932	3.7718414706883077	-0.6255105717691785	0.6727671947682007	0.17773304394801728	0.3281247237320384	22.470168331521382	0.03550437987106051	22.470148661459643	0.0355041901329689	35.76417922618863	1.4566126083082054e-13	1.4488410471358293e-14	False	False
106	22.47001861913377	0.01964997647289065	0.7983702568493672	9.354416496753	0.7006042716839573	4.042202417287584	-0.6664063124626144	0.64371520482322	0.25078280029153266	0.4629867087994814	22.470031388599146	0.019650027465876834	22.47001861913364	0.019649976472891552	38.924104981329265	-1.3145040611561853e-13	9.020562075079397e-16	False	False
108	22.46991809357954	0.03152221566729286	1.3697388133968886	10.629133799739513	0.719423321184292	6.373120850873127	-0.5019373765888032	0.6610061475041275	0.09983908804346014	0.14838816986754383	22.4699201633416	0.03152222458984441	22.469918093579512	0.03152221566729339	47.65567351141116	-2.842170943040401e-14	5.342948306008566e-16	False	False
111	22.470108717087136	0.013670513029875042	0.1089401546620874	8.369540870997618	0.7100929318871207	5.2019717033145785	-0.5987604557574109	0.6524333858178865	0.0	0.0	22.470432092308055	0.013671118979410597	22.4701087170859	0.013670513029874567	43.49212228567073	-1.2363443602225743e-12	-4.753142324176451e-16	False	False
113	22.469846248530537	0.05646196941084583	1.0480193503277135	8.09988711875297	0.6852526994173485	3.5032761230049942	-0.8780461101526423	0.6296101802246598	0.026133289544475562	0.027190921716983688	22.47000320828073	0.05646391597730593	22.469846248531095	0.05646196941094757	36.064137898221155	5.577760475716786e-13	1.0173806241908778e-13	False	False
114	22.47001526341517	0.047299534828487366	0.9201734374481532	8.155752217151907	0.7217642037341887	3.4480409779653978	-0.706502041977743	0.6631569503909726	0.24063332067984317	0.2503719164006512	22.470129325346864	0.0473011545904167	22.470015263414208	0.04729953482831969	33.919524292188605	-9.627854069549358e-13	-1.6767837118791817e-13	False	False
116	22.46995718390848	-0.005988766857953673	1.6403091528991092	8.791923350335322	0.7581193179990536	1.9426335605033054	-0.43327673139930917	0.6965600293775305	0.15170365914738287	0.15784321040167174	22.4701724935088	0.02079191610788387	22.47005640340117	0.020791126523890466	33.767155540941	4.721556479125866e-12	-1.370778490716873e-14	False	False
117	22.470188133932098	0.017445411326856543	2.0708506323963576	8.289663503562718	0.6883514220569004	3.8044610668003465	-0.7323819681457131	0.6324572865858801	0.02297335090294137	0.15143570716789595	22.47030504114579	0.017445856313356656	22.470188133930574	0.017445411326859804	37.410594188945566	-1.5241141682054149e-12	3.2612801348363973e-15	False	False
120	22.470018779715478	0.04365443868769257	1.2237745680576948	7.176681846073149	0.7034012236321818	3.3480103506756254	-0.7685797996183981	0.6462850442732486	0.05416794156210487	0.15742177299557383	22.47128792405566	0.04366712715264681	22.47001877971176	0.04365443868769662	28.233091231628773	-3.716138508025324e-12	4.045375145977914e-15	False	False
122	22.4700703780317	0.031962464784233716	-0.140428730601738	7.823294886317104	0.7220600698948112	3.504691105106832	-0.5374905461798756	0.6634287922193525	0.0	0.0	22.47129211815128	0.03196605663446233	22.470070378031686	0.03196246478423372	-39.959817325811365	-1.4210854715202004e-14	6.938893903907228e-18	False	False
123	22.470122962653438	0.037973482390875744	0.5850121156601569	7.057214756348889	0.7046321783253982	2.838927618855947	-0.6792977916822565	0.6474160454453758	0.00946374458001978	0.011123780461588361	22.471059778233336	0.03798529076383048	22.470122962663613	0.0379734823951587	26.11075979039619	1.0174971976084635e-11	4.282955934353794e-12	False	False
124	22.47011013271454	0.02029948888454553	0.7376900535919804	8.518394465105333	0.7197790564950823	3.7707374583675892	-0.6850617299656891	0.6613329971076816	0.12078789706949998	0.1419753077713813	22.47017826151196	0.020299832356569646	22.470110132713735	0.02029948888456748	36.16892947427429	-8.064660050877137e-13	2.1947721418058563e-14	False	False
126	22.470035679545255	0.04056816008961339	0.2952204819929753	7.9505535061048755	0.7518661652442825	4.150207346411726	-0.596506149436973	0.6908146326264467	0.0	0.0	22.47045710190346	0.04057172119576118	22.47003567954209	0.04056816008965747	34.632329178409734	-3.1654678878112463e-12	4.4075854077618715e-14	False	False
127	22.470029607339857	0.019880911447745037	0.6740442685295267	7.567310483115347	0.6887274025591907	3.545767049018147	-0.6744907763527103	0.6328027374713844	0.1305457068638543	0.47412286232280876	22.470604843268738	0.019883446503145906	22.47002960734214	0.019880911447763692	33.305564154207715	2.284394895468722e-12	1.8655216260654583e-14	False	False
128	22.46996882292363	0.008368250748695065	-0.005020630860917197	7.820949660709238	0.790379436200048	2.5889501517252986	-0.32514435155476756	0.7262006259806041	0.0	0.0	22.471138309199464	0.008369157905146226	22.469968822923622	0.00836825074869506	1067.5247707908472	-7.105427357601002e-15	-5.204170427930421e-18	False	False
130	22.469880794884727	0.014364487752513536	1.6817558252655322	7.972762971662006	0.7290277947012238	4.714386816394944	-0.5766934736917524	0.6698307377714844	0.03777800855465107	0.04810261502757034	22.470357741983307	0.014365715289343425	22.469880794883032	0.01436448775250457	37.225877906544746	-1.694644424787839e-12	-8.966785647324116e-15	False	False
131	22.469838208355135	0.02529676138045766	1.6033676051490064	8.761497214851415	0.7197790564950823	3.7707374583675892	-0.6850617299656891	0.6613329971076816	0.0973068512787817	0.12390049623280122	22.469874546120206	0.025297001022834494	22.469838208355487	0.025296761380456344	36.20148796142436	3.517186542012496e-13	-1.3149203947904198e-15	False	False
132	22.46986707210579	0.04950175582877367	0.1493380481132851	9.428728583405155	0.6945799742466587	4.227247138803346	-0.6972366974736895	0.63818008033783	0.0	0.0	22.469884371549977	0.04950188923205579	22.469867072105757	0.049501755828774856	41.38292953699809	-3.197442310920451e-14	1.186550857568136e-15	False	False
133	22.469863190288148	0.03229954261708988	1.2839806270061418	9.097362822532299	0.7658992401017883	3.014028870835463	-0.5803263090799454	0.7037082218055231	0.05150857978799762	0.06558570657779939	22.469860002924484	0.03229965580714287	22.46986319028818	0.0322995426170941	30.32275967025917	3.197442310920451e-14	4.218847493575595e-15	False	False
134	22.469989228911654	0.030956268836713922	-0.11695317216463164	8.898323319600964	0.7143888749534038	4.600820259269803	-0.6411250620076689	0.6563804983071874	0.0	0.0	22.470118767648355	0.03095663785873176	22.469989228911636	0.03095626883671392	-43.05195557381036	-1.7763568394002505e-14	-3.469446951953614e-18	False	False
135	22.469886985631376	0.029864876821867038	0.04035374222612553	8.279038567063909	0.7307105278364591	3.06824879324921	-0.5850104879858639	0.6713768329761386	0.0	0.0	22.470264670544065	0.02986595520371138	22.469886985631366	0.029864876821867035	41.363398421171034	-1.0658141036401503e-14	-3.469446951953614e-18	False	False
136	22.470060084353157	0.05388634204339069	0.7097854088763056	8.561794899739951	0.7079310942419182	3.7293667254477327	-0.796252782510904	0.6504470893894745	0.12589975522357927	0.1603077475305291	22.470125979266932	0.05388711869997663	22.470060084352443	0.05388634204340071	36.79854037292805	-7.140954494389007e-13	1.0019762797242038e-14	False	False
137	22.469903366389605	0.040270046367027516	0.3605127197625206	8.867938313441808	0.7329363729305414	3.870872420557217	-0.7307536367153381	0.6734219394485814	0.0	0.0	22.469940908885736	0.04027039065269202	22.469903366390128	0.04027004636702529	36.71243245776878	5.222489107836736e-13	-2.2273849431542203e-15	False	False
138	22.469720739545487	0.016678363549225056	-0.17241794178013237	8.164387240205679	0.6719570153062132	3.6023345208691016	-0.8730160968144627	0.6173941056633486	0.0	0.0	22.470147478609313	0.016679022020431384	22.469720739545487	0.016678363549225094	-41.15307917288983	0.0	3.8163916471489756e-17	False	False
139	22.469924953454598	0.02561182891935962	1.1096600520622262	8.739819809258144	0.6776815916481431	6.766716169051891	-0.5379563798910418	0.6226538464063138	0.016901904292293116	0.02152113958651	22.47008682278434	0.025612351236703898	22.469924953453305	0.025611828919369084	50.8529128167952	-1.2931877790833823e-12	9.46465128492946e-15	False	False
140	22.469783212571958	0.03227804946366041	0.564642438618833	9.118406110190818	0.7050059897825985	3.6769829256358775	-0.4736940563635764	0.6477595034122515	0.04259586097853459	0.05423717079883223	22.46979976169707	0.03227818449276701	22.46978321257198	0.032278049463659614	36.4239222241422	2.1316282072803006e-14	-7.979727989493313e-16	False	False
143	22.470066599603133	0.05052615410568144	1.040248876108425	8.486226410333023	0.7387016796955566	3.9506559201586438	-0.39200148363231024	0.6787191033042773	0.14909600671146286	0.27000134839440526	22.470153159104218	0.050527268875940085	22.470066599597093	0.050526154105686547	35.24899818312209	-6.0396132539608516e-12	5.10702591327572e-15	False	False
144	22.469885653120325	0.01726058319888537	1.0573637936387321	8.716829294816218	0.744815015612438	5.333693821201558	-0.4577464060099873	0.684336036344708	0.07064418002217582	0.12793115176530157	22.47000531151236	0.01726092728761292	22.469885653118226	0.017260583198864945	41.118735547703395	-2.099653784171096e-12	-2.0424634206150927e-14	False	False
147	22.46985968412845	0.03764881740123894	-0.07442677521933616	8.098302440875578	0.72586390345575	4.446345329536742	-0.5687844171136973	0.6669237544951431	0.0	0.0	22.470702575833933	0.03765172734679993	22.469859684128444	0.03764881740123905	-46.70153727100232	-7.105427357601002e-15	1.1102230246251565e-16	False	False
149	22.46993151178316	0.016943164590039757	1.0668768280004182	8.366212731297347	0.7391720592709331	4.509998076112411	-0.6536693659347428	0.6791512880581333	0.11840586195552433	0.20329196726922275	22.470102368762426	0.016943727375059416	22.46993151178518	0.016943164590040694	37.962333639055416	2.021494083237485e-12	9.367506770274758e-16	False	False
150	22.47002769820834	0.0251358867912427	0.2331715128143962	8.44346329278006	0.6773411495599806	4.960361797401998	-0.541872515933445	0.6223410482157101	0.0	0.0	22.470223087436104	0.025136619331943638	22.47002769820811	0.02513588679124025	43.648355916748784	-2.3092638912203256e-13	-2.4494295480792516e-15	False	False
153	22.46979427380023	0.04392092720581317	0.7102820833296135	7.407744620777943	0.7363002548959974	5.82375745706778	-0.36400640508492704	0.6765126741984423	0.01390626015018729	0.027699140943069998	22.473104253248152	0.04394119598279459	22.469794273779502	0.04392092719513162	31.13596485746471	-2.0726531602122122e-11	-1.0681552864433286e-11	False	False
155	22.470069864139198	0.01856553909110055	0.7899524937998521	7.53485167561467	0.7877292511618456	5.3807476928297255	-0.323140428603097	0.7237656359675037	0.03592641206811141	0.11710110995739445	22.472250289982366	0.018572240946940134	22.4700698641465	0.018565539091442197	30.199246878842107	7.30082660993503e-12	3.4164684969972825e-13	False	False
156	22.470029646437855	0.038511393971867106	0.4202676932786803	8.226194692655856	0.7107819239041704	5.104374349963767	-0.6809303117433554	0.6530664316831517	0.0	0.0	22.470367993568352	0.038513360334783635	22.47002964643422	0.03851139397188074	41.45659003562745	-3.6344260934129125e-12	1.3634926521177704e-14	False	False
157	22.470241073758615	0.04880039802012862	1.812138562901843	8.39143841992964	0.7509989390733361	5.8157134807822946	-0.533762646276573	0.6900178252205812	0.008750141316904837	0.028520834714889406	22.47056691583485	0.04880276331002413	22.470241073762033	0.048800398020284505	41.55410053398979	3.417710559006082e-12	1.5588225155127589e-13	False	False
158	22.470038232095053	0.04289011926461009	0.19737407802392448	8.211642204682649	0.6807553272040008	4.92317459288094	-0.8097642655787274	0.6254779946350358	0.0	0.0	22.47037339255345	0.04289215037247446	22.47003823209501	0.042890119264614196	43.26702101186706	-4.263256414560601e-14	4.107825191113079e-15	False	False
159	22.47014432176766	0.023734435134870904	1.0207097677501449	8.567066724965002	0.7463607703895757	5.406217662057229	-0.4179508343565107	0.6857562758339422	0.12232655897825134	0.39871991131384155	22.47032070116399	0.023735124778654228	22.470144321771752	0.023734435134871962	40.83175004580365	4.092726157978177e-12	1.0581813203458523e-15	False	False
160	22.470043465834852	0.041515144813124856	0.2876782398974122	7.804540002666087	0.6863673389184259	6.085797765441107	-0.4607689583353489	0.6306343109982497	0.0	0.0	22.471324489014858	0.04152222611554582	22.470043465838426	0.0415151448131374	41.344631097686204	3.574029960873304e-12	1.2545520178264269e-14	False	False
161	22.470155197370318	0.026748636047040066	-0.1060844538696819	9.00408701460018	0.6886791831696281	6.700737985860819	-0.579961958737901	0.6327584334962543	0.0	0.0	22.470296646887586	0.026748984887190193	22.470155197370325	0.02674863604704002	-53.66244036694598	7.105427357601002e-15	-4.5102810375396984e-17	False	False
164	22.469918105113262	0.038603804664155715	0.2083754290214827	7.196662411646769	0.699150945885822	4.785746057240066	-0.5867520432705902	0.6423798890798933	0.0	0.0	22.47367830898937	0.03862439031989016	22.469918105105254	0.03860380466370993	29.564695882592336	-8.007816632016329e-12	-4.45782299962616e-13	False	False
165	22.469954473389414	0.04335768173672479	0.6646346741829731	6.844061363455436	0.6898987369230631	5.196338587593702	-0.7299912147316119	0.6338789594849104	0.00320276202926363	0.010496618881901457	22.478990023043956	0.04340795098098001	22.469954473394008	0.04335768173708933	23.638272627833835	4.593658786689048e-12	3.6454173013567015e-13	False	False
170	22.469970820485216	0.054298296400491504	1.5956567032279194	10.068047718751284	0.6945799742466587	4.227247138803346	-0.6972366974736895	0.63818008033783	0.12156778878660472	0.2054487886804334	22.46997373968922	0.05429832482797669	22.46997082048522	0.05429829640049176	40.15493590845714	3.552713678800501e-15	2.5673907444456745e-16	False	False
172	22.469815303962015	0.04966029292774649	0.8489791429402491	9.6047763757804	0.7006042716839573	4.042202417287584	-0.6664063124626144	0.64371520482322	0.037838768918456285	0.08933165053925268	22.469822929908062	0.04966036635812717	22.469815303962044	0.049660292927747526	38.9509797712129	2.842170943040401e-14	1.033895191682177e-15	False	False
173	22.47004000264729	0.04779307432583496	1.5778784943344324	9.529444538918913	0.6974669123207949	5.48684692832721	-0.7560622481326547	0.6408325990403464	0.1260458155184566	0.2975752400426998	22.47005813816761	0.04779319673061428	22.4700400026474	0.04779307432583484	45.91720990848329	1.1013412404281553e-13	-1.1796119636642288e-16	False	False
174	22.46992745992969	0.05533752667541607	1.6457287769250235	10.383367490028467	0.7455134313107947	5.5233916977892505	-0.5400747942210914	0.6849777406883581	0.05241338300588654	0.12374012548748854	22.469930404889112	0.05533755166943084	22.46992745992976	0.05533752667541921	42.86486295943962	7.105427357601002e-14	3.1433189384699745e-15	False	False
175	22.469842768441406	0.03236447042414522	1.6847228042015299	9.003930341685303	0.7388242269928693	4.2495853581573355	-0.7987238165649895	0.6788316997610483	0.21879952595124152	0.5165528200072284	22.46987423166951	0.03236468766482382	22.469842768441435	0.032364470424103634	37.85473779523788	2.842170943040401e-14	-4.158479116611602e-14	False	False
178	22.46984781541086	0.03114699591511746	1.380995612058467	8.436322022385864	0.7220600698948112	3.504691105106832	-0.5374905461798756	0.6634287922193525	0.11778399363329443	0.23245023790336244	22.469903356614243	0.03114758116489349	22.46984781540596	0.031146995915112257	34.25815939300492	-4.899192163065891e-12	-5.204170427930421e-15	False	False
181	22.469931402008037	0.01736768464682336	2.8892693583506976	9.029619193473915	0.7483902341260557	3.58389345456526	-0.6808594916744929	0.6876209471150199	0.07894158930011023	0.09994612708961531	22.469942891129623	0.01736777159901686	22.46993140201078	0.01736768464682646	33.86297327720625	2.7426949600339867e-12	3.0982161280945775e-15	False	False
182	22.4700355769842	0.037687220793799756	3.494378247288961	9.21749793707936	0.6807553272040008	4.92317459288094	-0.8097642655787274	0.6254779946350358	0.4885548516613941	0.6185480394721374	22.470062841215686	0.037687377262386634	22.4700355769844	0.037687220793799575	44.18948568589181	2.0250467969162855e-13	-1.8041124150158794e-16	False	False
184	22.470116429295125	0.037616344710067036	2.077142746183137	9.606819446514503	0.7145919614653226	3.145964385026514	-0.747519387279764	0.6565670941943383	0.2156470015532627	0.37100555119745465	22.470118179857046	0.03761638143723042	22.47011642929506	0.03761634471006813	33.35925340864322	-6.394884621840902e-14	1.096345236817342e-15	False	False
185	22.46990968676007	0.061675420922762	2.0493940684435574	9.692196623119893	0.7099158480540809	4.063543591769831	-0.8738498632223822	0.6522706811920895	0.021000769486072407	0.03613035192991812	22.469915686450282	0.06167549287514126	22.469909686760083	0.061675420922766316	38.663264104678184	1.4210854715202004e-14	4.315992008230296e-15	False	False
191	22.46975662750539	0.014127015628909216	3.291906078067283	9.190547916652555	0.7326408162133348	4.549566772687344	-0.4134932882046567	0.673150381936812	0.002867782446162647	0.046571396888674746	22.469781006207384	0.014127087208219478	22.469756627504452	0.014127015628908746	38.541449152905905	-9.379164112033322e-13	-4.701100619897147e-16	False	False
193	22.469798274715874	0.0412481377601987	3.229682434669594	9.47813146852896	0.7476264530433018	4.789892971424081	-0.5527714239579523	0.6869191850561857	0.0576708380208444	0.3029593950999898	22.469813732670847	0.04124825775780167	22.46979827471604	0.041248137760203335	39.38749619491315	1.6697754290362354e-13	4.6351811278100286e-15	False	False
197	22.469913396231583	0.045111769063137366	2.954796687713981	8.513125853525205	0.7194665790505334	5.6119649402117115	-0.42756221081203205	0.66104589283163	0.24054508905270722	0.9163659632203476	22.470124791495575	0.0451131964707534	22.469913396233554	0.04511176906314176	42.70193041267562	1.971756091734278e-12	4.3923198411732756e-15	False	False
198	22.469857383275862	0.04371933306313561	2.7368783826955494	8.262294455280554	0.7868489214599134	4.3173382865771615	-0.2659062362018419	0.7229567890373684	0.11676792401127138	0.44483199212760977	22.47002032216769	0.04372141427334912	22.469857383272508	0.04371933306314848	33.52295620249089	-3.353761712787673e-12	1.2871648191747909e-14	False	False
200	22.469974335595303	0.03769301564630842	4.590991654097381	9.35499692302853	0.7184738633585821	6.24055914172361	-0.18187792580595713	0.6601337856538652	0.0	0.0	22.470011294927605	0.03769321794326248	22.46997433559491	0.03769301564630798	45.18311103372692	-3.943512183468556e-13	-4.371503159461554e-16	False	False
202	22.469991620772404	0.05582314873544242	5.212187730638826	8.010302531387769	0.7070182116597954	5.7407050244520255	-0.709333815303723	0.64960833287302	0.0	0.0	22.47067169103717	0.05582839088664726	22.469991620775332	0.055823148735441974	41.71289913054454	2.9274360713316128e-12	-4.440892098500626e-16	False	False
205	22.47010338558306	0.04363873058004909	5.137542328327907	8.629093592046168	0.7354920463544222	6.541775594975367	-0.5853250162663794	0.6757700921904432	0.0	0.0	22.470328133112016	0.04364005955686201	22.47010338558318	0.043638730580086944	45.700304166576736	1.2079226507921703e-13	3.785166624581393e-14	False	False
212	22.46977121809234	0.025623268288721236	3.2000493767602918	7.560996333006982	0.7087831754740316	9.30883331415641	-0.44161454520858584	0.6512299816255401	0.025978670070199963	0.10649175510301652	22.474393641503923	0.025636967214192025	22.469771218087764	0.02562326828873431	36.725342326410924	-4.575895218295045e-12	1.3072876114961218e-14	False	False
213	22.46974051112312	0.024040808226137717	3.292574226526516	8.172490101825295	0.7325997464968959	8.28692942634169	-0.576229605450975	0.6731126470813479	0.002302960420937029	0.009440294537620963	22.47072490414143	0.02404367385328814	22.46974051111687	0.024040808226358273	46.80418461746708	-6.249223361010081e-12	2.205562121826432e-13	False	False
214	22.46995849700322	0.028524742610699236	3.9359761745444226	7.122490112210218	0.6665375293763567	8.72693601788927	-0.6466564333823069	0.6124146819909965	0.09617196238034238	0.3942280739510199	22.479775648608467	0.028556271162463353	22.469958496991524	0.028524742611208277	29.647157575152544	-1.1695533430611249e-11	5.090407262375862e-13	False	False
215	22.469819752082678	0.02899321590873354	3.3789661390111396	7.855932635352175	0.6727304036331448	9.279778223445279	-0.6565651295995928	0.6181046948581335	0.01936541199186821	0.07938268994272558	22.471807965803805	0.02899966545969714	22.46981975205936	0.02899321591101433	47.53464816730143	-2.3316459873967688e-11	2.2807901400856423e-12	False	False
216	22.46988198415756	0.024962268788517497	4.985532021308689	7.1506671154812045	0.7358284801662701	9.978825651880234	-0.35554194983340776	0.676079207576769	0.0	0.0	22.4848681822543	0.02500438287615688	22.46988198414939	0.024962268788925254	25.03052678259684	-8.171241461241152e-12	4.0775716136920437e-13	False	False
217	22.470050578013453	0.04041663105532656	3.6061586891185513	6.8156968262851745	0.7059720043869122	8.751684482570575	-0.5290284964317238	0.648647077630695	0.001706814638708535	0.006996573959345636	22.49319358090946	0.040526723242743465	22.470050578032406	0.04041663105544974	22.470050578032406	1.8953727476400672e-11	1.2317924458216112e-13	False	False
218	22.46982406137586	0.035214319804296346	3.2876352871358887	8.266635895550165	0.7098353793627468	9.037425324927769	-0.5816444381855101	0.6521967465584917	0.0048045075244455655	0.01969463553373959	22.470680334579807	0.03521777820327131	22.46982406137471	0.03521431980428399	51.18367724537519	-1.1510792319313623e-12	-1.2358170042858774e-14	False	False
220	22.469666608626607	0.0406040621473902	3.8262725745122195	7.0673796861337825	0.7172905361755113	7.29667780562055	-0.59431112607288	0.6590465446380598	1.9364757223169902e-05	9.620505802610915e-05	22.47990841530429	0.040653530376690936	22.469666608854343	0.04060406214970639	25.428591120722903	2.277360522384697e-10	2.316188907336425e-12	False	False
222	22.46974212216161	0.024267424988451834	4.563893410263034	7.169059895761079	0.6497922188770691	8.371713535329315	-0.5292025461804872	0.597029090704251	0.0	0.0	22.47771471882941	0.024289452062968658	22.469742122130103	0.024267424988875935	31.86742249205068	-3.150546490360284e-11	4.2410172595985784e-13	False	False
223	22.46998152634716	0.033873472596582965	4.750510655849496	7.524247477758508	0.6944296340680739	10.331202436997488	-0.45277112995497926	0.6380419477817463	0.0	0.0	22.475651014686022	0.03389489227831983	22.46998152636092	0.03387347259651227	36.76605914087729	1.376321279167314e-11	-7.069345109300684e-14	False	False
224	22.469983849877764	0.030606970255369632	3.7745284649534994	6.757772565399098	0.6708250828400742	9.353643089511264	-0.7087164063095589	0.6163540861134602	0.0018987785734714269	0.009345473880925811	22.49560213814759	0.03069301790441198	22.46998384990007	0.03060697025498321	22.469983849900075	2.2307489189188345e-11	-3.864235320616416e-13	False	False
225	22.46982874197665	0.040896267112715615	3.621767683879396	7.711613775975773	0.6633471507595928	9.803198552446066	-0.7768745328151485	0.6094833621179139	0.05149346564490099	0.2534423154686048	22.47269851629911	0.040909067865205526	22.469828741970737	0.04089626711271665	45.31073733299318	-5.9117155615240335e-12	1.033895191682177e-15	False	False
226	22.4697485062659	0.0459369635378129	5.147276787737272	7.662972651912832	0.6583711963301291	10.181406580400777	-0.5707418102509002	0.6049114551881226	0.0	0.0	22.473279527779237	0.04595456909997992	22.469748506254046	0.04593696353753973	43.96695110972756	-1.1855405546157272e-11	-2.7317037520901977e-13	False	False
229	22.47005839839146	0.03398908218476048	3.985926617773	7.803136130287721	0.6659618809709417	10.08013779091155	-0.7593181365852057	0.6118857762361012	0.1317062326962224	0.38435424942309615	22.472493623872165	0.033998071536500724	22.470058398369677	0.033989082184763084	47.546804878158824	-2.178168756472587e-11	2.6020852139652106e-15	False	False
231	22.469919650815108	0.02263726996749315	4.501863731171193	6.67805136020773	0.6667245375956582	10.779721146243196	-0.7128627450602828	0.6125865051428907	0.0	0.0	22.50456393721543	0.02272794328616726	22.46991965083156	0.02263726996830855	22.469919650831564	1.645261704652512e-11	8.153998309889943e-13	False	False
232	22.469753247930143	0.023523160559087552	3.721471529040293	7.087762653937736	0.6686881784176558	10.362604757846858	-0.6795682259009345	0.6143906983301421	0.0009432934869677764	0.01021512036665371	22.483482956122014	0.023558323884352705	22.46975324792734	0.02352316055877034	28.179174256959215	-2.8030910925735952e-12	-3.1721153481711895e-13	False	False
234	22.469788102593267	0.024250593178005327	4.078614471325756	6.290905335782773	0.7006531889280565	9.349388713480913	-0.6756758551738535	0.6437601499870983	8.297736791048321e-05	0.0008752138029387212	22.49284285976516	0.024492762696193715	22.469788102986097	0.024250593171578762	22.469788102986097	3.92830656892329e-10	-6.42656414195919e-12	False	False
