Iteration_step	Porb	eccentricity	Wdisk	logQ	primary_mass	age	feh	secondary_mass	posterior_probability	acceptance_ratio	inital_orbital_period	initial_eccentricity	current_orbital_period	current_eccentricity	current_spin	delta_e	delta_p	bad_solution_flag	gsl_flag	
2	11.7030179926679	0.3001208055774476	5.279862405944815	9.153417617435947	1.044744701080085	2.1481420182047755	-0.19377301789183735	0.7521117103075532	0.0	0.0	11.7040626157686	0.3001688866409923	11.703017992692496	0.30012080557752646	15.59640252096863	2.4595436798335868e-11	7.888134589961737e-14	False	False
3	11.702983443760923	0.30341469471764587	4.131828491584666	8.933483364901837	1.0236489539006308	2.535996801283157	-0.31455432292955876	0.7369248819130642	4.975825508174756	0.3369928736561694	11.705566994428771	0.30352011347360924	11.702983443786172	0.3034146947187869	16.41987524546368	2.524913611523516e-11	1.1410317135585046e-12	False	False
4	11.703057911801896	0.30133712723523987	3.76864295887762	9.53638807309463	0.9358965615516609	1.716029426975688	-0.3105438115771155	0.6737519346610407	2.7781503983219147	0.18815307824629868	11.703298161097626	0.3013476354195445	11.703057911828152	0.3013371272360461	16.874203987563472	2.6256330443175102e-11	8.062439604827887e-13	False	False
5	11.703049781307584	0.3029383674363422	3.7726497043964615	8.708940896502853	0.9882315156555513	1.2140933337915754	-0.32067368529280355	0.7114278681204314	2.493596503802042	0.1688813745929521	11.703270482111149	0.3029753275962503	11.703049781299663	0.3029383674361702	11.83204628692734	-7.920775146885717e-12	-1.72029057665668e-13	False	False
6	11.703000551212831	0.3037505285767198	3.835756173578599	8.441972351073543	0.9479029996299695	0.5504906487328579	-0.45825016089683246	0.682395369433615	0.11416830689025108	0.007732165397720758	11.701722641748853	0.30373075670787875	11.703000551284237	0.30375052857894697	6.477863517963928	7.140599223021127e-11	2.2271628985492953e-12	False	False
12	11.702995095814204	0.29988179050313535	1.5080647758046628	8.519778606035734	1.0577587179789452	2.0630462289656033	-0.034744115665937714	0.7614805010730427	1.6137106042373586	0.1218966743892669	11.70838557420562	0.300112722812498	11.70299509558968	0.2998817904970632	13.795404077428708	-2.2452439907283406e-10	-6.072142788582369e-12	False	False
13	11.703006424576854	0.3008334342750587	1.1693052933380934	8.50668592188213	0.9963038409177895	1.6815234082807748	-0.03336797616744902	0.7172391350767167	7.477033111884806	0.5648010667116673	11.70633657157555	0.30098063284319754	11.703006424543599	0.3008334342731814	14.362288032097487	-3.325517639041209e-11	-1.8773316234899085e-12	False	False
14	11.702980269870071	0.3022650878457945	1.0907162888130963	7.22864838174361	0.9647685002069714	2.0551087886789063	-0.0850451750491275	0.6945368432989987	2.703483404859016	0.20421606913504156	11.763534706616419	0.3059723519100719	11.702980275026166	0.30226508797644885	9.470932757907738	5.156094218250473e-09	1.306543762069623e-10	False	False
15	11.703014615206977	0.3008377783132201	0.4791859635839596	8.861674343409526	0.9834467896943262	1.8595870616359687	-0.2676108936955971	0.7079833439009454	5.85248825691692	0.4420859933293697	11.70524793818867	0.3009261804738914	11.703014643963634	0.30083777819285457	16.578898704606836	2.875665749968448e-08	-1.2036555085970235e-10	False	False
16	11.702990464748472	0.30307876916600396	1.7130566201926545	7.934285520196586	1.0065430110003712	1.8385720884599128	-0.0850238232256979	0.7246103136191673	4.752681745231462	0.35900867085649923	11.716217374699408	0.3037310724892118	11.702990464750474	0.3030787691637951	11.702990464750478	2.0019541580040823e-12	-2.20884421864298e-12	False	False
17	11.703024547371728	0.30082468507513466	1.1226981094520592	8.652251398024436	1.006429076969951	2.030406231513199	-0.0563637690627561	0.7245282925106677	6.031227784803812	0.45558764224591547	11.70663805498024	0.3009705670268081	11.703024547342096	0.30082468507323423	15.614720541015618	-2.963140843803558e-11	-1.9004242624021117e-12	False	False
19	11.703029749362159	0.3014024199929708	2.3065661210103894	8.757039318492762	0.9176812292120208	2.84063844803443	-0.3365603065333961	0.6606387169097337	2.422769132403995	0.18479242653756653	11.706717310714952	0.3015336135844872	11.70302974933025	0.30140241999208245	20.032165192861104	-3.19086979061467e-11	-8.88344953153819e-13	False	False
22	11.703068504729005	0.3006789390582636	0.44648440477016965	7.943141499189613	1.0166242253421358	3.436646706193663	-0.04205172467108989	0.7318677798238036	0.0	0.0	11.746770595014395	0.3024550531048045	11.703068504680544	0.3006789390571578	11.703068504680548	-4.846079093567823e-11	-1.105782132526656e-12	False	False
23	11.703096816389298	0.2999567664604431	0.9202270379038481	9.440213281852522	1.1490612748423892	1.3970630899231162	0.12261179254662705	0.827209211759036	0.05180459754447061	0.01304575862745842	11.703348447025224	0.29997611542818364	11.703096816341924	0.299956766459289	12.309891292439387	-4.737366054996528e-11	-1.1541323452490815e-12	False	False
25	11.702978539956419	0.30042523831676116	0.4098872325645885	8.962091224662688	0.9612876076271265	4.994536952359419	-0.0708530602786187	0.6920309487307683	0.0	0.0	11.709468566164926	0.3006400548214464	11.702978539952845	0.30042523831702184	23.00514950153721	-3.574029960873304e-12	2.6068036618198676e-13	False	False
26	11.70297661947118	0.3023215444551587	1.6443783213454608	7.747576399057275	0.9253199635263684	5.097408959508243	-0.2608187831255117	0.6661378417426326	17.568580611932088	0.4279149899441803	11.784177419149215	0.3055183329178707	11.702976391241192	0.3023215450548468	11.70297639124119	-2.2822998779759018e-07	5.996881324854542e-10	False	False
27	11.703051970876519	0.30108480342787325	1.1866009087376996	8.295953245885867	0.9565154401085788	5.465407059398277	-0.3177466400163744	0.6885954653341658	9.03589146149894	0.2200857023849691	11.739265712209859	0.3022817099829887	11.70305197717318	0.30108480340053356	12.923324702567152	6.296660970406265e-09	-2.733968607060433e-11	False	False
28	11.703037475161977	0.30198797055057297	1.2723613009088848	8.766892846426808	0.9372833501854165	4.644432888918396	-0.05505066777890577	0.6747502837984813	1.7930843376861019	0.043673856373399635	11.710831758550796	0.3022481317062642	11.703037475167468	0.3019879705506843	21.45581659847327	5.490718990586174e-12	1.113553693699032e-13	False	False
29	11.703061142038864	0.30262988170366656	2.285071690121935	8.281977207584735	0.9825829698619273	4.506995194354507	-0.18304491024868083	0.7073614800036014	5.41116597113997	0.13179886772150592	11.7321314042238	0.3036148999639241	11.70306114202378	0.3026298817027238	13.1114519966764	-1.5084822280186927e-11	-9.427458813604517e-13	False	False
30	11.703053982231907	0.3011586328175617	1.2526205304382665	8.611456602847479	0.97026660111149	4.28416862855381	-0.08323017960876211	0.6984949261401616	3.9803460580038452	0.09694862556103558	11.71458953435919	0.30154849309602016	11.703053982216304	0.30115863281707017	18.068478889170326	-1.56035184772918e-11	-4.915512441527881e-13	False	False
32	11.702991009622268	0.30026306318827783	0.8029724790600936	9.052715061406166	0.9504943712635685	4.8388404373174065	-0.193634428806792	0.684260897872643	0.05740261229736974	0.0028378541278796772	11.707838697777534	0.3004234432102549	11.702991009629482	0.3002630631885459	24.0792398549894	7.213785124804417e-12	2.6806334929574405e-13	False	False
33	11.70299807647518	0.3006486386062405	0.23304450433714974	8.696553697230714	0.9612876076271265	4.994536952359419	-0.0708530602786187	0.6920309487307683	0.0	0.0	11.715476904715677	0.3010575323260546	11.702998076322192	0.30064863860222857	19.50556190673041	-1.5298873279334657e-10	-4.011957432936697e-12	False	False
34	11.70305566585529	0.2998039225251787	0.5529384250521092	8.028821711712453	0.9812760636847521	6.046348087000572	-0.06012678942203194	0.706420638246653	1.2577669029183405	0.06218112476948723	11.77764258774707	0.3024250475573919	11.703055665611375	0.2998039225194407	11.703055665611373	-2.439151103317272e-10	-5.7379656581701965e-12	False	False
35	11.703000948828901	0.3003488637251927	0.6880078698175696	8.137546345486026	0.9980328991465444	4.407000636428874	-0.19677880209904908	0.7184838840955973	4.466393330664078	0.22080829151986345	11.746335503971412	0.30184776852363865	11.703000948332988	0.30034886370951136	11.703000948332988	-4.959126442827255e-10	-1.5681345111318024e-11	False	False
37	11.703071706992246	0.3003923406286365	1.8766564809532573	8.43858888276503	0.9124873959935086	5.584484981100425	-0.2907939977990982	0.6568996763757268	1.4751931101268254	0.03827892558703499	11.723676749731968	0.3010678609086479	11.703071704726446	0.3003923406350106	16.950127144910272	-2.2657999920738803e-09	6.37406794012918e-12	False	False
38	11.702961701624641	0.2994967588973277	2.7567259232200723	8.769619498134663	0.9124873959935086	5.584484981100425	-0.2907939977990982	0.6568996763757268	0.07116185708341247	0.0018465375232785467	11.712454738910882	0.2998079903049245	11.702961701480566	0.2994967588933162	21.855219982521376	-1.4407497417323611e-10	-4.011513343726847e-12	False	False
41	11.703061322241624	0.3016165040633097	2.2194351369578538	9.222130080306734	0.9186225610599041	4.534897039150745	-0.23849265145786686	0.661316381707025	0.0026238205480848056	0.0002635503551622497	11.705601560011937	0.30170050839567353	11.703061322222275	0.3016165040627121	26.621531902788437	-1.9348078694747528e-11	-5.975775430044905e-13	False	False
43	11.703002854377953	0.302004496591996	1.8613857490372951	7.488554849113923	0.8709093320587428	4.818795594999231	-0.22722917889643812	0.6269676281490889	20.274984363875557	0.43092927849787116	11.802563148752004	0.30612756992982154	11.703002854537594	0.30200449659799317	11.7030028545376	1.596411891569005e-10	5.997147223268939e-12	False	False
44	11.703012323836967	0.303158499054722	2.505183830514414	8.52459919616606	0.874415127828994	4.5573166253066075	-0.40417995335324225	0.6294914505240927	3.0056125687381243	0.06388199529259093	11.713888814113322	0.303519250921449	11.703012323794416	0.3031584990536384	20.232781270698055	-4.25508517309936e-11	-1.0835776720341528e-12	False	False
45	11.702981994087764	0.30274085259827543	2.372252652984283	8.503596137795537	0.8352502673615843	4.97877237174594	-0.6413598611951965	0.6012966674736044	3.2729258231108838	0.06956353396963245	11.713849542637115	0.3030974324972204	11.702981994123368	0.30274085260021744	21.494178617915075	3.560352013209922e-11	1.942002114674324e-12	False	False
49	11.703054692493458	0.3042841553751384	1.8368539996397473	8.481144687898729	0.8783998118191255	4.268741382564298	-0.4554307739353509	0.6323600245285884	0.23847055215844443	0.04885483800041535	11.714473975934123	0.3046647600835867	11.703054692146793	0.30428415536625186	19.38637305938567	-3.466649189931559e-10	-8.88655815600714e-12	False	False
50	11.702948117724354	0.30313350005343015	1.8289455211707382	8.720270355267134	0.8269699463429633	3.767928613134294	-0.8113424936150312	0.5953356643722992	0.07387633713656283	0.01513485187249792	11.707174394912279	0.3032745345312052	11.702948117688655	0.30313350005277373	24.602636240788478	-3.5699443401426834e-11	-6.564193633096238e-13	False	False
52	11.703039726627502	0.30230113295652805	3.365743956697389	7.212207121873161	0.9888136971661585	4.915890358973425	-0.24190283927153924	0.7118469805899175	1.2633987564767275	0.11112881400110673	11.977219317695619	0.3169763096371297	11.707221324653425	0.30239605271681247	7.804814216435617	0.0041815980259229946	9.491976028441762e-05	False	False
53	11.703027932796381	0.30419763926892995	2.452909240948118	7.649788517662569	0.9565154401085788	5.465407059398277	-0.3177466400163744	0.6885954653341658	nan	0.11112881400110673	nan	nan	11.703027932796381	0.30419763926892995	nan	nan	nan	False	True
54	11.703021254217832	0.30381957773409335	3.333779174542151	7.45254106172566	0.8712208724915385	4.404197430999256	-0.29134553942060654	0.6271919061066585	2.7154287507917627	0.23884967040930757	11.703021254217832	0.30381957773409335	11.608786543254972	0.29973425700249756	11.608786543254972	-0.09423471096286029	-0.004085320731595787	False	False
55	11.70300039021572	0.30417565758767806	3.823517693205654	8.193971480659265	0.9421906433036795	4.792719940924604	-0.2216432699959911	0.6782830441143188	2.8524601846203232	0.2509029834620338	11.735738596319125	0.305274021779084	11.70300039019714	0.30417565758486315	13.374150192064185	-1.858069254012662e-11	-2.814914967785853e-12	False	False
57	11.703010756605746	0.30114888244125804	1.7787385729307688	6.906142588675828	1.0283712979894293	3.52571804314006	-0.24220843130094913	0.7403244974225901	nan	0.8163252908219534	11.703010756605746	0.30114888244125804	11.428906037351098	0.28095410382793484	nan	-0.2741047192546482	-0.020194778613323194	True	False
58	11.703007451034368	0.303211519185069	1.8515523703403445	7.0239249692118575	0.9975380414006683	4.15660611774365	-0.0683387198487881	0.718127636004341	0.9463542492813747	0.10197100958826492	11.992044042821671	0.31971126092456287	11.702995668828061	0.30321085898411115	7.801997112552042	-1.1782206307486831e-05	-6.602009578471346e-07	False	False
61	11.70302785023154	0.3010207186941137	2.550634532329674	8.211757720422447	1.0233071163990284	2.950445794156941	-0.16193843148388087	0.7366787930956605	5.8205204402040485	0.3648243877827758	11.722416441471456	0.30174507129622563	11.703027850128715	0.3010207186879492	12.112368752722524	-1.028261920055229e-10	-6.1644578330799504e-12	False	False
62	11.703042970736766	0.3010501819581681	1.4897354478931413	8.130380318447076	1.101764490958981	2.4912875599885185	-0.13609604589744623	0.7931602570413704	3.1651423797414315	0.19838795221102346	11.720488487172299	0.30200124370595827	11.703042970776128	0.30105018196113426	11.703042970776131	3.936229120427015e-11	2.9661828548910307e-12	False	False
63	11.703048791291097	0.30145833459329197	1.4077457200547754	8.132740341708478	1.0778442907003725	2.27855440948166	-0.131799515585951	0.7759401048751982	3.3432014016759983	0.20954851325257198	11.717998444509401	0.3022129421075644	11.703048791553986	0.3014583346025326	11.70304879155399	2.6288837773336127e-10	9.240608278560103e-12	False	False
64	11.702927805873315	0.30240697042169357	1.7045913168772837	8.423462487101189	0.926002889655618	3.225983547975528	-0.21453464901688193	0.6666294802630793	1.8591572734784247	0.11653011462749596	11.712980927678554	0.3027576528760037	11.70292780593247	0.30240697042447023	17.2581597018579	5.915445910886774e-11	2.7766677845875165e-12	False	False
65	11.70292836492277	0.3030567363386943	1.8112007309311546	8.079703458076358	1.0272626251678172	3.0037749163862655	-0.0778860176679084	0.7395263638583116	1.0001262841583325	0.06268691315011257	11.70292836492277	0.3030567363386943	11.676433790812387	0.3020168901292581	11.676433790812391	-0.02649457411038192	-0.0010398462094362015	False	False
66	11.703008952696825	0.30264072484455107	2.552100550338312	7.969100176921657	0.9782383284807558	2.1916125899944143	-0.2434549701555123	0.704233772673296	7.300130630657335	0.457564871633796	11.719678352671075	0.30334187586030764	11.703008952816123	0.3026407248515374	11.703008952816122	1.1929834897728142e-10	6.986355938209954e-12	False	False
67	11.702965687126442	0.30251980123164973	1.9276086325441981	9.348113569758505	1.0111271058386864	3.00512571032235	-0.16864727470862695	0.7279104034932703	1.4830195720399844	0.09295418047194322	11.704426849094457	0.30257258445073915	11.70296568714262	0.3025198012322782	20.676825624723577	1.617905809325748e-11	6.284417430890699e-13	False	False
70	11.703005432451054	0.30529702676682974	2.32173287521274	8.96936709473148	1.1774901475790789	2.3016758661253274	-0.15770001543616152	0.8476751572421789	nan	0.45005972048282594	nan	nan	11.703005432451054	0.30529702676682974	nan	nan	nan	False	True
71	11.702952131918279	0.3040604616032692	1.4457507370202713	7.671498820323053	0.9242964567192001	3.3152150784709007	-0.324079070437706	0.6654010191921521	0.6467415055417097	0.05900194246587991	11.754252713921007	0.30623770988815163	11.702953587666283	0.30406057499948275	11.702953587666283	1.455748003920121e-06	1.1339621353023688e-07	False	False
72	11.702999083536092	0.30071940239787304	1.3205159858318276	8.779656245005343	0.9844410243659925	3.071101999802501	-0.12765616063274798	0.708699093441078	3.6228243373957234	0.3305086673538483	11.70805974715267	0.3008992823975352	11.702999083475946	0.30071940239548434	18.679725469087	-6.014566622525308e-11	-2.3887003486322556e-12	False	False
75	11.703030731961407	0.3008981583579307	2.449482442818666	9.210552775550951	0.9838445418869671	3.607936608742643	-0.13569759137112564	0.7082696857044276	0.32542433077836314	0.1326641406243208	11.705371142450115	0.3009793946554292	11.703030731966916	0.30089815835820105	22.429274021371473	5.508482558980177e-12	2.703393064962256e-13	False	False
79	11.70301813118291	0.30298559154274324	1.2828218310154376	8.650384664711401	1.0853541777939353	2.993555546992538	-0.12292907111334565	0.781346472593854	10.266378445372942	0.7588445616996453	11.712742493816487	0.30335168124713857	11.703018131237663	0.3029855915440657	14.178801942945272	5.475264686083392e-11	1.3224421557822552e-12	False	False
80	11.703060017022853	0.302901572893111	1.2797789928074266	8.737683784909303	1.0648194667218567	2.712668006478334	-0.018941184668097993	0.7665635340930647	3.253544679593375	0.24048740259219617	11.709036426425605	0.30312745502872285	11.703060016939533	0.30290157289092184	15.724910292639462	-8.332001755206875e-11	-2.1891377599558837e-12	False	False
81	11.703053658528031	0.3042188419276016	1.5500172163543504	9.154265902904577	1.0210896712549338	3.761563000464405	0.011269899199452427	0.7350824543364268	0.07738376642280372	0.005719860282400396	11.706327647733724	0.3043321687776269	11.703053658638652	0.30421884193004023	21.321292925603	1.106208458168112e-10	2.4386048735891563e-12	False	False
82	11.703055484817353	0.3028741159178227	2.0776915731536927	8.939192150797181	0.9640705679437802	3.9502688560622445	-0.2737861246830543	0.6940344018627274	0.47683119722479683	0.035245219410925746	11.708013526842805	0.30304310257460476	11.703055485254973	0.30287411593019403	21.33974402807859	4.376197182409669e-10	1.2371326185700582e-11	False	False
83	11.70303178486377	0.3028017120529747	0.588138582448707	8.864595706907167	0.9333887497467461	2.944171047709673	-0.1498878758136858	0.6719465609426826	1.205799394431021	0.08912727285804499	11.70657616302588	0.3029262569017913	11.70303178486355	0.30280171205298967	20.78787850315096	-2.2026824808563106e-13	1.4988010832439613e-14	False	False
85	11.703007677711058	0.3035600794833807	0.6113725312944984	9.144531142806875	0.9963247390757648	3.397282709144349	-0.09962876547800764	0.7172541796606431	0.49679147618360436	0.08553649417322909	11.705901264774543	0.303660706993616	11.70300767771584	0.30356007948361735	21.510333351444164	4.781952611665474e-12	2.366440376988521e-13	False	False
86	11.703078408687931	0.30392394162321035	0.8863088143471802	8.30936597995878	1.0147903892624248	5.1142960223130185	-0.02597922166924596	0.7305476012300196	0.5811079548036924	0.10005392518391915	11.740634474201903	0.3051816817208302	11.703078408178147	0.30392394161006275	12.437234079260413	-5.097842148416021e-10	-1.3147594124518491e-11	False	False
87	11.702976414509331	0.3022369594323581	1.423549065848055	9.500872720574776	0.9927392015207144	3.9190305646676444	-0.02945594252280112	0.7146729511747623	0.1293414321311935	0.022269731237816403	11.704383645136321	0.30228498344290516	11.702976414505732	0.3022369594322353	24.3736392746896	-3.5988989566249074e-12	-1.2284617767477357e-13	False	False
88	11.7030918821918	0.30393078229379655	0.348468413487824	9.161352114115187	0.9566051707868265	4.73736781244229	-0.004347712337599008	0.6886600624494363	0.0	0.0	11.706866782080375	0.30405524556061553	11.70309188219211	0.3039307822938318	25.19708664967499	3.1086244689504383e-13	3.524958103184872e-14	False	False
91	11.702997217398268	0.30177505709060215	1.1723226766096135	9.368287505104872	0.8671948035253145	4.184878813257977	-0.4275163605323521	0.6242935390578739	0.00023676710320674535	7.040999015699238e-06	11.704363057718693	0.3018200795087899	11.702997217394724	0.3017750570904681	29.23176923828903	-3.5438318946034997e-12	-1.3405943022348765e-13	False	False
92	11.702992964719487	0.3021143596586826	0.9001142219627662	9.298273201514565	0.8311558691207092	5.731626560653771	-0.5518718763995922	0.5983491101799985	1.0011083349878921e-07	2.9771039581892535e-09	11.705133443673548	0.30218295600742995	11.702992964688569	0.30211435965789285	33.78184091049578	-3.091749078976136e-11	-7.897571485671051e-13	False	False
93	11.702952952531254	0.3003344594589608	0.22156110160726494	7.684634907131503	0.9640705679437802	3.9502688560622445	-0.2737861246830543	0.6940344018627274	0.0	0.0	11.78338755645789	0.30384887889880163	11.70295398077997	0.30033452145056355	11.702953980779975	1.0282487163948417e-06	6.199160274000803e-08	False	False
94	11.702948328797891	0.30055767199796907	0.648837905059082	8.36006768872584	0.8507223230056558	5.531900977982865	-0.5975544548913173	0.6124350003317716	4.560253502615494	0.13561318269463007	11.722482963871427	0.3011949436042757	11.702948328769539	0.3005576719970244	18.1767159288001	-2.8352431513667398e-11	-9.446887716535457e-13	False	False
95	11.702986053211257	0.303709365188001	0.9575519142513498	7.644569242204432	0.9731574704303627	4.386186600393966	-0.35562648851416623	0.7005760629628182	nan	0.13561318269463007	nan	nan	11.702986053211257	0.303709365188001	nan	nan	nan	False	True
97	11.702951536737322	0.3004743328440386	0.8613388946752865	9.519212400691147	0.8789844926777753	5.41753599537718	-0.19004925839123135	0.6327809362787304	1.6765387019962272e-07	3.991848980084315e-08	11.704337334964372	0.3005192462782723	11.702951536738496	0.3004743328440761	32.37017581185119	1.1741718708435656e-12	3.7470027081099033e-14	False	False
98	11.702881894816473	0.30188928370994544	1.9103802627700255	8.946193738848724	0.9348147902048372	4.0714183290963595	-0.21182193123946416	0.6729731674684623	0.003531670735560605	0.000840892978310318	11.707266931072468	0.3020373670826582	11.70288189483056	0.3018892837105878	22.89806158704078	1.4086509736443986e-11	6.423750420481156e-13	False	False
99	11.702917141836359	0.30157012299917	0.2336660586436129	8.073278748057353	0.9256591233300164	3.261653875534688	-0.3851593443499789	0.6663820028852788	0.0	0.0	11.731074482790287	0.30252190811495455	11.70291714177656	0.3015701229970851	13.202555571495074	-5.979927664157003e-11	-2.0849433290948127e-12	False	False
100	11.702882543300523	0.30291057774283076	1.7935160494975697	8.165085386701346	0.9331216289973557	3.1364907465536356	-0.224119943407453	0.6717542607151964	0.0752338450698089	0.017913224869318515	11.72086191072917	0.30354399282981476	11.702882543195036	0.30291057773875996	14.230229695037965	-1.0548717455094447e-10	-4.07079925324183e-12	False	False
103	11.702936678598908	0.3024223734101257	1.3924117075004683	9.425375275320738	0.9372833501854165	4.644432888918396	-0.05505066777890577	0.6747502837984813	0.0008564984298896777	0.00028867162839089086	11.704652699698926	0.3024791297028257	11.702936678595162	0.302422373410179	27.504265895779714	-3.746336574295128e-12	5.334621633323877e-14	False	False
104	11.70294586426586	0.3042415568202111	1.8610044736490337	8.775659189977752	0.976021453799917	4.71112398812376	-0.00829260578138663	0.7026378445905602	0.24687890395422726	0.08320731566198522	11.712044174440088	0.3045464170667873	11.70294586428356	0.30424155682066906	19.987080905329805	1.7699619547784096e-11	4.579669976578771e-13	False	False
105	11.702987671506305	0.30219110560682433	1.5996604005165165	8.765543854033782	0.8984955405334422	4.12996710992027	-0.3496572134482701	0.646826939630025	0.9867608337013488	0.3325748731770726	11.709017290091579	0.3023930861648462	11.702987671717231	0.30219110561219675	22.37419129911621	2.1092638746722514e-10	5.372424727312364e-12	False	False
106	11.702891454081954	0.3029814014726592	2.038410845691076	9.103804921253635	0.9743603990845006	3.8043167489409058	-0.3215692299969051	0.701442051300932	0.00906892683514073	0.0030565635451253893	11.706287579174472	0.30309812191027635	11.702891454078696	0.3029814014725042	22.119853620796412	-3.2578384434600594e-12	-1.5498713423767185e-13	False	False
107	11.702954046821564	0.30308903101555984	0.6354599373675761	9.246618745675846	1.0425155473558172	3.566726124229413	0.11466185522673916	0.7505069425414528	0.9370438970103988	0.3158184278966861	11.705592271405566	0.30318143067208114	11.702954046799922	0.3030890310151245	21.079817510179417	-2.164135537441325e-11	-4.353184479555239e-13	False	False
108	11.70297362215695	0.3026841810232356	0.9586082289682967	9.539740987850553	0.9790207240436796	4.70652302491057	-0.2963811230468859	0.7047970192390449	0.005853688208180837	0.0019729092876046186	11.704831172711703	0.30274558648369254	11.702973622151724	0.30268418102313577	26.80378709482472	-5.226041821515537e-12	-9.980904991380157e-14	False	False
109	11.702928158182694	0.30310454101314427	1.6064710922634093	9.74396399751337	0.9944707877145365	5.005944706934819	-0.13376525069743928	0.7159195200756948	0.00015120504205535156	5.096168794688121e-05	11.70418790108297	0.30314601514780515	11.702928158188513	0.3031045410135243	28.078915767285107	5.8193450058752205e-12	3.800293413291911e-13	False	False
111	11.702866882028045	0.30149718504874534	1.7695159919425403	7.961986715398499	1.0210445624778322	4.452524005690563	0.02312473945677762	0.7350499805277914	0.02917617159093728	0.0042937263065324395	11.757846744677519	0.3037212338095613	11.70286688251036	0.3014971850602105	11.702866882510362	4.823146326771166e-10	1.1465162153001529e-11	False	False
114	11.702862611839436	0.3023842747587278	0.7060061675857688	8.140318955083366	0.89931556021392	4.66773931402367	-0.37310610458516225	0.647417271798001	0.02769016116124011	0.0030640137414690155	11.734545001750805	0.3034410206222202	11.702862611795002	0.3023842747566002	14.127259937588839	-4.4433789980757865e-11	-2.12763140439165e-12	False	False
115	11.702945708712205	0.3002582274015741	0.4216948220942872	8.408699897868612	0.89931556021392	4.66773931402367	-0.37310610458516225	0.647417271798001	0.0	0.0	11.72035553289549	0.3008335767989195	11.702945708703313	0.30025822740190367	17.526976473641504	-8.892442338037654e-12	3.295697048599777e-13	False	False
116	11.702938045019248	0.3012725293748413	0.7313029234489786	8.171010675681377	0.9634387704688138	3.8292142651180763	-0.16695390172277344	0.693579570860499	3.873658995167341	0.42863399464686386	11.702938045019248	0.3012725293748413	11.675110637873281	0.3003137141622396	13.13753342557158	-0.027827407145966987	-0.0009588152126016602	False	False
118	11.7029163313994	0.3035058570693897	0.5022296104731195	8.18179246646926	0.9929925715359299	4.921682451517611	-0.30209785172550035	0.7148553522487159	0.5065151201516195	0.016133655427683594	11.752735815311388	0.30522541330027697	11.702916331362033	0.30350585706743144	11.702916331362035	-3.736744247362367e-11	-1.9582668819850824e-12	False	False
119	11.70304513128441	0.30177581816133237	0.10338919431087445	8.145010739818034	0.991305331452392	4.8386898136336285	-0.12390089570921631	0.713640708112577	0.0	0.0	11.75649907824455	0.30348391210739906	11.703045131336662	0.3017758181611503	11.703045131336662	5.225153643095837e-11	-1.8207657603852567e-13	False	False
121	11.702982056191487	0.30042597205107485	0.885829748558362	7.976910222444813	0.9812760636847521	6.046348087000572	-0.06012678942203194	0.706420638246653	11.38951900214095	0.32771920752561445	11.782863948879683	0.3033566363614068	11.702982055680877	0.3004259720554821	11.702982055680875	-5.106102207719232e-10	4.407252340854484e-12	False	False
123	11.70292825278915	0.30013639495955796	2.374141878206802	8.594626101650757	0.8466786512900017	5.705756662003178	-0.5267230665642768	0.6095239610636722	0.075010655376386	0.005508053734616501	11.714058130145478	0.30049866536111947	11.702928252788714	0.3001363949592884	22.15923080258082	-4.3520742565306136e-13	-2.69562150378988e-13	False	False
124	11.70298593750005	0.29979616354166005	1.1953772522627544	7.874296157950111	0.9441948877480018	4.784613915837536	-0.1024028207491561	0.6797258996897865	1.8060476479269056	0.13261859188062494	11.765232313634936	0.30200801211738915	11.702985937413589	0.29979616353764293	11.702985937413594	-8.646061644412839e-11	-4.017119970001204e-12	False	False
125	11.702917212461559	0.3010359516130799	2.2606218631201083	7.26294445124646	0.8773046812842576	5.7382059526951545	-0.40381737278079266	0.6315716400565371	0.7831220840783957	0.057504877116786056	11.899224785120635	0.31052808438800117	11.702917212663536	0.301035951619946	10.090426592493484	2.0197710171032668e-10	6.866118784643049e-12	False	False
126	11.703078597139823	0.3005721570138656	1.197950585843663	7.3767304812534995	1.0044247171668925	4.982036289263801	-0.2308176737555636	0.7230853538884459	0.10104310991641198	0.007419624267241979	11.920042814754591	0.3118908308826902	11.703078594402122	0.3005721569389634	7.965822076424285	-2.7377016209584326e-09	-7.490219555705835e-11	False	False
127	11.702991092527885	0.3034469504824197	1.8848696218200827	7.383488479291628	0.9549991490219659	4.465051844437519	-0.18896247312751518	0.6875038873809133	2.4501056969625865	0.17991195739650048	11.844461667764413	0.31057868598085786	11.702991092677408	0.30344695049013803	9.69323250022712	1.4952306059967668e-10	7.71832597834532e-12	False	False
129	11.702952025800025	0.3002186442268466	0.35524709881454286	8.322394516105245	0.9010994588953484	6.5060364031564335	-0.3280603182692132	0.6487015004587613	nan	2.7534007126345386	nan	nan	11.702952025800025	0.3002186442268466	nan	nan	nan	False	True
130	11.702941250305635	0.301618062423524	0.24870150433134697	7.3940771426984355	0.9380826584642361	6.468200221584369	-0.3017295532134312	0.6753257058284036	0.0	0.0	11.960467002878016	0.31378396449516227	11.701872351942821	0.3015724680640767	8.886022757759008	-0.0010688983628135418	-4.55943594472874e-05	False	False
131	11.702999078712242	0.3000059378063356	1.4440301223723788	7.630787138177274	0.9228451858139214	7.2375585796480575	-0.173898879845492	0.664356249267442	nan	0.0	nan	nan	11.702999078712242	0.3000059378063356	nan	nan	nan	False	True
132	11.702991091974495	0.2989105206107636	0.5574853973468712	7.412531859591329	0.8897885385783298	6.239515902676365	-0.22993583275316098	0.6405587689225396	nan	0.0	nan	nan	11.702991091974495	0.2989105206107636	nan	nan	nan	False	True
134	11.702981621222012	0.3007755368323505	1.2532583921862084	7.254609987415043	0.9138364722955358	6.3250700893635585	-0.33793940049241067	0.6578708764055562	3.734247901425471	0.0945207003212822	11.973446446444683	0.31424107033480114	11.70030010483341	0.30066394963778387	8.736511887644403	-0.0026815163886020343	-0.00011158719456660915	False	False
135	11.702898705589272	0.3008934834733785	1.9389205162443115	7.881447628684155	0.8628301231118617	7.70731741783985	-0.435227069968605	0.6211514056282292	0.9308583344365792	0.023561740943139096	11.799519258969315	0.30406064326009147	11.70289896430359	0.3008934905834734	11.70289896430359	2.5871431752477747e-07	7.11009490172998e-09	False	False
136	11.70297080688017	0.2996841110001061	2.4776391777340896	7.6748512911266245	0.9464076019146371	6.723837819031353	-0.13255316773740086	0.6813188326183472	nan	0.023561740943139096	nan	nan	11.70297080688017	0.2996841110001061	nan	nan	nan	False	True
137	11.703040792831152	0.2997092271783429	1.1205669128964901	8.663804972484193	0.8968844389791171	6.855294442755747	-0.20632984334753834	0.6456671076210664	0.46758214065221204	0.01183536619925538	11.717978591430432	0.3001924941280383	11.703040792840543	0.2997092271789991	20.78038323734001	9.391598609909124e-12	6.561973187046988e-13	False	False
140	11.702990222069895	0.30053667320594674	0.18437726014131595	8.255725790056069	0.8766722701426123	8.291883791628628	-0.23626067363065012	0.6311163672756666	0.0	0.0	11.751990537760822	0.30210152569841653	11.702990222029731	0.30053667320487604	14.805402417493797	-4.016342813883966e-11	-1.070699084948501e-12	False	False
141	11.703036412865652	0.30147862647704615	0.6266145846083567	8.346738390430096	0.8968844389791171	6.855294442755747	-0.20632984334753834	0.6456671076210664	44.64611293331153	0.3736532609277697	11.73496855454645	0.30251380905118036	11.70303641285763	0.30147862647692636	16.01763211488904	-8.022027486731531e-12	-1.197930643570544e-13	False	False
142	11.703019053962452	0.30447519066553935	1.1354677270300582	7.952606217222486	0.8772422846292903	8.906771273190227	-0.1821857894368195	0.6315267207046261	6.419367131204185	0.053725112984636114	11.807102014148775	0.30782950821143057	11.703019054041693	0.3044751906681163	11.703019054041697	7.924150224880577e-11	2.576938662457451e-12	False	False
143	11.703017874843159	0.3006828230992404	0.47846134151312386	8.011555766259113	0.8748898770101929	8.264443574451896	-0.2978065698219733	0.6298332224596379	38.53537281602834	0.3225111161476497	11.78755199796727	0.30340294035951215	11.703017874720636	0.3006828230946729	11.92002357922171	-1.2252243664079288e-10	-4.567457523307894e-12	False	False
145	11.702997740921765	0.3008964038947201	0.13359038992708172	7.818106935442327	0.8318262485059631	8.183192923039762	-0.5605740672925354	0.5988317162994429	0.0	0.0	11.816040674073456	0.30451107775362396	11.702997740913979	0.3008964038947393	11.702997740913982	-7.785772027091298e-12	1.9206858326015208e-14	False	False
146	11.702963192515067	0.30006220359287183	1.4077061993956599	8.86685311828153	0.8748898770101929	8.264443574451896	-0.2978065698219733	0.6298332224596379	0.13507305928106883	0.005844392626909303	11.714518735161029	0.3004265569978363	11.702963192486965	0.3000622035915774	23.921110139196898	-2.8101965199311962e-11	-1.29440902441047e-12	False	False
147	11.703015921159814	0.3017879025070021	0.7981122680697762	9.442480393073705	0.8250253486612159	7.929264793049549	-0.3709936330324898	0.5939357485012093	1.446075474433292e-12	6.256934495831632e-14	11.705296063289113	0.30185987621308674	11.703015921161159	0.3017879025070106	38.68363206686597	1.3447021274259896e-12	8.493206138382448e-15	False	False
148	11.70302629795763	0.2995538123676517	0.6320461341352275	7.266571025437549	0.9228451858139214	7.2375585796480575	-0.173898879845492	0.664356249267442	0.7508116355712772	0.032486404102239005	11.954085363190758	0.3075642652151332	11.655071108415171	0.29220415471733363	9.137943263959977	-0.04795518954245814	-0.007349657650318087	False	False
149	11.702981832570842	0.2994092461494128	0.432172531491816	8.467252300131348	0.8748898770101929	8.264443574451896	-0.2978065698219733	0.6298332224596379	0.0	0.0	11.732509395368023	0.30035449265852715	11.702981832529854	0.2994092461486554	17.324109791156047	-4.098765771232138e-11	-7.573941473992818e-13	False	False
150	11.702874618000315	0.3016185117153118	0.6433509928094643	8.707259659822151	0.8533197398670054	8.201905649318306	-0.442166427539348	0.6143048807302571	0.03109901319645692	0.0013456039597897949	11.718676542527827	0.30212104511721305	11.702874618012604	0.30161851171561627	21.643361135061724	1.2288836614970933e-11	3.044786645034492e-13	False	False
151	11.70293009900485	0.30075868698617586	0.26915515565200887	7.828657299315526	0.864357448170343	7.813336979911673	-0.3735372347533378	0.6222509269378299	0.0	0.0	11.81679438221241	0.3045236123470865	11.702930099101676	0.30075868698993014	11.702930099101678	9.682565860202885e-11	3.754274668921198e-12	False	False
153	11.703052567131353	0.2999035236923541	1.914689536484921	7.697724547198176	0.8968844389791171	6.855294442755747	-0.20632984334753834	0.6456671076210664	2.1653359822883225	0.1978211644950217	11.8219007411389	0.30441753254900916	11.703054224437361	0.29990171607963706	11.703054224437363	1.657306007984971e-06	-1.8076127170640888e-06	False	False
154	11.70296197951858	0.3007484380434012	1.3223128488542315	7.540350685076092	0.9101695627394305	6.23726934258554	-0.31305136853798804	0.655231068216116	nan	0.1978211644950217	nan	nan	11.70296197951858	0.3007484380434012	nan	nan	nan	False	True
155	11.70301675417176	0.30083444592582725	0.15281574534072084	7.527838131687845	0.8662957078626666	5.653347854176665	-0.6516118188627273	0.6236462800903337	0.0	0.0	11.833970588095784	0.3061271388312076	11.703202345683321	0.3008461306401484	11.703202345683325	0.00018559151156161136	1.1684714321169576e-05	False	False
156	11.703055464696625	0.3003389485298588	1.5919978285954246	7.5853107960834425	0.9101695627394305	6.23726934258554	-0.31305136853798804	0.655231068216116	3.1006831194628632	0.2832727809630636	11.832027704008853	0.3012883912788946	11.702985907773279	0.2956269483140614	11.702985907773279	-6.955692334642549e-05	-0.0047120002157974294	False	False
157	11.703052670281428	0.2993612527023302	0.4678566494617603	8.189335526393236	0.9101695627394305	6.23726934258554	-0.31305136853798804	0.655231068216116	0.6444071446751726	0.05887186691177447	11.74773438285578	0.30081986116970694	11.703052670258105	0.29936125270145486	13.403076035106128	-2.332356530132529e-11	-8.753553437657047e-13	False	False
158	11.702970205554465	0.3001996254273063	1.2976508322985263	8.438856295991982	0.8237163623633436	7.836930667056004	-0.36636549678631414	0.592993409265371	3.6048777776455676	0.32933508964389313	11.724816060858632	0.3008994438542698	11.702970205510725	0.3001996254258728	20.18730761668756	-4.373923445655237e-11	-1.4335199693960021e-12	False	False
161	11.702916810726359	0.300538356131164	2.10364717996341	7.470932559345703	0.9790207240436796	4.70652302491057	-0.2963811230468859	0.7047970192390449	0.16580273102256018	0.01983451871371103	11.846671260171613	0.30780843827501014	11.702916811175252	0.30053835615313385	9.3314180768809	4.488924787438009e-10	2.1969870367399835e-11	False	False
164	11.702974558495368	0.3020952175771538	1.3318755157784457	8.576042427176748	0.8477278671538356	5.69879414959355	-0.5557585680216541	0.6102792915640463	3.548672416779305	0.3920133910715799	11.714985864285635	0.3024857809422442	11.702974558524607	0.30209521757650976	21.657053849254858	2.923883357652812e-11	-6.440403765850533e-13	False	False
165	11.702972968428627	0.3015292492677646	1.9310694367820376	8.593453225925867	0.8726869143703853	5.81724029418176	-0.41556147253764	0.6282473096552403	5.091145986624058	0.5624067730851027	11.716052653337824	0.3019551004380008	11.702972968511656	0.301529249270981	20.754820661972516	8.302869503040711e-11	3.216427124641541e-12	False	False
168	11.702996549145665	0.3053945408716925	1.6011578446586268	8.567107120764948	0.9635985849656848	2.6667864360241884	-0.23529276957308484	0.6936946213167965	0.041206758900421095	0.0046707482826113395	11.709383202254825	0.30562739327084987	11.702996549161039	0.30539454087193285	16.930657275648503	1.5374368445009168e-11	2.403632848313464e-13	False	False
169	11.703034976981636	0.3037210576347339	2.1780708557490973	8.68806605387982	0.9191698177177671	3.2845759914875248	-0.3082030568311096	0.6617103517750205	0.6255781198522045	0.07090870543834632	11.708588417079836	0.30391348494878667	11.703034976950153	0.30372105763363616	20.0502975665281	-3.148237226469064e-11	-1.0977330155981235e-12	False	False
170	11.702991585411716	0.30443827504888327	2.7111966650613306	8.167202429283462	0.9469499516488601	4.415100711313446	-0.315418283592478	0.6817092701920143	1.1931232124484394	0.1352394205269642	11.735709278853944	0.3055448852085575	11.702991585354782	0.30443827504641724	12.814144596791682	-5.693401305961743e-11	-2.4660273822973977e-12	False	False
172	11.702911741915226	0.30300844871193555	2.466420186310802	8.439210215610998	0.9565154401085788	5.465407059398277	-0.3177466400163744	0.6885954653341658	1.5008717517070564	0.09137451201007443	11.728808216985401	0.30386585647283204	11.70291174182055	0.3030084487076664	14.493072070706294	-9.467626682635455e-11	-4.2691405965911144e-12	False	False
175	11.703001165609374	0.3039307925858537	1.7670348368863347	9.590756204840396	0.9458568550347054	4.327974403559474	-0.3243452714955985	0.6809223499394844	0.0004935099711588938	2.1045702655059394e-05	11.70421315199894	0.3039711121560803	11.703001165589896	0.3039307925856836	27.50627636978154	-1.9477752744023746e-11	-1.7008616737257398e-13	False	False
176	11.70299371830936	0.3032373719669818	3.29071515189235	8.341141226535282	1.0479764279843142	4.432528610845763	-0.029513721973447156	0.7544382305059077	10.853954776666095	0.462866240219551	11.733969737511634	0.30430310866648425	11.702993679471406	0.3032373721111967	12.031440462642001	-3.883795329784334e-08	1.4421491778549012e-10	False	False
177	11.702958491128657	0.304132292421314	1.817017655686473	9.173227629092437	0.9441948877480018	4.784613915837536	-0.1024028207491561	0.6797258996897865	0.002938730021946676	0.0001253219627561953	11.706338279764942	0.30424396302088297	11.702958491199045	0.30413229242313516	25.550595261693296	7.038813976123492e-11	1.8211543384438755e-12	False	False
178	11.702979129969421	0.303389462309912	3.0616277877846065	9.43075658047431	1.0114004453905636	4.62422325113347	-0.043084563873105684	0.7281071806366667	0.044387989988493075	0.0018929231289083817	11.70528868891948	0.3034669738457892	11.702979129980706	0.3033894623101999	24.771466307776983	1.1285195000709791e-11	2.8793634143653435e-13	False	False
179	11.703040737225406	0.30552342673348104	2.8705767986255344	8.091595233583456	0.9825829698619273	4.506995194354507	-0.18304491024868083	0.7073614800036014	0.01986893123468723	0.0008473093620724785	11.74807147992488	0.3070810428938606	11.703040737235645	0.305523426734499	11.703040737235645	1.0238920822303044e-11	1.017963491278806e-12	False	False
182	11.703073980515336	0.3047712416735289	1.6693820839199163	8.206247511956606	0.9488379626067515	5.90102214736221	-0.1402378945978488	0.6830684492806004	0.13978758554356924	0.0063551235186883265	11.747795590323527	0.30624310290594503	11.703073980591725	0.3047712416778718	12.846396313653631	7.638867316472897e-11	4.342859405426225e-12	False	False
186	11.703012810742885	0.3011579595681865	1.1902513344864012	8.722747014285876	0.9345414408177254	6.235101113925647	-0.14685723885848587	0.6727763832446805	9.200671870806984	0.22258760484266782	11.71657269484485	0.3015998914039857	11.703012810747083	0.3011579595683062	20.161285281869546	4.197531211502792e-12	1.1973755320582313e-13	False	False
187	11.703043962109184	0.3013060264989256	1.1188508772486339	7.107611011883613	0.9382893953907689	5.75661751150323	-0.18605672331867465	0.6754745357418146	1.3809075299920632	0.03340765804130111	12.048607677868302	0.3192285707681543	11.703044868700141	0.30130605081215317	7.80202991246676	9.065909569727637e-07	2.4313227542371862e-08	False	False
188	11.70306061009206	0.3017097886629508	1.2262347019379698	9.277010855673018	0.9422028623843111	5.013635505085012	-0.213819854603509	0.6782918406304655	0.0023542418493680763	5.695508565346229e-05	11.706000527404568	0.3018061055901498	11.703060610125874	0.3017097886636375	26.89897166931113	3.381472879482317e-11	6.867284518818906e-13	False	False
189	11.703050881981682	0.30304198923060294	0.9173442520065324	7.941800699945594	0.8395364623422754	5.755958752130233	-0.49465595586442573	0.604382299240204	12.256546751674996	0.2965169743476824	11.753820664312444	0.3047032626299199	11.703050881826112	0.3030419892271561	13.492188383056249	-1.5556977928099514e-10	-3.4468539134024923e-12	False	False
190	11.702999439496743	0.3039760582021987	0.8064090490600395	8.742843061059249	0.9417213923385493	5.09557666553684	-0.07156235782669973	0.6779452303445217	0.7726902132747555	0.018693337429401533	11.712974833264981	0.30430670475752664	11.702999439480365	0.30397605820175705	20.881586503775456	-1.637801005927031e-11	-4.4164671919588727e-13	False	False
191	11.702998516874807	0.301839893045884	0.31816062423139424	8.132021638393418	1.0147903892624248	5.1142960223130185	-0.02597922166924596	0.7305476012300196	0.0	0.0	11.759921309971752	0.3038042822615095	11.70299851684073	0.3018398930444625	11.70299851684073	-3.4077629607054405e-11	-1.4214740495788192e-12	False	False
192	11.70301145012476	0.3044382424770533	-0.3196581841266378	8.047407775964647	0.9138364722955358	6.3250700893635585	-0.33793940049241067	0.6578708764055562	0.0	0.0	11.775921214488667	0.30670472661959697	11.70301145011934	0.3044382424774665	11.703011450119343	-5.4214410738495644e-12	4.13169498614252e-13	False	False
193	11.70308001983536	0.30300080544164304	0.13369278264568102	8.178071887972846	0.8794766714960756	5.934070386053372	-0.10914543674710542	0.6331352558100248	0.0	0.0	11.740675328032944	0.30420327513461426	11.703080019832274	0.30300080544165436	15.506054153315016	-3.085531830038235e-12	1.1324274851176597e-14	False	False
197	11.70298404729029	0.30403259830152257	2.0440962937344116	8.965535251319704	0.9253199635263684	5.097408959508243	-0.2608187831255117	0.6661378417426326	0.037388338623897635	0.0010882290085531036	11.708774247993272	0.30422263495831464	11.702984047255885	0.30403259830055707	23.978646742663607	-3.440447926550405e-11	-9.655054533652674e-13	False	False
199	11.702948605957056	0.3005961736026614	0.5668846794726539	9.200462923828624	0.943583794607716	5.350754719723217	0.004843555404283939	0.6792859737380947	0.0025257959289644964	6.798812128188811e-05	11.706557680601456	0.30071447103436877	11.702948605964949	0.30059617360257285	26.769190143748403	7.892353437455313e-12	-8.854028621385623e-14	False	False
200	11.703003593372708	0.3006689657521182	1.4840091483996587	8.630161198896628	1.0319192437000795	4.323907614452023	0.04703912571111901	0.7428786635396872	14.284655862252887	0.38450727713027943	11.716584465599375	0.3011337720142897	11.703003593713513	0.3006689657609384	16.342402830956832	3.4080471777997445e-10	8.820166819134556e-12	False	False
202	11.702974014083383	0.3006713145140504	1.0267842470386475	9.0707834844882	0.814955386880916	6.497694820474527	-0.4503863928989343	0.5866863830155714	6.569709828904732e-07	1.1890279930229826e-08	11.706839602010382	0.3007942633948123	11.702974014098439	0.30067131451466167	32.41719110872999	1.5056400570756523e-11	6.112887973586112e-13	False	False
203	11.703028759652007	0.30215438942825373	2.230391111133517	8.704454305037679	0.8672334767728159	7.498558330220557	-0.48473007143419444	0.6243213799287501	11.524001533216882	0.20856873091028177	11.717975671800504	0.30263454431401227	11.70302875964765	0.30215438942812806	20.837453049791343	-4.357403327048814e-12	-1.2567724638756772e-13	False	False
204	11.70296034870347	0.3017617518082461	1.1718673798647823	9.380487301835272	0.9372063046033069	6.2725716214226175	-0.19059144241937626	0.6746948186839207	0.00019395885849539236	3.510391147431442e-06	11.706114708304105	0.3018630568299799	11.702960348705743	0.3017617518083337	29.49998091090768	2.2719603975929203e-12	8.759659664292485e-14	False	False
205	11.702945465096752	0.3019667652916865	0.799450925398734	8.812204454373674	0.8650717686624413	6.20000951945837	-0.33910213084579216	0.6227651662600915	0.07017285155374559	0.0012700330306910992	11.71134884520478	0.30223651139812946	11.702945465097594	0.3019667652917565	24.852204553026503	8.419931418757187e-13	6.999956170261612e-14	False	False
207	11.703023208271725	0.30206927542576134	1.9453052534844342	8.749483500258403	0.9253199635263684	5.097408959508243	-0.2608187831255117	0.6661378417426326	3.2687992392239376	0.45319667736400515	11.71240004245165	0.3023789056683676	11.703023208269693	0.30206927542560386	21.09697546731187	-2.0321522242738865e-12	-1.5748513604307846e-13	False	False
208	11.70306458240651	0.30187082539305726	0.9603505064401282	8.82035276250961	0.9212999588504227	5.309810991545496	-0.36158052011085334	0.6632438403764193	0.5439174448188782	0.07541043689509619	11.711849768485425	0.30215954271479256	11.703064582353898	0.3018708253913587	21.839227624032176	-5.261213686935662e-11	-1.6985857165252582e-12	False	False
209	11.703065931676457	0.3044644808516051	1.6655994270792902	9.083423063605691	0.9944707877145365	5.005944706934819	-0.13376525069743928	0.7159195200756948	0.014149749128046556	0.0019617660250947013	11.708868507507901	0.3046574657827944	11.703065931677884	0.3044644808516746	22.40860874715471	1.4264145420384011e-12	6.94999613415348e-14	False	False
210	11.702965257733062	0.30218011572153236	1.647828541301215	9.316760621480745	0.9382893953907689	5.75661751150323	-0.18605672331867465	0.6754745357418146	0.0012203862832275095	0.00016919821872897383	11.70615657543861	0.30228336500688074	11.702965257731938	0.30218011572142073	28.267758549253674	-1.1244338793403585e-12	-1.1163292512605949e-13	False	False
211	11.702962126751636	0.3035216078278783	2.124831785063292	9.793640281680755	0.9717649753775565	6.36078568107781	-0.18341251567439829	0.6995736057743028	1.286370299354013e-06	1.7834645166687793e-07	11.704485084328194	0.30357051467452223	11.702962126752226	0.30352160782789916	31.74504766710607	5.897504706808832e-13	2.0872192862952943e-14	False	False
212	11.702998044448192	0.3026648305911376	1.9356262840820964	9.075862903587339	0.9164835549634569	4.805723912924551	-0.3379005668600254	0.6597765112181926	0.0423851970387862	0.005876417932585252	11.706998573589534	0.30279625326779736	11.702998044438319	0.30266483059102356	25.508599542052686	-9.872991313386592e-12	-1.1401990462900358e-13	False	False
213	11.703012618439919	0.30252904749196485	2.062153308413431	10.061479368962274	0.8978088702410634	5.565674238655993	-0.3615649151781378	0.6463326056865415	7.203843977657487e-09	9.98763740442553e-10	11.70348517409814	0.3025442928045786	11.703012618436485	0.3025290474918765	34.76176321571997	-3.433697770560684e-12	-8.837375276016246e-14	False	False
214	11.702968687640276	0.3030144094579431	1.9833925429455308	9.140800462560371	0.988563666979767	4.832698964946793	0.0036423317502242702	0.7116669838587343	0.21892751468470184	0.030352803882266563	11.707211139102048	0.3031561422347165	11.702968687623072	0.30301440945741775	23.672888024998194	-1.7204015989591426e-11	-5.253575352526241e-13	False	False
216	11.702922335049331	0.3042278330164035	1.5624017599202151	8.70288013939972	0.8897885385783298	6.239515902676365	-0.22993583275316098	0.6405587689225396	0.031797558270076874	0.0023484987586087354	11.714815034724191	0.3046141575812614	11.702922334980645	0.30422783301461614	21.98014547181233	-6.868638990908948e-11	-1.7873480473440395e-12	False	False
217	11.70298782845621	0.3032336863325044	1.7036962279831782	9.67005418724588	0.9417213923385493	5.09557666553684	-0.07156235782669973	0.6779452303445217	7.628783367175154e-05	5.634454103466764e-06	11.704134544807696	0.30327124736398037	11.702987828448414	0.30323368633228226	29.670336925132126	-7.7964301681277e-12	-2.2215562722749382e-13	False	False
218	11.703000183359167	0.30332466791663487	1.6403033391333706	9.070457379536672	0.9415025009522564	4.517642393598737	-0.21451638401569514	0.6777876504355294	0.07993176208410523	0.005903586760766587	11.707039055055198	0.30345895108735865	11.703000183342787	0.30332466791602397	24.261308742012474	-1.637978641610971e-11	-6.109002192999924e-13	False	False
219	11.703009733873035	0.3029101095442023	2.397358892996226	9.064129103056029	0.988563666979767	4.832698964946793	0.0036423317502242702	0.7116669838587343	0.7095710345982391	0.052407379200146736	11.708033509291326	0.30307842288167713	11.703009733860599	0.30291010954395503	22.89128447388102	-1.2436274232641154e-11	-2.4724666758402236e-13	False	False
220	11.702990315621744	0.30411595446534706	0.8718062774508506	8.169518324328518	0.97026660111149	4.28416862855381	-0.08323017960876211	0.6984949261401616	2.6252486195454083	0.19389517495887845	11.736123717541394	0.30524191009026813	11.702990315533132	0.30411595446391015	12.888620962822275	-8.86117845766421e-11	-1.4369061496211089e-12	False	False
221	11.702966325959206	0.3028828455035061	0.6941121773468076	9.048896770262848	0.9410124293628864	5.844322700782547	-0.15630021215425485	0.677434847898342	0.09139302103602458	0.0067500905140439535	11.709206553245757	0.30308526981988476	11.70296632595987	0.30288284550359434	24.78849264283065	6.643574579356937e-13	8.826273045769994e-14	False	False
224	11.703084251260707	0.3020962632561532	1.2464349631363314	7.8307904220158235	0.9650023300293544	4.072996280879368	-0.18974937366285538	0.6947051773881322	1.1071868481680267	0.1406291152878629	11.759900014127776	0.30439289908519274	11.70308414178478	0.3020962636066623	11.703084141784782	-1.0947592699039888e-07	3.505091217270717e-10	False	False
225	11.703070610068254	0.3038740802515329	2.389687406007455	7.804143530687997	0.9975380414006683	4.15660611774365	-0.0683387198487881	0.718127636004341	0.48524331814239247	0.06163308265684496	11.765713113570941	0.3066515089816058	11.703070609965414	0.30387408024478985	11.703070609965414	-1.028404028602381e-10	-6.743050562363351e-12	False	False
227	11.702955229318544	0.3043465801178619	1.0461469707882058	7.662672912735894	1.0479764279843142	4.432528610845763	-0.029513721973447156	0.7544382305059077	0.2600299275388354	0.02764217841401198	11.81646044286862	0.30989866337868993	11.70295522939452	0.30434658012328597	9.700824961531692	7.597655837798811e-11	5.4240500979574335e-12	False	False
