Iteration_step	Porb	eccentricity	Wdisk	logQ	primary_mass	age	feh	secondary_mass	posterior_probability	acceptance_ratio	inital_orbital_period	initial_eccentricity	current_orbital_period	current_eccentricity	current_spin	delta_e	delta_p	bad_solution_flag	gsl_flag	
2	9.992012888551935	0.2840231626615775	3.842296054706154	8.82056174978444	0.9883408274888915	6.817429826359998	0.07558401542643625	0.5689878143853548	4.243301413462342e-05	5.442874756012261e-07	10.009107822192062	0.2846703994216721	9.99201288872214	0.28402316266733035	17.879354528586347	1.702051832808138e-10	5.752842646700174e-12	False	False
3	9.99195795673188	0.2833350386555249	4.487012976249806	8.769477224329325	1.0280518434290247	6.770085045985365	0.10677723909615666	0.5918494462620895	3.1373391882488546	0.04024259086236895	10.01518853259997	0.28421567900334443	9.991957956324834	0.2833350386414397	15.45643732493925	-4.070468406780492e-10	-1.4085177468814436e-11	False	False
5	9.992041705631795	0.2858323409644235	3.97657671872071	8.6883621204528	0.9115618480086596	6.007057244460002	-0.16948205802373642	0.5247861558985853	9.112842878749711e-11	4.734671190775723e-12	10.006968014561794	0.2863988858215901	9.992041705575787	0.2858323409627604	19.006539611019118	-5.60085311462899e-11	-1.6631140908884845e-12	False	False
6	9.99199442653002	0.2815955751515658	2.894106187468636	8.661458460025651	1.1439900966235588	5.759714859134349	0.07701230922816793	0.6585950986261828	0.0023153446670244847	0.00012029611217417464	10.042592064321113	0.28353748392272626	9.991994138981783	0.2815955651529893	9.991994138981784	-2.8754823766519166e-07	-9.998576522285418e-09	False	False
7	9.99195667025263	0.28247454590593496	4.946108210942951	9.997169251508456	1.0324552854012783	5.320409563526303	0.08139060826092423	0.5943845078055159	0.0	0.0	9.992913789182364	0.28251093107370073	9.991956670264258	0.2824745459062615	27.634054379255552	1.162803187071404e-11	3.2651659154225854e-13	False	False
8	9.992061224374847	0.28266393476749596	3.0791895620298595	8.443897451511772	1.113922301689098	5.8146734306296874	-0.05847619505200169	0.6412850690824137	0.0006017624449984575	3.126518639610148e-05	10.068375841452651	0.2860319950604679	9.992061223368973	0.28266393472933204	9.992061223368973	-1.0058744948082676e-09	-3.8163916471489756e-11	False	False
9	9.991937917305766	0.28297394485004274	4.6629852935501965	9.023233490343877	0.9300159917069311	6.758268894677179	-0.32370543909538124	0.5354102064256802	0.0	0.0	10.002146165394084	0.28335071150092433	9.991937917105863	0.2829739448429677	21.21327662477695	-1.9990231692190719e-10	-7.075062757877504e-12	False	False
11	9.991987195427335	0.28431577526265467	3.7686378193221053	8.724078856732259	1.1504567316905627	5.505874743450072	0.2683156949976923	0.662317940434257	12.994245510723365	0.20583020384977935	10.023136649248848	0.2855248489143578	9.991987195204699	0.28431577525521323	12.083219736201553	-2.226361317525516e-10	-7.441436356003805e-12	False	False
12	9.992017105101294	0.2843223544171858	3.8520225988049184	8.938367818080861	1.0228799466268317	4.348380931822542	-0.04765383240446147	0.588871985273067	1.4033298809444345e-06	2.2228891644760062e-08	10.000496970741606	0.2846553747039832	9.992017105215456	0.2843223544209654	18.3017978450899	1.141629013545753e-10	3.779587753882652e-12	False	False
13	9.992024755893146	0.28414570858010374	4.9761543886072515	8.311238635237178	1.1310426550132946	6.036175618381992	0.1519797509532662	0.6511412564911537	0.0	0.0	10.078415007803349	0.2880858861453546	9.992024755982884	0.28414570858612603	9.992024755982886	8.973799481282185e-11	6.022293774776699e-12	False	False
14	9.992005850035312	0.28426814110572124	4.183082437438743	8.954918326510818	0.8697699745983352	4.421177024409979	-0.6003709632935129	0.5007265743762616	1.3639162831732242e-36	2.160457614625677e-38	9.996617947402644	0.2844437206498783	9.992005849987589	0.2842681411028846	24.19554011538388	-4.772360284732713e-11	-2.836619827917275e-12	False	False
15	9.992003661201228	0.28320567597868607	4.780900305436649	8.635897491250628	1.069276030456719	4.385799903554997	0.07705482488322604	0.6155822107339332	0.0	0.0	10.011487461153921	0.2839769890228537	9.992003661438458	0.2832056759936137	13.67974929403386	2.3723067954506405e-10	1.4927614699900005e-11	False	False
16	9.991960051321948	0.2822997878481589	3.4819189241153605	7.811508751255255	1.1385266976772788	3.5461868856320686	0.2649111344900764	0.6554498198528094	0.003132373672870552	4.961712560291132e-05	10.06078425968625	0.28697067343055976	9.991960050017605	0.28229978777984954	9.991960050017607	-1.304343300034816e-09	-6.830935816992678e-11	False	False
17	9.992029093100566	0.2817522187775862	3.59796303663246	8.859160797268801	1.0812504985782274	5.203208433982254	0.08829519352495273	0.6224759120314856	4.370261926819449	0.06922540462482776	10.00871168307576	0.28239833534036574	9.99202909326733	0.28175221878330853	15.254091827792687	1.6676438008289551e-10	5.722311513522982e-12	False	False
18	9.992004306329944	0.2839576139483034	3.603490912349169	9.151817440402338	1.133038538918273	4.088696335298613	-0.020961635033921497	0.6522902868552498	0.5291209394247831	0.008381330853962532	10.00021156276979	0.284290154912191	9.992004306532742	0.2839576139553037	16.146456902103402	2.027977785701296e-10	7.000344748320231e-12	False	False
19	9.992010634113852	0.2849673748601297	4.11397661404529	9.23038455052302	1.093571203955937	4.400418889240468	0.13692990864210466	0.629568942117433	1.39353455864892e-10	2.207373271820321e-12	9.997458300992905	0.2851833637736359	9.992010634111766	0.28496737485994683	19.331470356538976	-2.085442929455894e-12	-1.8285373215576328e-13	False	False
20	9.991986979563617	0.2847884934413728	3.4177530867285255	8.67254015542594	1.0785670624611876	5.110210744194315	-0.10525151283018169	0.6209310578589057	2.0255126594238058	0.0320843317332629	10.02315535286645	0.28599700673696365	9.991986979749253	0.28478849344544094	11.791038763239928	1.8563639514468377e-10	4.06813471798273e-12	False	False
21	9.992012879177326	0.28140297077475457	4.5447742590370375	9.232236822666854	1.0585864139540315	4.141178716675185	-0.025441564453978105	0.609428198513336	0.0	0.0	9.996588483751557	0.28158494088298763	9.992012879260884	0.28140297077767196	19.90324026468469	8.355804936854838e-11	2.917388552958755e-12	False	False
22	9.991992645807965	0.2821861969097701	4.175076845060512	8.598271282358095	1.1537266911700779	2.749852323260681	0.24403036707506603	0.6642004561066138	32.076886252654894	0.5081012230222668	10.003369264678177	0.2827038855787398	9.991992645015237	0.2821861968853821	12.126060280045177	-7.927276612917922e-10	-2.4387991626184657e-11	False	False
23	9.992044503412778	0.2822319320654142	4.3541313902959295	8.396966797536253	1.1763036226619352	4.045628733198704	0.4385780951004044	0.6771979955664761	0.005847940444976469	9.263198643565334e-05	10.027710269491314	0.2837092410876217	9.992044503779683	0.2822319320756985	10.06792140165086	3.6690472882128233e-10	1.0284328944010213e-11	False	False
24	9.991974238425597	0.2827672007085223	4.247958153467527	9.032813071851212	1.0483134319240524	4.81275297357622	0.04324232454952057	0.6035140427586769	1.2033398290224643e-07	1.9061028368584703e-09	10.00044461315629	0.28309743119245473	9.99197423839073	0.28276720070714517	18.703459848588196	-3.4866332043748116e-11	-1.3771206397450442e-12	False	False
25	9.992000118844695	0.2846884743382797	2.4749428952312282	8.058170903861066	1.1569622939171054	3.9416420772409353	0.3046190724226071	0.6660631926080776	0.002615736513662839	4.143353912931892e-05	10.051438025198175	0.2880504700750369	9.992000118671978	0.28468847432611066	9.992000118671982	-1.7271695185172575e-10	-1.2169043550613878e-11	False	False
26	9.992045349246789	0.2845978327451251	3.440181078897857	7.956349917792613	1.1493799384506307	3.539487865563833	0.044536130825491266	0.661698030566028	0.0006082917983692848	9.635405515093185e-06	10.055196558927932	0.2889782134819444	9.99204534928365	0.28459783275250294	9.99204534928365	3.68611807743946e-11	7.377820576692784e-12	False	False
27	9.992028623560431	0.28267726321514214	4.133299594361859	8.25980460878161	1.1477923640413377	4.682474641531695	0.1031053440666227	0.6607840639785981	0.004038075371719024	6.39635349536682e-05	10.056129953807286	0.2859047945699239	9.992028623403387	0.2826772632111804	9.992028623403389	-1.5704415545769734e-10	-3.961719841072409e-12	False	False
28	9.99198287447808	0.28502837667684666	4.060747046954404	8.983404594838836	1.057853992048951	5.76091623493722	-0.020648478507610257	0.6090065432225811	0.01979751137585866	0.00031359464455620175	10.007243744549658	0.28561236614792074	9.991982874394386	0.2850283766749721	16.473736047017752	-8.36930524883428e-11	-1.8745560659283456e-12	False	False
29	9.991977746430328	0.28225256289581035	4.052187895762947	8.768180387407217	1.1477333004016645	4.654916139801921	0.03211958714622848	0.6607500610412382	3.9712114547727233	0.06290440353708121	10.018516738318835	0.2833049130343005	9.991977746013461	0.2822525628797152	11.613059847106356	-4.168665412862538e-10	-1.609518074374705e-11	False	False
30	9.99204668719841	0.2861315229968065	4.183591918679926	8.99419468943116	1.1647195598186564	3.2416608835284313	0.04337339181793687	0.6705290505876005	0.3008907635913945	0.004766141070324047	9.999975993293473	0.28647840700465294	9.992046687353138	0.2861315230024878	13.957386564906265	1.5472778613911942e-10	5.681288772763082e-12	False	False
31	9.991932933509874	0.2824787851107151	4.325978789355829	7.829729652209161	1.1418615791633608	4.283728689657828	0.14145063770141614	0.6573697111243468	3.214873251601227e-05	5.092392753255336e-07	10.093303584001216	0.2894850372448569	9.991932933760399	0.28247878511956875	9.542419090321765	2.505249341311355e-10	8.853640043327005e-12	False	False
32	9.992081071271599	0.2848069266181079	4.218333535235945	8.891469670142857	1.01407586404903	5.006676185702849	-0.09464538917427845	0.5838034749330265	2.31970524651084e-06	3.674437298931327e-08	10.003922821786714	0.2852647546481799	9.992081071213562	0.28480692661621393	17.559874831684816	-5.803713065688498e-11	-1.893984968859286e-12	False	False
33	9.991980917611352	0.2839374674554682	3.53682681825517	8.63004848443955	1.1751641862963835	5.225869291174822	0.10396707849050005	0.676542022050828	0.0034654282681176618	5.4892745120508245e-05	10.042504717014362	0.2859775756124131	9.991980916994128	0.28393746742530324	9.991980916994128	-6.172236055590474e-10	-3.016498162367043e-11	False	False
34	9.991954776423539	0.28276334030041106	3.737447486682302	8.76561263392182	0.9625927178179667	3.3974185888228807	-0.06896733930020199	0.5541646276478034	4.043456061996854e-07	6.40487656487343e-09	9.998340175902541	0.28302016196462937	9.991954776353682	0.28276334029727246	18.457367274313604	-6.985700906625425e-11	-3.1386004906153175e-12	False	False
35	9.991936713622176	0.2829800422314727	3.0513913708977434	8.315422127730681	1.123205410872119	3.5940840535428764	0.15524434039527912	0.6466293550390789	0.0007733824617880102	1.2250458838283775e-05	10.027370844783926	0.28445398856037457	9.991936714507611	0.28298004225964835	9.991936714507615	8.854357247400912e-10	2.817562849699584e-11	False	False
36	9.991961290790371	0.28276001895366976	4.154131909895803	9.814927600444046	1.188614281722676	3.8115485302084204	0.15679002683201043	0.6842852419877445	2.0078766155198295e-10	3.1804974958845836e-12	9.99366130784889	0.2828305081026756	9.991961290911956	0.2827600189577835	19.42236722629481	1.2158452022958954e-10	4.113764884294824e-12	False	False
37	9.99201021728237	0.2809839460045944	3.9926962067017793	9.182791441480054	0.990285400572626	5.303785664884206	-0.26737400307040454	0.5701073051096608	1.19593802999243e-19	1.8943783100134924e-21	9.998491070039144	0.28122875244694245	9.992010217289744	0.2809839460050366	21.307084870675162	7.37365724035044e-12	4.4220183070819985e-13	False	False
38	9.992013319267713	0.2836836767956238	4.665469160259499	9.155161641618374	1.003535783192115	4.043275607810565	-0.07223372790805502	0.5777355503837006	0.0	0.0	9.996171005127149	0.2838470982374449	9.992013319265055	0.2836836767955799	21.030177440461326	-2.6574298317427747e-12	-4.390932062392494e-14	False	False
40	9.991969100893803	0.2849431629983299	4.449477444201718	8.98029849330942	1.093571203955937	4.400418889240468	0.13692990864210466	0.629568942117433	0.0038042417003433795	6.856252686276331e-05	10.001621250752683	0.28532615474628226	9.991969100856195	0.28494316299701833	16.82033478369604	-3.76072506469427e-11	-1.3115619701409287e-12	False	False
41	9.9919769558385	0.2836026210322004	4.249184257432223	8.201552422830268	0.9980129453598063	5.734878327081313	-0.20182090966904997	0.5745560526436405	0.00374619466031149	6.75163652213694e-05	10.06359468060359	0.2863670855534232	9.991976955815375	0.28360262103106637	9.991976955815376	-2.312461333531246e-11	-1.1340373085033661e-12	False	False
42	9.991965331087652	0.28562518213325877	3.7199294013822906	9.42924278307115	1.1985148617108474	5.945008490284329	0.21106323845647945	0.6899850058869349	1.0356557569480472e-08	1.8665263999896928e-10	10.003039459251312	0.28605068024222385	9.991965331090768	0.2856251821331231	18.566223894326136	3.1157298963080393e-12	-1.3566925360919413e-13	False	False
43	9.991943926722636	0.28293981215895614	2.8692803767781605	9.312168651750282	0.9800375708967756	4.461544373737032	-0.08817439710832403	0.5642076295652737	7.422163550164186e-35	1.3376707577282005e-36	9.995022727541325	0.28305806555002133	9.99194392673199	0.28293981215926306	23.824298549605626	9.354295116281719e-12	3.0692115515762453e-13	False	False
44	9.991954079729048	0.2851342153444138	3.703076506293884	8.38953651879542	1.1986156286678293	5.614842468794082	0.28186614394098614	0.6900430174240694	0.00027291083520262994	4.918577194511733e-06	10.068639830998999	0.2888833696861776	9.991954079781834	0.2851342153473285	9.991954079781834	5.278621983961784e-11	2.9147240176996547e-12	False	False
46	9.992084506225245	0.2823103837339392	3.574262717175727	8.975776293282749	1.0271466463230416	5.475058526380874	0.04668677907094737	0.5913283242881751	1.2736871672834394e-09	2.1357820015107852e-11	10.00271661309849	0.2827189769222948	9.992084506182053	0.2823103837319221	18.762279861758156	-4.319211655001709e-11	-2.0171087022902157e-12	False	False
47	9.992074997489674	0.2849475699337328	3.703693999138071	9.269060782200842	1.0228799466268317	4.348380931822542	-0.04765383240446147	0.588871985273067	6.66376183400143e-23	1.117412733125823e-24	9.99606984983277	0.28510293870159054	9.99207499750017	0.2849475699334271	21.657617770871855	1.049649256401608e-11	-3.0569990983053685e-13	False	False
48	9.992014395682919	0.284776451393768	3.04847649779749	9.250577076968668	1.022013770422346	3.867148095308072	-0.006130624362407522	0.5883733276321446	2.219296712646403e-18	3.721427126404769e-20	9.995360379298635	0.2849088163125093	9.992014395689818	0.2847764513936796	21.093764288902662	6.899369964230573e-12	-8.842926391139372e-14	False	False
49	9.992028207741031	0.28375617447249724	2.7910299977216018	9.51191570494635	1.0819261884709956	4.944712432390988	-0.01946862460880265	0.6228649067027522	1.1322912586105806e-23	1.8986823081262233e-25	9.995976105473455	0.2839076018290042	9.992028207734393	0.28375617447198326	22.13577081598956	-6.638245508838736e-12	-5.139777492502162e-13	False	False
50	9.992044958628378	0.2838851804039052	3.20855635774672	9.019463685282306	0.9638124064379341	3.8121639509155902	-0.12059307988030646	0.5548668023863187	6.378529262393839e-18	1.069583516632778e-19	9.996502578100248	0.2840602441277224	9.992044958672397	0.2838851804056329	21.014140514722822	4.4018122480338207e-11	1.7276735597704374e-12	False	False
51	9.9920331917014	0.2827356033642573	2.6698621388023414	9.869655746376854	0.9214567886229621	5.266597300838863	-0.24956376173960312	0.5304826732102392	3.3798224175785184e-107	5.667454358641967e-109	9.992913249956727	0.28276859949975447	9.992033191687886	0.28273560336381576	31.488667808002123	-1.3514522834157106e-11	-4.4153569689342476e-13	False	False
53	9.991932791115616	0.2842151257341937	3.094481939777355	9.185024775629591	1.1005569690530588	4.7901518194074715	-0.1175822539245549	0.6335906470838459	0.0008229384165009248	0.00015600761878835402	10.001695772158952	0.284598230034149	9.99193279128385	0.28421512574091895	16.903219103462245	1.6823342718907952e-10	6.725231482818117e-12	False	False
54	9.991926616405538	0.286496728245238	3.332534278742976	8.985105405753245	1.0001775557527937	4.825943936327548	-0.1349942754901393	0.5758022188468833	1.058816150790495e-13	2.0072387326602617e-14	10.000628485055056	0.2868335835937824	9.991926616437842	0.2864967282462735	19.30225549031202	3.2304825481332955e-11	1.0355050150678835e-12	False	False
55	9.99200845746293	0.2853034085750615	2.9707576605374486	7.488948356279238	0.8431516255029228	5.592406647688249	-0.4314582998034198	0.4854023908020326	0.0006180250370817774	0.00011716139683534136	10.134665395244866	0.29153984474199574	9.99200845753466	0.28530340858083025	9.992008457534657	7.172928917498211e-11	5.768774347103545e-12	False	False
56	9.991988320514004	0.2866579394891614	3.1710008384272506	9.456720125822876	0.9978366019998126	4.898713544776442	-0.20184875681761752	0.5744545317712921	3.2327888579153865e-41	6.128522884049067e-42	9.995127508407784	0.2867773962014136	9.991988320494707	0.28665793948841556	24.41959185374527	-1.929656434640492e-11	-7.458478279431802e-13	False	False
57	9.991962816355047	0.2852031126735814	4.206313728662307	9.192993443587259	0.9544760841027033	5.371613198285559	-0.008769288800445973	0.5494918816179263	6.846278440769454e-41	1.2978754858083447e-41	9.996466441356374	0.28537332139423066	9.991962816313539	0.28520311267181214	24.577532998516485	-4.150813026626565e-11	-1.7692514120426495e-12	False	False
58	9.99197918388306	0.2843407812203856	2.806826244546191	9.409203411309171	0.8472147337737745	5.489670637723383	-0.24406193209515592	0.487741522233562	1.758952112750895e-113	3.3345135574030295e-114	9.993827028916053	0.28440970089671797	9.991979183885315	0.2843407812205102	31.983781902584944	2.254196829198918e-12	1.2462253451417382e-13	False	False
59	9.991925851155273	0.2847667108803895	3.010358584845214	7.609419333075263	0.8554921134948034	5.472208454266234	-0.32745364840306845	0.4925068097389583	6.104676596363574e-05	1.1572871556065029e-05	10.110546132201874	0.289457925783697	9.991925850913459	0.2847667108677086	9.991925850913463	-2.418136801907167e-10	-1.2680911876117307e-11	False	False
61	9.99197945555323	0.2831059558168878	3.6033703076009407	9.377940949175468	1.0449358019383228	5.508117149280585	0.054262700125096375	0.6015695411758925	3.3803427911480432e-28	3.037827079559904e-30	9.996715059620843	0.2832853658905777	9.991979455554702	0.28310595581723497	22.92059897564173	1.4725998198628076e-12	3.4716673980028645e-13	False	False
62	9.991971881546467	0.28209303284756027	2.8644443516495786	8.83303561118878	0.959309384076349	3.290008001445919	-0.19395126377925542	0.5522744124127541	1.3034433156246474e-08	1.1713709660584797e-10	9.997434002467209	0.28231287194869353	9.991971881546961	0.2820930328470255	18.943071866214723	4.938272013532696e-13	-5.347389198107066e-13	False	False
63	9.99199190999579	0.2826969654198846	3.9096931123286933	8.227742766186168	1.1822983783719656	5.461378318392372	0.22649279868337352	0.6806491764287406	0.007448648029083175	6.693908306611259e-05	10.080537697041143	0.28768241775879877	9.991991909886487	0.2826969654235972	9.991991909886488	-1.0930278904197621e-10	3.7125857943465235e-12	False	False
