Step	Time_elapsed
1	0.0
2	1582680904.034822
3	1652.0300922393799
4	1652.0300922393799
5	1652.0300922393799
6	4794.548253774643
7	2060.1814444065094
8	1517.7954218387604
9	1517.7954218387604
10	2988.26473402977
11	742.0291879177094
12	742.0291879177094
13	2567.272337913513
14	1401.7856884002686
15	1401.7856884002686
16	2876.895660161972
17	1698.2050867080688
18	1698.2050867080688
19	4119.994193792343
20	4119.994193792343
21	4152.204541683197
22	1003.9072639942169
23	1003.9072639942169
24	5363.3859622478485
25	1373.3498871326447
26	2061.575404882431
27	641.5175344944
28	474.2185184955597
29	584.962708234787
30	645.449376821518
31	533.7707116603851
32	612.7431571483612
33	430.6560356616974
34	892.3081817626953
35	678.8868148326874
36	520.710024356842
37	707.7487828731537
38	650.229156255722
39	650.229156255722
40	732.622395992279
41	766.8844773769379
42	608.866358757019
43	693.2699327468872
44	552.3587679862976
45	616.2924113273621
46	616.2924113273621
47	1535.014142036438
48	498.0909094810486
49	820.2588794231415
50	258.43784952163696
51	682.7287726402283
52	727.8601171970367
53	727.8601171970367
54	1711.6274876594543
55	511.27522587776184
56	883.0574433803558
57	586.3517308235168
58	488.217871427536
59	1148.463437795639
60	518.0202116966248
61	515.502284526825
62	887.7665648460388
63	465.48051023483276
64	881.733030796051
