Step	Time_elapsed
1	0.0
2	1582679048.756141
3	867.9659261703491
4	1299.5409314632416
5	1146.284576177597
6	1040.0855205059052
7	1036.9718525409698
8	1042.6538019180298
9	1042.6538019180298
10	689.2688562870026
11	1226.8878438472748
12	1226.8878438472748
13	1019.4956154823303
14	920.5002241134644
15	920.5002241134644
16	920.5002241134644
17	1102.6192774772644
18	1089.8289761543274
19	1150.9473774433136
20	1169.625113248825
21	1276.4453971385956
22	1440.5695967674255
23	3723.976390838623
24	796.7677979469299
25	1567.9129900932312
26	1087.999085187912
27	1035.8290703296661
28	1035.8290703296661
29	985.3679528236389
30	1144.6980822086334
31	1077.049064397812
32	1077.049064397812
33	794.0414583683014
34	890.9258160591125
35	890.9258160591125
36	1065.445430278778
37	968.1473307609558
38	968.1473307609558
39	968.1473307609558
40	903.6853277683258
41	981.1426858901978
42	981.1426858901978
43	981.1426858901978
44	981.1426858901978
45	815.0884966850281
46	1233.122192621231
47	1126.2411053180695
48	1126.2411053180695
49	637.0314421653748
50	637.0314421653748
51	637.0314421653748
52	637.0314421653748
53	637.0314421653748
54	656.470630645752
55	656.470630645752
56	1056.1459488868713
57	1056.1459488868713
58	1056.1459488868713
59	1056.1459488868713
60	1056.1459488868713
61	1056.1459488868713
62	1056.1459488868713
63	1056.1459488868713
64	1056.1459488868713
65	1219.2902092933655
66	1176.5219023227692
67	953.8764340877533
68	1089.2898306846619
69	1088.1167447566986
70	1188.9842793941498
71	1095.0556304454803
72	1055.5300960540771
73	1172.171627521515
74	767.1174011230469
75	1330.3387434482574
76	1110.2521541118622
77	1110.2521541118622
78	785.0097143650055
79	785.0097143650055
80	755.1531612873077
81	755.1531612873077
82	755.1531612873077
83	755.1531612873077
84	992.7072837352753
85	880.2833549976349
86	811.2056546211243
87	881.2410082817078
88	662.4685292243958
89	847.9388897418976
90	1065.1654193401337
91	1402.8908784389496
92	985.1611640453339
93	985.1611640453339
94	989.1486341953278
95	1306.9210669994354
96	1258.6636037826538
97	1327.5341432094574
98	1046.2972745895386
99	915.9008696079254
100	915.9008696079254
101	1056.196168422699
102	1305.4584548473358
103	1186.2893614768982
104	1045.8857452869415
105	1645.7739310264587
106	988.4966957569122
107	988.4966957569122
108	931.3816373348236
109	1071.2256498336792
110	824.9601950645447
111	1286.602489233017
112	1286.602489233017
113	1115.6980528831482
114	1176.798734664917
115	943.170637845993
116	1070.6569800376892
117	1070.6569800376892
118	1070.6569800376892
119	1788.5930342674255
120	1019.2956647872925
121	1036.6133787631989
122	1125.8503954410553
123	1173.2235538959503
124	1127.3903679847717
125	1127.3903679847717
126	1902.7554173469543
127	1291.2504949569702
128	1226.4734201431274
129	1210.2349338531494
130	1127.6918182373047
131	1043.225708246231
132	1029.0203096866608
133	1185.3212723731995
134	1019.2271761894226
135	1124.1132118701935
136	1074.134379863739
137	1305.0260827541351
138	1305.0260827541351
139	1305.0260827541351
140	1179.78559923172
141	1361.1711292266846
142	954.1665029525757
143	954.1665029525757
144	1372.8926346302032
145	1584.81516456604
146	1375.0744466781616
147	1375.0744466781616
148	1225.8411078453064
149	967.2683899402618
150	1171.3501241207123
151	931.7901926040649
152	931.7901926040649
153	931.7901926040649
154	931.7901926040649
155	740.4559795856476
156	900.7011768817902
157	752.6395628452301
158	752.6395628452301
159	644.8011100292206
160	644.8011100292206
161	915.5256404876709
162	648.2773988246918
163	751.6147267818451
164	1035.734611749649
165	998.6601498126984
166	998.6601498126984
167	949.2256982326508
168	971.9213845729828
169	2769.664951324463
170	809.0697712898254
171	825.3903741836548
172	1069.353273153305
173	1069.353273153305
174	667.2651963233948
175	667.2651963233948
176	667.2651963233948
177	1161.837620973587
178	646.520097732544
179	588.1476256847382
180	790.7290086746216
181	790.7290086746216
182	955.7767856121063
183	1027.5751459598541
184	1027.5751459598541
185	882.2973008155823
186	676.9788556098938
187	620.7989504337311
188	1145.0303931236267
189	930.6082141399384
190	726.7928967475891
191	589.5178616046906
192	1035.0959780216217
193	1055.7332668304443
194	1165.4986736774445
195	812.4371974468231
196	739.1501560211182
197	1161.9228308200836
198	688.6704618930817
199	980.6066415309906
200	1291.6770493984222
201	911.5743384361267
202	911.5743384361267
203	1266.207795381546
204	1376.6530539989471
205	1053.3114895820618
206	1352.8272109031677
207	894.3485078811646
208	1220.379289150238
209	861.8251240253448
210	1215.7779762744904
211	1579.622716665268
212	1109.8261981010437
213	1139.5082371234894
214	1139.5082371234894
215	1179.4063861370087
216	1583051829.658318
217	1285.2514743804932
218	1285.2514743804932
219	1015.0619258880615
220	1054.940757036209
221	1085.4787411689758
222	1115.252917766571
223	972.4218418598175
224	972.4218418598175
225	972.4218418598175
226	972.4218418598175
227	941.4189693927765
228	776.5568563938141
229	776.5568563938141
230	1426.9979586601257
231	1426.9979586601257
232	1426.9979586601257
233	1102.2668766975403
234	633.3345711231232
235	633.3345711231232
236	998.7231426239014
237	1414.5171365737915
238	1110.8603224754333
239	1462.3761355876923
240	716.4802639484406
241	1102.3958270549774
242	1102.3958270549774
243	945.1803324222565
244	945.1803324222565
245	1205.407804965973
246	954.5218861103058
247	1066.733378648758
248	1066.733378648758
249	995.6533286571503
250	1304.2330458164215
251	1304.2330458164215
252	1304.2330458164215
253	1072.3050904273987
254	1072.3050904273987
255	852.2703411579132
256	852.2703411579132
257	852.2703411579132
258	852.2703411579132
259	976.5886445045471
260	836.4582850933075
261	1377.9776470661163
262	1377.9776470661163
263	1474.6880350112915
264	1407.4946069717407
265	1345.4903457164764
266	1534.0153489112854
267	1301.7422432899475
268	1585.0614347457886
269	1432.6026957035065
270	1129.5752003192902
271	1294.4740023612976
272	1407.8223159313202
273	1407.8223159313202
274	1407.8223159313202
275	1407.8223159313202
276	766.0488660335541
277	1271.1462659835815
278	794.4192469120026
279	1589.3901681900024
280	1179.9020578861237
281	1196.4853174686432
282	1196.4853174686432
283	1179.6510698795319
284	1656.0042810440063
285	1149.647681236267
286	1149.647681236267
287	995.0776762962341
288	1246.8392491340637
289	1168.8534858226776
290	1191.0881464481354
291	1136.2742154598236
292	1300.2509257793427
293	1383.4930193424225
294	1687.6258840560913
295	1687.6258840560913
296	1327.174105167389
297	1411.7565422058105
298	1411.7565422058105
299	1273.6548705101013
300	1116.6493775844574
301	1116.6493775844574
302	1116.6493775844574
303	1250.9545011520386
304	1136.5237176418304
305	1136.5237176418304
306	1136.5237176418304
307	1498.1272728443146
308	1599.4857032299042
309	1541.2347996234894
310	2067.2466740608215
311	1676.9944558143616
312	1622.0410282611847
313	1622.0410282611847
314	1622.0410282611847
315	1756.689947128296
316	1655.8749957084656
317	1655.8749957084656
318	1655.8749957084656
319	1705.7993977069855
320	1852.4678134918213
321	1724.0634136199951
322	1724.0634136199951
323	1204.0156435966492
324	1626.6464688777924
325	1808.7219848632812
326	1235.1356554031372
327	1235.1356554031372
328	1235.1356554031372
329	1235.1356554031372
330	1482.9603114128113
331	1699.9824738502502
332	1618.9022657871246
333	1949.6726241111755
334	1709.714174747467
335	1709.714174747467
336	1742.4288856983185
337	1742.4288856983185
338	1071.786608695984
339	1748.5753262043
340	1748.5753262043
341	2271.1321465969086
342	2163.460553884506
343	1821.2213048934937
344	1821.2213048934937
345	1660.844271183014
346	1591.642085313797
347	1011.8825056552887
348	1011.8825056552887
349	1011.8825056552887
350	1011.8825056552887
351	2901.558581352234
352	1677.5601212978363
353	1677.5601212978363
354	1677.5601212978363
355	1356.6714625358582
356	1274.0523476600647
357	1789.6597199440002
358	1789.6597199440002
359	1789.6597199440002
360	1789.6597199440002
361	1789.6597199440002
362	1789.6597199440002
363	1789.6597199440002
364	2019.8835229873657
365	1930.762633562088
366	1930.762633562088
367	1930.762633562088
368	2810.003945827484
369	2810.003945827484
370	2246.6086897850037
371	2203.841231584549
372	2077.442104578018
373	2077.442104578018
374	2917.3061871528625
375	2763.2899560928345
376	1848.5506374835968
377	1848.5506374835968
378	1886.9672269821167
379	2017.5506825447083
380	2164.209989786148
381	1828.0795781612396
382	1828.0795781612396
383	1787.2360637187958
384	1787.2360637187958
385	1575.3325622081757
386	1928.0971884727478
387	1661.810917854309
388	3665.795249938965
389	1775.4530262947083
390	1775.4530262947083
391	1775.4530262947083
392	1775.4530262947083
