Iteration_step	Porb	eccentricity	Wdisk	logQ	primary_mass	age	feh	secondary_mass	posterior_probability	acceptance_ratio	inital_orbital_period	initial_eccentricity	current_orbital_period	current_eccentricity	current_spin	delta_e	delta_p	bad_solution_flag	gsl_flag	
1	9.88	0.238	4.1	7.912075418068123	0.9412350807366774	2.389300549167837	-0.43828182473041716	0.4055781962894343	83.09547422618935	0.0	9.893523382680053	0.23862568618441757	9.879999999459626	0.23799999996750604	12.297646184216939	-5.403748559729138e-10	-3.249395197357785e-11	False	False
40	9.880030672727084	0.23784189093787478	3.728370870796385	7.867962403890236	0.9301341828099496	3.0904277728220975	-0.45664957237623494	0.4007948193728073	47.60642125153134	0.5729123239846332	9.90400088956318	0.23883966572575616	9.880030672702851	0.23784189093565944	11.958410407377874	-2.4233060003098217e-11	-2.2153390233370374e-12	False	False
72	9.880042633327616	0.23764304661942823	3.9538760405398916	8.0443629861969	0.9695094363486279	3.2251616985243965	-0.24785330743733103	0.41776161612262375	28.54550538565837	0.5996146031401207	9.899749411906509	0.23845665920035194	9.88004263160227	0.23764304653935278	12.747346076194553	-1.7253452000431935e-09	-8.007544627375296e-11	False	False
84	9.879998369632705	0.2377250344473058	3.9518251628787024	7.8254864929780235	0.9668674433534219	2.9285798456810563	-0.19595066773876385	0.4166231813409895	29.30381336082332	1.0265648817535364	9.906711225217036	0.23885461525854132	9.879998369656946	0.23772503444860357	11.074793715838483	2.4240165430455818e-11	1.2977674490599611e-12	False	False
89	9.88001862978105	0.23784519938118143	3.7823408510533825	7.766351156322535	0.9680008811484024	2.220695466315349	-0.19205465314768688	0.4171115796868466	11.596057303799807	0.3957183715653451	9.898071848977587	0.23869707108886468	9.880018629723862	0.237845199378785	10.814220942418574	-5.7188032087651663e-11	-2.3964163986534004e-12	False	False
91	9.880047494089641	0.23864688114201135	4.1806920327481185	8.122927994550489	0.9691069218393306	2.5506745002077515	-0.4392158550976612	0.4175881726205675	8.999933843174569	0.7761201594118944	9.890264978385195	0.2391260105450901	9.880047494835171	0.23864688117444272	13.194308076241004	7.455298600689275e-10	3.243136315056461e-11	False	False
93	9.880026618391277	0.23811974218019197	4.325479145401509	8.222108099142496	0.9368094419721968	1.3143090068517105	-0.44892868358827426	0.4036711885458196	51.32348794042601	5.702651689973151	9.880722113525449	0.2382132310943122	9.880026618371021	0.2381197421814024	12.492521293121136	-2.0255797039681056e-11	1.210420652597577e-12	False	False
94	9.880009761643107	0.236989477461275	3.7934217996334003	8.170608626082588	0.9546077889582705	1.3829173173774532	-0.4390454424205411	0.41134049626211877	45.41803812973186	0.8849367015439611	9.881022989004954	0.23711466149601823	9.88000976144755	0.23698947744699744	12.21614693180688	-1.9555734809273417e-10	-1.427755136340636e-11	False	False
126	9.879997618482781	0.2386376161166312	3.7472698555050505	8.50546160706333	0.9893835736353662	1.9370032382035938	-0.6345056525370245	0.4263253818794793	34.17996965833514	0.7525637624571903	9.87987216763751	0.23872733676318142	9.879997618451386	0.23863761611820478	11.272979753124085	-3.1395330779560027e-11	1.5735746039524656e-12	False	False
127	9.880026328694248	0.23845126700459732	4.238402850584841	8.583266481254764	0.9920533393785083	1.4922033807990793	-0.33826677266952215	0.42747578393819924	34.61348479464312	1.012683309571115	9.880556734994302	0.23851358670631456	9.880026328478458	0.23845126699571137	12.887894159966104	-2.1579005249350303e-10	-8.885947533343597e-12	False	False
130	9.880037180362644	0.2385753221654025	4.016051849422244	8.23872852773261	0.9655813979659205	1.2987327074269222	-0.40834670738286133	0.4160690243835151	24.183429000918792	0.6986707390023176	9.880336455327912	0.2386681826672066	9.880037180570973	0.23857532217636737	11.813782139902868	2.0832935376802197e-10	1.0964867902529818e-11	False	False
172	9.88004614216865	0.23808617176782162	4.166660727019249	8.054449315633384	0.9514822204522416	2.9554341818757512	-0.3489176517207533	0.4099936887928709	10.938654300234862	0.4523202354727807	9.895549731146241	0.23874174546630123	9.880046141817854	0.23808617175334607	13.298604446246475	-3.5079672500160086e-10	-1.4475559639848257e-11	False	False
182	9.879984232696373	0.23603292370617224	4.202182566147149	7.870873060273703	0.9573644689335831	3.332873123058703	-0.33114358044426434	0.41252834966348095	5.27468089302727	0.4822056487253663	9.909655737951972	0.23724928910713908	9.879984233551783	0.23603292374893872	11.2771757312921	8.554099650837088e-10	4.276648479795142e-11	False	False
187	9.880017217125078	0.2357540027953231	3.5308664977622604	8.10525569054445	0.9788828774644478	3.694249870735036	-0.24754390946304178	0.42180063189943057	6.706857804866316	1.2715191574398892	9.902676685661406	0.23666087810795927	9.880017217181253	0.23575400279937792	12.812746902856638	5.617550868919352e-11	4.054812041687228e-12	False	False
199	9.879959846049204	0.2362532621204096	4.122725411932965	8.033267366649826	0.9689517083518692	2.531378541827456	-0.35141993359947055	0.4175212911288204	6.194350110198938	0.9235845295101506	9.892532220709537	0.236826396169054	9.879959846208912	0.23625326213035902	12.67086870391069	1.5970869071679772e-10	9.949430168632034e-12	False	False
203	9.87998567926113	0.2370591158053601	4.029719612793911	8.127800006869112	1.0127026124712954	2.2890319658656675	-0.2782066857892899	0.4363735557138812	48.10963990159221	7.766696916659611	9.889035439629124	0.23752004478543448	9.879985679105292	0.23705911579562922	12.300695199047949	-1.5583800916374457e-10	-9.730882766234572e-12	False	False
209	9.87999941173333	0.23642221435789798	4.159529926128815	8.203728903309067	1.0944790089142185	1.763368607993459	-0.0643022895650221	0.4716110049411367	8.035038575491736	0.1670151469004409	9.882973417345582	0.23671096027153393	9.879999412271205	0.23642221438139802	11.019883856877234	5.378755218998776e-10	2.3500035251089457e-11	False	False
215	9.879998564694821	0.23653048860926437	4.060830250190301	8.21924426746711	1.1077304931169505	2.269350291211577	-0.003885766786023037	0.477321069484094	19.768230766637785	2.460253374132431	9.888806931351162	0.23702280447093335	9.879998564586353	0.23653048860441317	11.274699719711723	-1.084679013274581e-10	-4.851202772826468e-12	False	False
220	9.879988262315985	0.23695368866238686	4.099035745599794	7.8320308762798385	0.9560971684963114	1.4485205882546566	-0.23017488548859538	0.4119822699050606	20.863570209123182	1.0554090781019192	9.884349861666895	0.23727866713780305	9.879988262354289	0.23695368866513014	11.353767674668704	3.83035825279876e-11	2.743277827121915e-12	False	False
243	9.879985900426835	0.2362098145444358	4.021506775194481	8.0699734105092	0.9964155769674414	2.004523228845911	-0.3586912991164568	0.42935547211527053	13.201788738685222	0.6327674796958945	9.886466957248443	0.23659297915300537	9.879985900397463	0.23620981454213488	12.018087415229273	-2.937206033948314e-11	-2.3009094629600213e-12	False	False
249	9.880026261026801	0.23756597434020288	3.5782114724225846	8.012812879723038	0.9473047456368866	1.5349735165427425	-0.3604028581148866	0.40819361489493444	45.70524461205656	3.462049387150577	9.883544995646817	0.23780339289085914	9.88002626048132	0.2375659743138028	12.460451335689694	-5.454818818861895e-10	-2.6400076569288444e-11	False	False
269	9.880009580772441	0.2376066125553409	3.068365340257165	7.842971556847451	0.9533007271909933	2.3199204584145354	-0.33669813401465204	0.410777283346599	45.608503320624756	0.9978833656344488	9.896381071689271	0.2383586439808934	9.880009580734384	0.23760661255507987	11.560881895651864	-3.8056668927310966e-11	-2.6104118866498993e-13	False	False
273	9.880047634077973	0.23764824540100507	2.9521201488600606	7.880759233400815	0.9550610753834116	2.4127348137822855	-0.3633326491740314	0.41153581738271205	15.560426144335649	0.34117379460902025	9.89644417333307	0.23839187270536066	9.880047634282466	0.23764824540954402	11.761947933753902	2.0449242299491743e-10	8.538947326997004e-12	False	False
290	9.880026415377227	0.23727998903449296	4.351653154776064	8.074229137764126	0.9833212802431461	2.501079327276403	-0.40810215763497326	0.42371313965677165	41.93427393394952	2.694930945012361	9.891180773388655	0.23781982339944596	9.880026415452901	0.23727998903934902	12.41749807390936	7.567457771529007e-11	4.8560599985592034e-12	False	False
295	9.880012219568675	0.2376559020322718	4.148387010334808	8.233508233709545	0.9811400680430724	1.724158127665871	-0.4763851350193133	0.4227732553197599	70.18495605885617	1.6736895497321396	9.881776672052123	0.23782665556338478	9.880012219737228	0.23765590204102569	12.324028010682255	1.6855317142017157e-10	8.753886504564434e-12	False	False
298	9.880012212444987	0.23675635942971776	3.6295154956131364	8.122972396065249	0.9811253422178928	3.116325145129933	-0.3807065970226986	0.42276690996169003	31.366741528794357	0.44691545439581987	9.896546938528452	0.2374610331447181	9.880012212391579	0.2367563594275585	12.828722409943161	-5.340794473340793e-11	-2.159272760593467e-12	False	False
314	9.879973709373875	0.236688175550963	3.569318382833795	7.874233370105478	0.9622418032258555	2.6430344947323237	-0.3110961340570916	0.4146299930100211	14.909765680786977	0.47533677245690187	9.899807840688704	0.23755915334133315	9.879973709237703	0.23668817554579216	11.527826207234195	-1.361719625947444e-10	-5.170835981616051e-12	False	False
319	9.87998046121995	0.2369831908071603	4.1863451886715985	7.97502980526812	0.9996700390684052	2.1964606946265652	-0.1346794398067846	0.43075781983457584	38.77024165229763	2.600325349328443	9.891573565568793	0.237550752229765	9.879980463052027	0.23698319088305472	11.799243875678073	1.8320758243817181e-09	7.589442962974147e-11	False	False
331	9.87994607725663	0.23919108376009776	4.009302194355252	7.830584762008808	1.0151483849542609	1.267188827424642	-0.10542585875555185	0.437427439076791	0.27633210060300484	0.007127427862875563	9.881100428664576	0.2394776250613239	9.879946078238309	0.23919108379337856	10.278937268051068	9.816787382987968e-10	3.3280794786705314e-11	False	False
332	9.879928152618483	0.23842158531180058	3.9948480709494643	8.593885928073925	1.0772479118085019	1.0808089606662818	0.04281483120149887	0.46418612519828345	0.2031860863346144	0.7352967168534779	9.879135794099028	0.2384503562769024	9.879928152577206	0.23842158530956462	10.292962124484148	-4.127720387714362e-11	-2.2359614160194496e-12	False	False
337	9.879973085853683	0.2376909471309765	4.341185452286416	8.1130646058683	0.9860988051913512	1.7763046928996054	-0.21011550979931692	0.4249099751569532	46.175074574430674	227.25510101310698	9.88461321540712	0.2379644649464738	9.879973085864687	0.23769094713364045	12.689538578173591	1.1004530620084552e-11	2.6639523920124475e-12	False	False
344	9.879985654863676	0.23729666585690792	3.4174114451657935	8.504093883317235	1.0944790089142185	1.763368607993459	-0.0643022895650221	0.4716110049411367	75.80144871440106	1.641609665236489	9.881749735933093	0.23744835868055406	9.879985655663008	0.23729666588956164	12.235687719364329	7.993321560206823e-10	3.265371306682141e-11	False	False
359	9.880016601092887	0.23777649703422235	3.4395102451360366	8.369612849685188	1.0439940561400989	1.9071535770179973	-0.20488003295868987	0.4498570387907686	58.55029795840416	0.7724166088039494	9.883330892484576	0.23798918608221578	9.880016600764323	0.23777649701967693	12.79047124011102	-3.2856384279966733e-10	-1.4545420423672795e-11	False	False
365	9.8799818837325	0.237847477576528	2.895550801380696	8.032102062955296	0.9444226833841451	1.7629157888170826	-0.40852627672471375	0.4069517342702281	44.24542862486526	0.7556823819461774	9.885404348546572	0.23814762458603544	9.879981883625577	0.2378474775721433	12.954283226476333	-1.0692247087717988e-10	-4.384687057878978e-12	False	False
381	9.879952412785169	0.23858074095507645	2.7563896506876007	7.521975331092474	0.9297895446306672	2.3919174634639866	-0.3573336982663519	0.4006463147813545	0.13041925792591968	0.0029476323764807202	9.912803623426047	0.2401155912954487	9.87995241358238	0.2385807409793323	9.87995241358238	7.972111859544384e-10	2.4255847330678648e-11	False	False
382	9.879960763804691	0.2384173783949241	2.629118621091296	7.318553814022124	1.0348806780546644	1.836853924457838	-0.20298933074200964	0.4459300841737549	0.22925714914657158	1.7578473669647274	9.895625123850277	0.24095650547130334	9.879960764557548	0.23841737843502067	9.87996076455755	7.528573320314536e-10	4.009656495718161e-11	False	False
383	9.879982849423332	0.2373251228613316	2.7972432815415056	7.903519649323746	0.9840542979413798	2.8917714943343347	-0.29246544616059006	0.42402899698294055	18.16742983732019	79.24476905060509	9.904602249882876	0.23838074448539232	9.879982849209563	0.23732512285655513	11.083215012559274	-2.1376855841026554e-10	-4.77645700769358e-12	False	False
399	9.880002034892994	0.23849597456799454	2.739761369107807	8.553122117990236	1.0301304810823841	1.5826639637031301	-0.3240413383336541	0.4438832242983993	68.85556725962165	3.7900554936051583	9.880722504890068	0.23858613452094934	9.880002034887326	0.23849597456834218	12.264322171363666	-5.668354674526199e-12	3.4763858458575214e-13	False	False
400	9.880007762871678	0.23753311448760445	2.2776586571747313	8.066151216301272	0.9860988051913512	1.7763046928996054	-0.21011550979931692	0.4249099751569532	70.8142840654628	1.0284467456125335	9.88617815776365	0.2378688588620539	9.880007762702794	0.2375331144837887	12.517234691903559	-1.688835737923e-10	-3.815753268909816e-12	False	False
405	9.880041044102743	0.23688765576102475	2.6181861187748927	7.907190978624888	0.9365276500153843	1.7001215868018555	-0.3525156670890808	0.4035497643916291	15.055968360191445	0.21261202536868504	9.886866575787362	0.2372585759875789	9.880041044030406	0.23688765575894966	12.394717891089234	-7.2336803214057e-11	-2.0750900997512645e-12	False	False
430	9.88001895397192	0.238058666037777	3.086149988629508	8.451349259740809	1.0286886840931642	1.2808732800323357	-0.02819085265803603	0.4432619539757444	88.7844720670882	5.8969619185596684	9.88048746599902	0.23813393828125168	9.880018953689925	0.2380586660232841	12.011821853273464	-2.8199487189795036e-10	-1.4492906874608025e-11	False	False
432	9.879996215726765	0.23731652458655708	3.311214165593154	8.538000368840114	1.0286886840931642	1.2808732800323357	-0.02819085265803603	0.4432619539757444	90.02435150879928	1.0139650483113105	9.880326901254172	0.23737636371446608	9.879996216071275	0.2373165246026728	12.105711748223674	3.445101981469634e-10	1.6115719869702616e-11	False	False
434	9.880010100093491	0.23752210578930175	2.8043511363248337	8.13696089712494	0.973908506096067	1.932628636582362	-0.14355535462887448	0.4196571752767953	23.33673629384252	0.25922693029964794	9.88598014575294	0.23782234636260297	9.880010100097186	0.2375221057884009	13.508274407325734	3.694822225952521e-12	-9.00834962180852e-13	False	False
435	9.880032706021263	0.23830471836996997	3.1701087003234267	8.272323617272699	1.0241446686620206	1.7203251449861672	-0.12940941593006422	0.4413039377264647	40.3752642611377	1.7301161461806833	9.883386241192735	0.23851622513165188	9.880032706165618	0.23830471837351402	12.751097318720117	1.4435563855386135e-10	3.5440539392084247e-12	False	False
439	9.880028991785112	0.2384790351917054	4.057830699863022	8.121657045990728	1.0409477054213672	2.2230270880416088	-0.06565757842146375	0.44854436626606714	58.974123440061376	1.4606498438903244	9.889560143714128	0.23896095109256107	9.88002899209762	0.23847903520724348	12.011843023651958	3.1250735332832846e-10	1.5538070829990147e-11	False	False
462	9.88002263052672	0.23751029768397897	3.3611108437272885	8.09997038102197	0.9632134781843924	1.825845802195852	-0.4414756400087858	0.4150486877496547	42.54210070094663	0.7213689363977489	9.884653579561725	0.23778848271601027	9.88002263012895	0.23751029766757034	12.783257154197482	-3.977689289058617e-10	-1.6408624459174348e-11	False	False
474	9.880002035521013	0.23692842725427066	3.5885134610421487	8.391337726684652	1.0306843046347416	1.580065494975961	-0.2677059877648718	0.44412186686711014	43.612686106402315	1.0251653159532825	9.881052907059491	0.2370532852212086	9.880002035417982	0.2369284272507263	12.098279116547683	-1.0303047304205393e-10	-3.5443592505401966e-12	False	False
478	9.879984832403307	0.238277026977095	4.317518749497886	8.474209809689238	1.0462054770820155	1.4210062370136058	-0.23287248485459552	0.4508099400746405	28.208844995999524	0.646803659998793	9.879782415588744	0.23835091750890888	9.879984832642446	0.23827702698588785	11.263170747451744	2.391384867905799e-10	8.792855332728777e-12	False	False
487	9.879949471164823	0.2381899791988952	3.8926086679155376	8.776839004249968	1.0497123984258727	1.5865001734269346	-0.12063696061769622	0.45232107248170855	12.181778986671116	0.4318425298305794	9.880549050962609	0.23824650218612112	9.879949471072976	0.23818997919844015	13.080307976666917	-9.184653038118995e-11	-4.55052662218236e-13	False	False
496	9.879953098907656	0.23782149996416513	3.4894314386006786	8.850904924854659	1.0609722980348453	1.7360462008926552	-0.22038179444282543	0.4571729632232148	15.518077436475265	1.2738761270791903	9.880504241767404	0.23787870234772465	9.879953099166347	0.2378214999737748	12.94327493816309	2.586908465218585e-10	9.60967416752112e-12	False	False
518	9.879967154802781	0.23810603130393626	2.7702972389665934	8.959584182698208	0.9715169402941093	1.3247790445676668	-0.3926459534082668	0.4186266495727317	25.958168479138884	1.6727696188784422	9.880126559826694	0.23812731146188354	9.879967154824522	0.2381060313035932	13.037967472787319	2.1740831357419665e-11	-3.4305891460917337e-13	False	False
519	9.879967475137482	0.23660710286683923	2.626536369165339	9.42562520967701	0.9798492101598274	1.4693058658513891	-0.5417133822472584	0.42221702465786964	17.789658883353507	0.685320264318727	9.879980986951525	0.2366148053934731	9.8799674751323	0.2366071028662073	12.303190162582423	-5.181632900530531e-12	-6.319389456166391e-13	False	False
522	9.879971208657944	0.23662288553557134	2.292385554425362	10.096112222731	0.9988629540379105	1.292838009320131	-0.46403498565920664	0.4304100468949356	8.96963040658894	0.5042047441945152	9.879962364583239	0.23662421977483536	9.87997120865732	0.23662288553556463	11.337160015853295	-6.235012506294879e-13	-6.716849298982197e-15	False	False
523	9.879995012166894	0.2363890556823814	2.517133952211082	10.499930141592952	0.9368094419721968	1.3143090068517105	-0.44892868358827426	0.4036711885458196	1.10625550093265	0.12333345419896155	9.88000119127976	0.23638962120749302	9.879995012166997	0.23638905568238605	14.183631626362844	1.0302869668521453e-13	4.6629367034256575e-15	False	False
528	9.879956697608689	0.23701394484033358	2.3731826619170566	10.635181799952449	1.008933337226102	1.5232336884180242	-0.3816456580490663	0.43474937501072736	5.902966644727326	5.335988512374145	9.879962390834091	0.23701460638800212	9.879956697607389	0.23701394484027596	13.368968892712878	-1.3002932064409833e-12	-5.762057497804562e-14	False	False
532	9.879964031108514	0.2376276574548807	2.505152917287281	9.694423036129848	1.0301304810823841	1.5826639637031301	-0.3240413383336541	0.4438832242983993	15.470427872708857	2.6207886311753805	9.880021343612524	0.23763425662738324	9.879964031108338	0.23762765745486802	13.254976189253853	-1.758593271006248e-13	-1.2684298056342413e-14	False	False
534	9.87995461951974	0.23773731059893613	2.3414561718775406	9.181240407117349	1.0007556731944018	1.1971375377998708	-0.36145843376790987	0.43122561957946776	15.04078599814456	0.9722281841136261	9.87992422042885	0.2377479152414813	9.879954619550146	0.2377373106009153	11.6120060497112	3.040590002001409e-11	1.979166830423651e-12	False	False
552	9.879991355009631	0.2368176159831636	2.529411789996162	8.728079380968005	0.9310149988367404	1.1772617658141693	-0.6207371288144707	0.4011743629987515	44.934093667417976	2.987483079206171	9.879962561421872	0.23683944296461104	9.879991355197706	0.23681761599110998	11.925823408708162	1.8807533308518032e-10	7.946393543178942e-12	False	False
558	9.879963635643243	0.23666561661954233	2.299508704159904	8.181506309774363	1.0047753026023047	1.8429522160307237	-0.3527892533219918	0.4329576778913331	14.277291248435596	0.31773849393980674	9.88464489437623	0.23695343582612335	9.879963635563369	0.23666561661384403	12.418073888773597	-7.987388528363226e-11	-5.698302940615463e-12	False	False
578	9.879988758451361	0.23801861409856354	1.9287396437589543	8.117125865232572	1.0353032662187782	1.3275567153857457	-0.3552238712084045	0.44611217741367154	2.1114812962245186	0.14789088906874262	9.879316477489937	0.23819558723342102	9.879988758596086	0.23801861410778702	10.245337274917908	1.447251207764566e-10	9.22348308840526e-12	False	False
580	9.879963973902502	0.23804946152969214	1.9773285342897486	9.316658168871395	1.030938525883383	1.2540103177015425	-0.12663275044604871	0.4442314108031497	41.13803239009513	19.48302003131778	9.880040157971662	0.23806063544292358	9.879963973923799	0.23804946153062423	12.580908868605869	2.1296742147569603e-11	9.320877403240502e-13	False	False
594	9.879998410043644	0.23881763113248358	2.0533730725254267	10.076436579716999	1.0491747614229585	1.2988754549368504	-0.19519700274587803	0.4520894046971528	60.57886364770879	1.4725756223162114	9.880004961187216	0.23881970595528498	9.879998410043168	0.23881763113247792	12.125506784718986	-4.760636329592671e-13	-5.662137425588298e-15	False	False
595	9.879997192591134	0.23875116742194694	2.054684438420304	10.216845190650302	1.0049443731877823	1.0743781028148705	-0.12671689249820484	0.4330305304066154	67.35709358716055	1.1118910050685331	9.879997966521639	0.23875208313491683	9.879997192590807	0.23875116742195615	11.967631337353403	-3.268496584496461e-13	9.2148511043888e-15	False	False
606	9.880005758282831	0.2391133484473277	2.1906799737077467	10.514340888727645	1.0772479118085019	1.0808089606662818	0.04281483120149887	0.46418612519828345	16.43277084298935	0.243964962973428	9.880001190527652	0.23911384720247653	9.88000575828676	0.2391133484475169	10.940760226089798	3.929301328753354e-12	1.8918200339612667e-13	False	False
608	9.879975163776225	0.23965452906924775	1.618412664198964	10.583395248939206	1.097811796480454	1.3559181757424787	-0.034283923032614044	0.47304710310342757	20.43108296743771	1.243313325710627	9.879980750287983	0.239655422079051	9.879975163776152	0.23965452906924045	12.26487458693791	-7.283063041541027e-14	-7.299716386910404e-15	False	False
609	9.879991564716907	0.23844094380792033	1.9262359663635866	9.809079860289458	1.0260442073914136	1.3199778508197086	-0.270652479706449	0.4421224489649601	66.94635996309226	3.2766916991032167	9.88001390632325	0.23844478044874048	9.879991564717676	0.23844094380791242	12.540254131770913	7.691625114603085e-13	-7.91033905045424e-15	False	False
625	9.879977167841975	0.2390193081799943	2.174457538560426	9.42627863611595	1.058689983326516	1.0805148200425136	0.04673121196590005	0.45618951381539574	24.437596968923614	0.36503249739636534	9.879946068979752	0.2390253365049615	9.879977167885427	0.23901930818197314	11.224291120366392	4.3451464648569527e-11	1.9788337635162634e-12	False	False
644	9.879988650280506	0.23922497309575275	2.4719277359866774	10.204819838863994	1.07496061262124	1.4784418150729293	-0.09403326154068797	0.46320052797849237	32.41106151534718	1.3262785844517824	9.88000601741187	0.2392271144058391	9.879988650284194	0.2392249730956561	12.91074053732695	3.68771679859492e-12	-9.664491429361988e-14	False	False
652	9.87998789902723	0.23934887940165447	1.4904748494198297	10.95223278397687	1.035554576315813	1.1556112865629535	-0.1335475112829525	0.4462204669344838	34.77647180972002	1.072981574307672	9.87998901005945	0.239349121187872	9.879987899027352	0.2393488794016616	12.146206163597915	1.2256862191861728e-13	7.13318293321663e-15	False	False
671	9.880015843072792	0.23848661028571796	1.383644681881363	10.962193875096574	1.0114487912900871	1.2902494729796645	-0.2655664883404474	0.43583328416689854	32.33884748623106	0.9299059336201079	9.880018640142179	0.23848689377429735	9.880015843072982	0.23848661028572618	13.179014775128273	1.900701818158268e-13	8.215650382226158e-15	False	False
677	9.880020024550136	0.23756894069880463	0.9893406555387817	11.953619023971582	0.9553325091167956	1.127899970355402	-0.6371699358871216	0.4116527781784272	57.148635009458864	1.7671821803108811	9.880020086778607	0.2375689602152479	9.88002002455001	0.2375689406987995	11.671321481618467	-1.2612133559741778e-13	-5.134781488891349e-15	False	False
688	9.87999080355046	0.23943981788905605	0.7579924987735521	11.75019844966103	0.9829262314633409	1.2793949871999344	-0.5030854528878788	0.4235429131375536	16.954306921936645	0.2966703740015922	9.879991418539294	0.2394398707611611	9.87999080355054	0.2394398178890578	13.100016500653997	7.993605777301127e-14	1.7486012637846216e-15	False	False
718	9.879970446269967	0.24025688967928038	0.9166685765385258	11.531561365808047	0.9798019749153203	1.0816612607583562	-0.09377297187019634	0.4221966709910115	2.8829473108403203	0.17004218008523636	9.879971077239158	0.2402569492599198	9.879970446269889	0.2402568896792769	13.081375963244774	-7.815970093361102e-14	-3.469446951953614e-15	False	False
721	9.879968128433015	0.23858003095497746	0.631796920048842	11.358883979852095	1.1236868475069717	1.3653575553628388	-0.005356586639457511	0.4841966625907541	50.653305800039945	17.569972787770283	9.879970930385753	0.2385802658532861	9.879968128433058	0.23858003095497926	12.690097632508083	4.263256414560601e-14	1.8041124150158794e-15	False	False
730	9.879976948326354	0.2390213242162833	0.7270485209133775	10.917829555718399	1.066315253390049	1.2573830665124568	-0.16500411975222265	0.45947524268577217	36.83073569787276	0.7271141560486999	9.879981765059267	0.23902178502472157	9.879976948326657	0.23902132421629305	12.566186282742756	3.0375701953744283e-13	9.742207041085749e-15	False	False
748	9.879980733587745	0.2404046969530411	1.505527499609438	11.773991974824513	0.9661833049673477	0.8556350044543516	-0.3338627713156479	0.41632838611043016	0.4871861620891249	0.013227706502676876	9.87998054029761	0.24040471119115678	9.87998073358788	0.240404696953046	10.733686662956542	1.3500311979441904e-13	4.912736883966318e-15	False	False
755	9.879959867041048	0.23985025785159578	0.6541464977291225	11.435878300777096	0.9982248987793221	0.9003284522274253	-0.37890434963482006	0.4301351088840099	1.3105489304942257	2.690037263937058	9.879960060030896	0.23985032793701885	9.879959867040963	0.2398502578515921	10.965618476257585	-8.526512829121202e-14	-3.6637359812630166e-15	False	False
765	9.879981612595744	0.2405629626429675	0.8433468490306679	11.93322670026075	0.988657471360104	1.2192158176838555	-0.4577305997224622	0.4260125044090688	2.2281369238959927	1.7001554631430145	9.879981918048578	0.24056299387612684	9.879981612595751	0.240562962642966	12.696940559425704	7.105427357601002e-15	-1.4988010832439613e-15	False	False
774	9.880022600044253	0.24054480266707923	0.8585185598869469	11.414446787337901	1.040440961770218	1.343860754766771	-0.30027088411753633	0.44832601042678694	1.785232129302183	0.8012219133196842	9.880024129588634	0.2405449454497614	9.880022600044297	0.24054480266707967	12.844750309411229	4.440892098500626e-14	4.440892098500626e-16	False	False
777	9.880052902442964	0.23906239582418498	0.8403991374611572	11.390084883101038	0.9395432563637441	1.0891756595270343	-0.4972842747095837	0.40484918916713736	4.747291231455034	2.659201094095629	9.88005373731308	0.23906247289139235	9.880052902443044	0.23906239582418717	13.195448431084493	7.993605777301127e-14	2.192690473634684e-15	False	False
810	9.880079394368659	0.23856074458434162	0.969703794535468	10.587084560119305	1.0496224400557155	1.1221062217784865	-0.21986848794643504	0.4522823094200078	1.0316977675953938	0.21732346243252926	9.880081310228132	0.2385613868548022	9.880079394368876	0.2385607445843417	11.550976088747012	2.1671553440683056e-13	8.326672684688674e-17	False	False
812	9.880053765300692	0.23888766429202543	1.521275743552972	10.299735448552402	0.975961651861112	1.1177498162831587	-0.5238994134184933	0.4205418757869531	3.153197117677066	3.056318639737206	9.880049736458227	0.23888837580817676	9.88005376529019	0.23888766429161357	11.089745351446332	-1.050182163453428e-11	-4.1186498656031745e-13	False	False
819	9.880029306060027	0.23916306264525966	1.787758664760225	10.930948877457253	0.9521510551327316	1.0207925100119917	-0.44936651770018154	0.41028188965669404	20.031114272023093	6.352636236956809	9.880029029099026	0.2391631975528785	9.880029306060106	0.23916306264526443	11.738523929999234	7.815970093361102e-14	4.773959005888173e-15	False	False
820	9.879991271075273	0.24001384730799782	1.6528317732933564	11.5199457053967	0.985817307838365	1.1183327494337574	-0.39593790742584867	0.4247886779475515	8.267489983945442	0.41273240577996295	9.879991282981312	0.24001389544320917	9.879991271073457	0.24001384730787978	11.789974519167476	-1.815436689867056e-12	-1.1804446309326977e-13	False	False
835	9.879961873325033	0.2396355134141257	1.6131537085120222	11.37104102281026	0.9641451646889632	1.199426086458864	-0.3805685638902576	0.4154501514644742	4.30022038491239	0.5201361469155628	9.879962582540092	0.23963559313892785	9.879961873325353	0.23963551341414052	13.218754158799715	3.197442310920451e-13	1.482147737874584e-14	False	False
845	9.879948431588943	0.23949837200351895	1.5422648635622744	11.498919054163828	1.0302552510813152	1.2782937224693918	-0.2540483957421835	0.44393698769093876	5.200768209922071	1.2094189935402642	9.879948954926173	0.2394984530948573	9.879948431588934	0.23949837200351942	12.499319125389786	-8.881784197001252e-15	4.718447854656915e-16	False	False
847	9.879944705228002	0.23958019468891914	1.0974623672102903	10.83448577592937	0.9883653634694028	1.0169913502387264	-0.2187710877705054	0.4258866351189657	3.9455068148460497	0.7586392347420478	9.87994604668308	0.2395804441232845	9.879944705228171	0.2395801946889269	12.181560547760775	1.687538997430238e-13	7.771561172376096e-15	False	False
849	9.879966289610705	0.23880303722888585	2.040911399290406	10.499835821393251	1.136392343627922	1.430601898828301	0.023520599769925196	0.4896714608692716	41.817002763534106	10.598639091481527	9.879969681366829	0.23880423166323456	9.879966289592463	0.23880303722811413	11.840939383929975	-1.8241408383801172e-11	-7.717160244169463e-13	False	False
855	9.879998313542819	0.2379464254227882	2.2214999998542093	11.075668079110729	1.1171744758961322	1.5333213855565873	-0.02317343632299601	0.48139048166364334	112.46579685416039	2.6894753191693237	9.880000719609606	0.2379467731026277	9.87999831354096	0.2379464254227079	12.572240172178649	-1.858069254012662e-12	-8.029688025601445e-14	False	False
869	9.879979128838887	0.23722817048672265	3.24352618728504	11.344065306235409	1.0508493468405669	1.2532608240609837	-0.09378815927467216	0.4528109835536003	51.85175176037079	0.4610446305520723	9.87997903050095	0.2372282595357467	9.879979128838661	0.23722817048670394	11.919503293853072	-2.255973186038318e-13	-1.8707257964933888e-14	False	False
899	9.879972577002786	0.23888590903662946	2.6506029764138335	10.949441871364	1.035079217240261	1.3231271581311996	-0.035483813331918884	0.44601563470882843	32.055725859991654	0.6182187635267354	9.87997479485147	0.23888618213253165	9.879972577002656	0.2388859090366033	13.021438699450977	-1.2967404927621828e-13	-2.6145752229922437e-14	False	False
915	9.879972936700268	0.23820582478773378	3.338389185495541	10.665910262220821	0.988657471360104	1.2192158176838555	-0.4577305997224622	0.4260125044090688	11.001341922692573	0.34319428518769585	9.879968470598685	0.23820607145498696	9.879972936700145	0.23820582478774024	10.935043951245769	-1.2256862191861728e-13	6.467049118441537e-15	False	False
920	9.879984210515458	0.23910126167506934	3.482953678042022	11.2859432752721	0.9655742134321293	1.4435525308409183	-0.6058337543074419	0.41606592856790453	37.20481719719032	3.381843547690086	9.879983770243728	0.23910134284768614	9.879984210515987	0.23910126167509105	11.785655935800921	5.293543381412746e-13	2.170486013142181e-14	False	False
924	9.87997932440239	0.23812078728115715	3.760055524711912	11.736535477312552	0.9347094444237737	1.2977257178700823	-0.4500879386983643	0.40276629960220406	10.132892276780337	0.27235430893463886	9.879979556524775	0.23812081591045378	9.879979324402424	0.23812078728115998	13.771583429200797	3.375077994860476e-14	2.831068712794149e-15	False	False
931	9.879980068601798	0.2390149191854072	4.017413712770996	11.57925687361279	1.113723104334123	1.7340510895744152	-0.07824275942507264	0.47990328565757356	41.02282910432398	4.048481715169158	9.879980753972923	0.23901503563917137	9.87998006860207	0.23901491918541748	12.788325293987729	2.717825964282383e-13	1.0269562977782698e-14	False	False
942	9.880003146683604	0.23920678511222632	3.971288044706124	11.048751786602116	1.1171744758961322	1.5333213855565873	-0.02317343632299601	0.48139048166364334	54.36216405398239	1.3251685766414483	9.880003371935443	0.23920708558576206	9.880003146683677	0.23920678511225235	12.032579948880242	7.283063041541027e-14	2.603472992745992e-14	False	False
961	9.8799619692952	0.23829694019081835	4.122692956989109	10.999699296246089	1.0057403770979787	1.2822328723232563	-0.298700350517094	0.433373528491519	30.4251066658335	0.5596743101621368	9.879961499671088	0.2382971024028831	9.879961969295685	0.2382969401908417	12.052474065490257	4.849454171562684e-13	2.3342439092743916e-14	False	False
980	9.879983935166337	0.23885928976746895	4.241805106280259	10.484864515450424	0.9641451646889632	1.199426086458864	-0.3805685638902576	0.4154501514644742	47.49909785589737	1.5611809804840375	9.879983145178324	0.23885970691398753	9.879983935166472	0.23885928976744814	12.293002076534336	1.3500311979441904e-13	-2.0816681711721685e-14	False	False
1000	9.879976863536987	0.2394251258502507	3.787730666906122	10.107656094229007	1.065895601530483	1.5223983949763369	-0.09127881576958984	0.4592944146994851	16.229297614339668	0.3416759127420918	9.87999608315	0.23942762696948672	9.879976863542842	0.23942512585046355	13.071122041028863	5.8548721426632255e-12	2.1285750939625814e-13	False	False
1007	9.879968998967197	0.23808746148127696	4.078186596417844	10.412474662130439	1.0241224133734965	1.31771689840591	-0.17049074082715895	0.44129434792263966	48.065509114697534	2.9616506060144245	9.879970903445013	0.23808823025632547	9.879968998966273	0.238087461481272	12.512922287288676	-9.237055564881302e-13	-4.9682480351975755e-15	False	False
1013	9.879956121295695	0.2371615906319232	3.881288437928065	10.387190193998617	1.0381728133735566	1.4383754840568947	-0.19516971309013598	0.44734866528266554	15.544900713036661	0.32341071590321135	9.879960848296886	0.23716261111112688	9.879956121298541	0.23716159063204956	12.787187272459992	2.8457236567192012e-12	1.2634338020234281e-13	False	False
1021	9.879987201353275	0.2377746791593773	3.717898807960686	11.085560581525472	1.0742768738986428	1.6651387759869758	-0.1661657844393199	0.46290590496292516	43.63807640138317	2.8072277338372635	9.879989469702338	0.23777498747162568	9.87998720136048	0.237774679159357	13.14342642674863	7.204903340607416e-12	-2.0317081350640365e-14	False	False
1033	9.879977059837538	0.2366402196026812	4.040080572669779	10.996175003360959	0.9655813979659205	1.2987327074269222	-0.40834670738286133	0.4160690243835151	17.886964725582896	0.4098935196193924	9.879977476150897	0.2366403760410259	9.879977059837568	0.2366402196026878	12.849570978441204	3.019806626980426e-14	6.6058269965196814e-15	False	False
1038	9.879997004203933	0.2368388565439122	4.130175043161668	10.816625497968747	0.9872068252626506	1.39409257294365	-0.3658412211869217	0.4253874210056761	26.093873614110237	1.4588206559601127	9.879998245232484	0.23683914982866378	9.879997004204027	0.236838856543912	13.004809715491229	9.414691248821327e-14	-1.942890293094024e-16	False	False
1044	9.879989299250468	0.23759444295325743	3.801278505810838	10.625181757924262	1.0306843046347416	1.580065494975961	-0.2677059877648718	0.44412186686711014	24.122006179190553	0.9244317856336439	9.879994972633066	0.23759515251772748	9.879989299249228	0.23759444295321033	13.415892635979622	-1.2398970739013748e-12	-4.7101211819722266e-14	False	False
1050	9.879968609645799	0.2374947338265395	3.396077863928863	10.814495314426068	1.0274255002514932	1.6334084935782027	-0.3293621883654697	0.4427176480583684	14.33329865400282	0.5942001070527789	9.879972377109825	0.2374952164123733	9.87996860964541	0.23749473382652755	13.373376976870452	-3.8902214782865485e-13	-1.1934897514720433e-14	False	False
1060	9.87997339292794	0.23628526644782313	3.656282722886851	10.611561993531838	0.9631438587978165	1.0916407243057216	-0.18317072484403707	0.41501868875597914	13.476859370652216	0.9402482775232323	9.879973299070405	0.23628554807312002	9.879973392927942	0.23628526644783132	12.377724718114512	1.7763568394002505e-15	8.18789480661053e-15	False	False
1073	9.880043066558972	0.23790633766729086	3.1711188865871005	11.59316166305737	0.9735763149721295	1.0924878901114117	-0.2861340163975696	0.4195140341214906	24.449443855189756	1.8141796380566164	9.880042968951138	0.23790636806754217	9.880043066559196	0.23790633766730504	11.963277916582657	2.2382096176443156e-13	1.4183099139586375e-14	False	False
1094	9.880027473292836	0.23899332197925774	4.1428359050741665	11.337894697408109	1.0241224133734965	1.31771689840591	-0.17049074082715895	0.44129434792263966	33.43104669561219	1.3673540753572582	9.880027697357903	0.23899341345052888	9.880027473290797	0.23899332197926346	12.507063526875369	-2.0392576516314875e-12	5.717648576819556e-15	False	False
1126	9.880017362891262	0.23791037341074217	3.8005507814378303	10.993214188650473	0.9810744829093061	1.2021085956402966	-0.2249383717957062	0.42274499468562	62.76765727361441	1.877525937046196	9.880017798140052	0.23791052686336892	9.88001736289135	0.23791037341074556	12.66906216561416	8.704148513061227e-14	3.3861802251067274e-15	False	False
1129	9.88000035708446	0.23814743120025073	3.512446815950007	11.112474375738213	0.9828737130049124	0.9866113061350039	-0.23333681518114346	0.42352028293381677	21.272226000822478	0.33890425299917426	9.879999142782152	0.2381474945753802	9.880000357084404	0.23814743120025114	11.00784712341356	-5.684341886080802e-14	4.163336342344337e-16	False	False
1132	9.880015361407867	0.23896904274267877	3.6439309973665903	11.082886877508605	1.07496061262124	1.4784418150729293	-0.09403326154068797	0.46320052797849237	51.418742889494304	2.4171773507627377	9.88001651254406	0.23896929100090017	9.880015361409203	0.23896904274273092	12.587429178482143	1.3358203432289883e-12	5.215272658176673e-14	False	False
1133	9.88001960636467	0.23810044923663265	3.411971143838472	9.812593731364775	1.0462054770820155	1.4210062370136058	-0.23287248485459552	0.4508099400746405	64.61218839799771	1.2565882549259881	9.880022829878824	0.23810417181618448	9.88001960637264	0.23810044923687299	12.177314757959119	7.970513138388924e-12	2.4033552925573076e-13	False	False
1135	9.879977312504696	0.23840301599069758	3.410021300601858	11.151822556525492	1.0468610553302262	1.4210074605807432	-0.26217128855370114	0.4510924287417945	47.237600071632514	0.7310942601209957	9.879976939839223	0.2384031776771811	9.879977312503117	0.23840301599063604	11.880222533215845	-1.5791812302268227e-12	-6.15341111398493e-14	False	False
1158	9.87993383430791	0.23844212576684048	3.231475523448634	11.26320139436798	1.0182603526163672	1.180958505196218	-0.0863640744314856	0.4387683859423926	6.70051468223827	0.1418470598014592	9.879933918665204	0.23844221637881624	9.879933834308835	0.23844212576687665	12.183627452589603	9.254819133275305e-13	3.6165515027164474e-14	False	False
1161	9.879974754054878	0.23859547619190088	3.5942262090586135	11.158589053656764	0.9810744829093061	1.2021085956402966	-0.2249383717957062	0.42274499468562	41.79979571574945	6.238296264994744	9.879975135166317	0.2385955838732107	9.879974754054613	0.23859547619189025	12.71548441440026	-2.646771690706373e-13	-1.0630385460785874e-14	False	False
1200	9.88001241003241	0.238998681979327	3.3054610401745372	11.49057020461803	1.0302552510813152	1.2782937224693918	-0.2540483957421835	0.44393698769093876	34.32604748695299	0.8212013216614722	9.880012169453623	0.23899874060758267	9.880012410032341	0.23899868197933336	11.719904457930985	-6.927791673660977e-14	6.356026815979021e-15	False	False
1215	9.879959503640062	0.23761360878649582	2.838938456731927	11.48380655871304	1.07496061262124	1.4784418150729293	-0.09403326154068797	0.46320052797849237	28.149139151284913	0.8200518618400251	9.879960224459795	0.23761371506119405	9.879959503639949	0.23761360878649226	12.811136073278625	-1.1368683772161603e-13	-3.552713678800501e-15	False	False
1219	9.879998970244843	0.23781634871684065	2.745136644089167	11.956196412168445	1.0922523759672973	1.4246620589053085	-0.02268118692897725	0.47065154880430843	116.46033297911809	4.137260907099607	9.879999140797677	0.23781638342470943	9.879998970244829	0.23781634871683904	12.412527356359574	-1.4210854715202004e-14	-1.609823385706477e-15	False	False
1238	9.880007519853116	0.23691976178216811	2.545714461360565	11.913194336136504	1.065895601530483	1.5223983949763369	-0.09127881576958984	0.4592944146994851	18.760804391917585	0.16109179762762219	9.880007956080622	0.2369198047877797	9.880007519853127	0.23691976178216792	13.430313130967788	1.0658141036401503e-14	-1.942890293094024e-16	False	False
1262	9.879965705729402	0.23675228073650464	2.9068452462165233	11.62470309293688	1.0302552510813152	1.2782937224693918	-0.2540483957421835	0.44393698769093876	15.745419262754924	0.8392720767100087	9.879965604404918	0.23675232574654462	9.879965705729383	0.23675228073650706	11.855625352454162	-1.9539925233402755e-14	2.4147350785597155e-15	False	False
1274	9.879997933877284	0.2355060315613732	3.409348256576212	11.193754078329192	0.9641451646889632	1.199426086458864	-0.3805685638902576	0.4154501514644742	3.437350701980998	0.21830798180851846	9.87999799542174	0.23550611883365966	9.879997933877316	0.23550603156137928	12.511336397670954	3.197442310920451e-14	6.078471059822732e-15	False	False
1286	9.880019268730681	0.23513880386473418	3.764199065451644	11.190552914607899	1.0260442073914136	1.3199778508197086	-0.270652479706449	0.4421224489649601	0.9344823011991338	0.2718612042293436	9.880018778845011	0.23513891857213975	9.880019268730782	0.23513880386474031	11.884111104397304	1.0125233984581428e-13	6.13398221105399e-15	False	False
1290	9.880029118723224	0.23564804610234005	3.4665871218348623	10.219436267064175	1.0239870689353554	0.9792613128108646	-0.17284990512317228	0.44123602800424466	0.08739938188735694	0.09352705960851851	9.88001060658019	0.23564846927080302	9.880029118723057	0.2356480461023034	10.20169430068586	-1.6697754290362354e-13	-3.6665115388245795e-14	False	False
1296	9.879970577762752	0.23551654003364964	4.16867126077641	11.435254040872174	1.0306843046347416	1.580065494975961	-0.2677059877648718	0.44412186686711014	0.8880147523416291	10.160423714279013	9.879971302536822	0.23551664455419793	9.879970577762824	0.2355165400336522	13.331641833282836	7.283063041541027e-14	2.55351295663786e-15	False	False
1304	9.879987460087952	0.23588687003916012	4.296340555994954	11.49755337928763	0.9546077889582705	1.3829173173774532	-0.4390454424205411	0.41134049626211877	1.8382488511585007	2.070065667615515	9.879987837266425	0.2358869252253843	9.879987460088143	0.23588687003916992	13.612458845948929	1.9184653865522705e-13	9.797718192317006e-15	False	False
1312	9.880021227474	0.23684495192045105	4.308467537173992	10.621524760045348	1.0663617700874604	1.3324608035818177	-0.2049371476462104	0.4594952867306867	5.275370741496008	2.8697805186557663	9.880013119157573	0.23684532838504777	9.880021227477217	0.23684495192059776	10.814833865765824	3.2169822361538536e-12	1.4671597270421444e-13	False	False
1317	9.879995231414538	0.23659215028860467	3.684657720113689	10.668754569165522	1.0944790089142185	1.763368607993459	-0.0643022895650221	0.4716110049411367	6.0321345180799915	1.1434522450964986	9.880006335469677	0.2365931509629711	9.879995231417038	0.23659215028870267	13.801328652776144	2.4993340730361524e-12	9.800493749878569e-14	False	False
1321	9.880027408291925	0.23667594868673159	3.4757258730995315	10.695561834951198	1.035050583844204	1.1968727345640595	-0.22282648599084143	0.4460032965784675	7.825876673120587	1.2973644154758568	9.8800237234219	0.23667623704185162	9.880027408291626	0.23667594868670255	11.176836882186237	-2.984279490192421e-13	-2.9032332093947844e-14	False	False
1324	9.880004519292507	0.23706312817077405	3.098665481188034	11.520783023810703	1.028899294296718	1.4544862139603045	-0.2509799760252142	0.44335270591245574	32.83685913121085	4.195933631818539	9.880005044826612	0.23706320784550608	9.880004519292676	0.23706312817077477	13.035147021884649	1.687538997430238e-13	7.216449660063518e-16	False	False
1351	9.879986277706099	0.23717420812320944	3.2127288496546313	11.323221141433779	1.0140420479573906	1.5377045814904775	-0.35219901798155806	0.4369507184648396	24.399070711804807	0.743039113890583	9.879987166404609	0.237174336843821	9.87998627770609	0.23717420812320936	13.213686637376426	-8.881784197001252e-15	-8.326672684688674e-17	False	False
1384	9.880004586316772	0.23726864107856543	3.23859581073681	11.24201614784297	0.9860379644596928	0.9301469195813258	-0.24053027142797162	0.42488375888568164	4.570267302282994	0.18731317090989855	9.88000336543373	0.23726867858085487	9.880004586316764	0.23726864107856355	10.514608902619724	-8.881784197001252e-15	-1.887379141862766e-15	False	False
1394	9.880039417680237	0.2360348302436557	3.8885433413644503	11.317630500691212	0.9810744829093061	1.2021085956402966	-0.2249383717957062	0.42274499468562	4.342686274186054	0.9502040005442886	9.88003957802656	0.23603490110989703	9.880039417680315	0.23603483024365768	12.651202962760213	7.815970093361102e-14	1.970645868709653e-15	False	False
1398	9.880026311609319	0.23662682360423173	3.59664152848273	10.758479600041364	0.9347094444237737	1.2977257178700823	-0.4500879386983643	0.40276629960220406	3.0907940640929885	0.7117240042103418	9.88002856589646	0.23662709605240007	9.880026311608617	0.23662682360418427	13.808322292952873	-7.016609515630989e-13	-4.746203430272544e-14	False	False
1400	9.879985682135711	0.23763166831113447	3.1377390408135577	10.748252827993547	0.9760467632748863	1.2724230630215183	-0.4641571808813778	0.4205785502951485	62.71436843103903	20.290697837043673	9.879984838777156	0.23763193182150935	9.879985682135521	0.23763166831112983	11.969292371727269	-1.900701818158268e-13	-4.6351811278100286e-15	False	False
1408	9.879989385859947	0.2372657117486073	2.951650965708051	10.691772306156812	0.9549829783017277	1.3962927551591524	-0.6508755331199944	0.4115021653502145	62.59245091377923	0.9980559874824562	9.879988005322335	0.23726601279131754	9.879989385865064	0.2372657117488657	11.788957092810676	5.1176840543121216e-12	2.584044089815052e-13	False	False
1411	9.880021843093532	0.23794899102157627	3.4972965332288863	11.274211670712841	0.9310149988367404	1.1772617658141693	-0.6207371288144707	0.4011743629987515	61.84204630053024	0.9880112601073464	9.880021409678816	0.23794904245725657	9.880021843093763	0.23794899102158773	11.750347738992883	2.3092638912203256e-13	1.1463052729254741e-14	False	False
1413	9.880019542484174	0.2388481899612425	4.458952660925044	11.702543534495293	1.0114487912900871	1.2902494729796645	-0.2655664883404474	0.43583328416689854	43.32401952857544	0.7005592815935648	9.88001945299333	0.2388482228608754	9.880019542484161	0.23884818996124232	12.079375730930535	-1.2434497875801753e-14	-1.6653345369377348e-16	False	False
1416	9.880021893988962	0.23900361985664645	4.185866761844202	11.905151986671749	0.9810744829093061	1.2021085956402966	-0.2249383717957062	0.42274499468562	35.73765970730228	0.8248925214275331	9.880021929629935	0.2390036381641425	9.880021893988912	0.23900361985664353	12.591000721006793	-4.973799150320701e-14	-2.914335439641036e-15	False	False
1429	9.880011700730792	0.23937763143432683	4.280961219832109	11.87472302209436	0.9568105257304402	1.415286030197775	-0.45568028495116686	0.4122896555372467	6.469507110887902	0.18102772156527044	9.880011883240135	0.2393776563209247	9.880011700730773	0.2393776314343262	13.633286368535009	-1.9539925233402755e-14	-6.38378239159465e-16	False	False
1483	9.880039508111947	0.23924963037927124	3.893156489564162	11.593441670131199	1.0067962594172235	1.3333387113924513	-0.3598694388042624	0.4338285081828816	12.031435483602731	1.8597143920522698	9.880039312995333	0.23924967352360257	9.880039508112006	0.23924963037927416	11.865750248507945	5.861977570020827e-14	2.914335439641036e-15	False	False
1496	9.880010459841932	0.23999538303850823	4.396872123388376	11.474762414746845	0.9829262314633409	1.2793949871999344	-0.5030854528878788	0.4235429131375536	1.249057999115411	0.10381620720301524	9.88000953134879	0.23999541586480833	9.880010459841747	0.23999538303850051	10.688119035618396	-1.8474111129762605e-13	-7.716050021144838e-15	False	False
1504	9.880007536943593	0.23922590706507707	3.9076210908968902	10.478729838935307	0.9395432563637441	1.0891756595270343	-0.4972842747095837	0.40484918916713736	26.070646387309594	20.87224644954274	9.880004236150217	0.2392261936245858	9.880007536944728	0.23922590706509542	11.574756733489806	1.13509202037676e-12	1.8346435481930712e-14	False	False
1529	9.880013319834893	0.2389225043918687	3.1920372023667087	10.929419399551598	1.0462054770820155	1.4210062370136058	-0.23287248485459552	0.4508099400746405	48.65753052968013	1.8663722336153947	9.8800138925677	0.23892279955078113	9.88001331983473	0.2389225043918624	12.284072541543225	-1.6342482922482304e-13	-6.300515664747763e-15	False	False
1551	9.88002577583844	0.2375956522093287	3.2732063453873415	10.371472405909316	0.9810744829093061	1.2021085956402966	-0.2249383717957062	0.42274499468562	42.90919997418394	0.8818614407077272	9.880028694665969	0.23759632791849555	9.880025775838307	0.23759565220931816	12.785205398863196	-1.3322676295501878e-13	-1.0547118733938987e-14	False	False
1557	9.879992319923625	0.23627481093861388	3.3389171823906136	10.314627425282664	0.9715169402941093	1.3247790445676668	-0.3926459534082668	0.4186266495727317	9.896810037519721	0.23064541038924233	9.879997015623271	0.2362756732832409	9.879992319924279	0.23627481093859742	13.111821862866783	6.536993168992922e-13	-1.6459056340067946e-14	False	False
1578	9.880030182404788	0.23679733694064567	3.490736707252867	10.286464146655737	1.034208533950113	1.7576825559489304	-0.3798699137096763	0.44564045727910373	15.183740411260304	1.5342055019442975	9.880039607341857	0.23679909147766726	9.880030182393453	0.2367973369401999	12.955639713833143	-1.1334932992212998e-11	-4.45782299962616e-13	False	False
1588	9.880044690184397	0.23814472532227393	4.2169980113899825	10.29790462181749	1.0067962594172235	1.3333387113924513	-0.3598694388042624	0.4338285081828816	18.40615027216649	1.212227670759995	9.880039389516803	0.23814552989828658	9.880044690183672	0.23814472532223963	11.764629132104739	-7.247535904753022e-13	-3.430589146091734e-14	False	False
1633	9.8800599721214	0.23805877458117733	3.6117307155312357	10.322619371115794	1.035050583844204	1.1968727345640595	-0.22282648599084143	0.4460032965784675	3.103993693371227	0.16863894119483752	9.880050919998123	0.23805944784877422	9.880059972123636	0.23805877458125096	11.13299980741701	2.2364332608049153e-12	7.363554210826351e-14	False	False
1637	9.880085602758962	0.23703799387580624	3.5996714739198032	10.807527956053205	0.9655742134321293	1.4435525308409183	-0.6058337543074419	0.41606592856790453	0.5747942882867411	0.1851789484992351	9.880083994700666	0.23703822763501356	9.880085602756855	0.23703799387579047	11.733973199061124	-2.106759211528697e-12	-1.5765166949677223e-14	False	False
1644	9.879993943712755	0.236978335626614	3.1477117549052176	10.445397844008435	0.9546077889582705	1.3829173173774532	-0.4390454424205411	0.41134049626211877	5.367486128813196	9.338099278633715	9.880000509220267	0.23697903128931244	9.879993943714382	0.23697833562662485	13.902419589017335	1.6271428648906294e-12	1.0852430065710905e-14	False	False
1646	9.87998425877584	0.2367690357779091	3.688006847934104	10.820013256481724	1.029753554162171	1.5302951877749864	-0.3033412750022723	0.44372080648847945	25.338928851215307	4.72081869298058	9.879985980047616	0.23676943579864845	9.87998425877606	0.23676903577791777	12.81727951655276	2.2026824808563106e-13	8.68749516769185e-15	False	False
1659	9.879988003463007	0.2370849474791214	3.275211159669093	10.630174808791573	1.0182603526163672	1.180958505196218	-0.0863640744314856	0.4387683859423926	62.228361701250236	2.455840263281912	9.879988198243685	0.23708532990518502	9.879988003460813	0.2370849474790367	12.170065542841414	-2.1938006966593093e-12	-8.471001677889944e-14	False	False
1678	9.880010790706024	0.23683693336565378	4.401874463775146	9.90080711352921	1.0062171192736917	1.1649028066501321	-0.10520330163954607	0.43357895669503377	44.85675993230651	0.7208410876644578	9.880005653917738	0.2368386549861968	9.880010790705738	0.23683693336563405	12.020150260729428	-2.859934511434403e-13	-1.9734214262712158e-14	False	False
1683	9.880028319165438	0.23807530663171078	3.5370066676048655	9.33985909213636	1.008933337226102	1.5232336884180242	-0.3816456580490663	0.43474937501072736	39.35796290738015	0.8774143064897105	9.880082540547399	0.23808664957165776	9.880028319157464	0.23807530663169693	12.782835102521318	-7.974065852067724e-12	-1.3850032232198828e-14	False	False
1693	9.880012868946203	0.23858487619796492	3.1279215886118994	9.716491063033178	1.035554576315813	1.1556112865629535	-0.1335475112829525	0.4462204669344838	41.49093812763356	1.05419424844911	9.879995048532612	0.23858786515100774	9.880012868943243	0.23858487619792532	11.474808309731728	-2.9594104944408173e-12	-3.960720640350246e-14	False	False
1703	9.880019625926618	0.23935420549372477	3.0775162616034866	9.561735150770593	1.008933337226102	1.5232336884180242	-0.3816456580490663	0.43474937501072736	16.473388039083023	0.39703580546691736	9.880066789652112	0.23936148371861346	9.880019625918967	0.2393542054933587	12.992605137524311	-7.650768907296879e-12	-3.6606828679452974e-13	False	False
1709	9.880032454692536	0.23708727719662775	2.7978624415254005	9.952711540254747	0.9641451646889632	1.199426086458864	-0.3805685638902576	0.4154501514644742	24.7506821818011	1.5024645885278876	9.880038293835948	0.23708895258438922	9.880032454694495	0.23708727719662726	12.683746814357892	1.9593215938584763e-12	-4.996003610813204e-16	False	False
1736	9.880036679971667	0.23726100791883706	2.801136406025322	9.592596635359191	1.0238708212439638	1.4885714985867948	-0.21299885332483587	0.441185936874024	6.042353212558396	0.2441287544389896	9.880116289151081	0.2372685275933212	9.880036679965768	0.23726100791896262	13.656341228900281	-5.899281063648232e-12	1.255662240851052e-13	False	False
1738	9.880022345000423	0.23911234718762178	3.2270826216727806	10.247339304889547	1.0045875440862184	1.260382603650065	-0.4327624762832166	0.4328767727467515	4.487331260539611	0.7426463006520647	9.880008368308472	0.2391130655903424	9.880022344999599	0.23911234718756402	10.76426463132719	-8.242295734817162e-13	-5.775935285612377e-14	False	False
1739	9.880042441648975	0.23855244743811854	2.4031044746809402	10.114931645876222	1.0505627012821428	1.190056388676984	0.0005187415329482303	0.45268746798247533	34.27610432873663	7.63841631888234	9.880045051349033	0.23855397154917654	9.880042441645106	0.23855244743810008	11.985741162285796	-3.8689051962137455e-12	-1.8457457784393227e-14	False	False
1760	9.880055134945602	0.23800411677492908	1.4614423231121823	10.532463483554471	1.1137087815423137	1.4584619717693323	-0.11742396401134625	0.47989711396658297	13.512499412820375	0.3942250637127299	9.880059754332917	0.23800529672959128	9.88005513494986	0.23800411677508257	11.883093144998115	4.2579273440424e-12	1.534883331544279e-13	False	False
1770	9.880035445776846	0.23750146136164574	1.8799963986305686	11.21734334530488	1.0542104143693443	1.2691732072617212	-0.20194566042346696	0.45425926755175045	29.639848848243062	2.1935134235877483	9.880035571785609	0.23750160522202005	9.880035445777052	0.23750146136164518	11.82424458082761	2.0605739337042905e-13	-5.551115123125783e-16	False	False
1771	9.88002574021615	0.23832191024592145	1.5590579846816797	10.117263641785538	1.099651973863392	1.1245201569973584	0.11768729579221565	0.4738400355377357	45.64336051880254	1.5399322969728337	9.880022415446126	0.23832357007436936	9.880025740217105	0.23832191024595717	11.22973639522976	9.556799795973347e-13	3.572142581731441e-14	False	False
1778	9.88002265056609	0.2371844499555381	1.3101842634513696	10.946943693077909	1.027198934423005	1.2365221508810174	-0.31641562116431	0.4426200208428729	39.464351969688124	0.8646241538992511	9.88002368456985	0.23718471972025837	9.880022650566287	0.23718444995555932	12.021193282366902	1.971756091734278e-13	2.120525977034049e-14	False	False
1785	9.879984783092768	0.2378729537678767	1.56322106179429	11.363466313624537	1.0260442073914136	1.3199778508197086	-0.270652479706449	0.4421224489649601	57.148427880766015	1.4481025286988298	9.87998566641236	0.23787306879678027	9.8799847830928	0.23787295376788298	12.785692089744844	3.197442310920451e-14	6.2727600891321345e-15	False	False
1793	9.880012660489484	0.2401231388422563	0.7600832759358472	11.722386150106825	1.0508493468405669	1.2532608240609837	-0.09378815927467216	0.4528109835536003	5.717742090364982	0.10005073284420753	9.880013487298204	0.24012320627178207	9.880012660489584	0.24012313884226089	13.09573819179368	9.947598300641403e-14	4.579669976578771e-15	False	False
1821	9.880002806877231	0.23984886067259578	0.6207864625612904	10.910605248933932	0.9760467632748863	1.2724230630215183	-0.4641571808813778	0.4205785502951485	1.8448099666573086	0.3226465862750288	9.880008477182965	0.23984925244368865	9.880002806877238	0.2398488606725999	13.876053343947074	7.105427357601002e-15	4.107825191113079e-15	False	False
1827	9.879987003045455	0.23849224941587563	0.8720335215606347	10.153264759174498	1.035079217240261	1.3231271581311996	-0.035483813331918884	0.44601563470882843	15.378931932708307	8.336323095963138	9.880019819633597	0.23849462818168216	9.879987003049727	0.23849224941605726	13.759835943158434	4.272138198757602e-12	1.816324868286756e-13	False	False
1839	9.880019145493996	0.23870298908087328	0.9915262113895161	9.525741192201476	1.0742768738986428	1.6651387759869758	-0.1661657844393199	0.46290590496292516	2.701661264532633	0.17567288003835105	9.880271857266921	0.23871960824645486	9.880019145498885	0.23870298908073112	14.198894192839298	4.888534022029489e-12	-1.421640583032513e-13	False	False
1840	9.880017060939899	0.23927626971756868	1.3790119649769639	9.295750722741438	1.0010944972517535	1.2455908347264257	-0.37203332068579165	0.43137161886578057	29.22244372240189	10.816472111449974	9.880093462085355	0.23928784797613736	9.880017060942004	0.23927626971780097	12.419947910261147	2.104982854689297e-12	2.322864123271984e-13	False	False
1848	9.879979454469778	0.2392221552108246	1.0066403460615387	9.449324865782446	0.9848013580502953	1.2085830225155716	-0.4377615419656993	0.42435090518387225	27.532090179269797	0.9421556403978538	9.880051693732145	0.23923052048160554	9.87997945446739	0.23922215521094245	12.631007355268231	-2.3874235921539366e-12	1.1785017406396037e-13	False	False
1864	9.880000475486474	0.23981630376188298	0.66464532475514	9.303743031052518	1.0663617700874604	1.3324608035818177	-0.2049371476462104	0.4594952867306867	14.238308968986962	0.5171532156213716	9.880267058577468	0.23983830441769552	9.880000475464152	0.23981630376176669	12.715326568177957	-2.2321700043903547e-11	-1.1629586182948515e-13	False	False
1865	9.880006024977037	0.239161853032111	0.6225000243369896	8.343156906267737	1.0029442007172802	1.6335075422432772	-0.40952946205285445	0.43216865608907606	22.18672789362912	1.5582417787080567	9.884060944080769	0.23939135971742684	9.880006024987168	0.2391618530325003	13.11768709179352	1.0130563055099628e-11	3.8929970358481114e-13	False	False
1871	9.880016964758797	0.23947959117326478	1.0710397428283784	8.124581790802804	1.0292872078055864	1.3671422344948354	-0.2673540472242893	0.4435198578434272	8.737661056885665	0.3938237805401972	9.882963853277099	0.23973724155629994	9.880016964768696	0.23947959117300396	11.23167787704204	9.899636665977596e-12	-2.608191440600649e-13	False	False
1878	9.880008470882274	0.24032742293150214	1.6369653163153963	8.338396526062597	0.9652209957608778	1.9049998858381822	-0.3069818394048797	0.41591372707336227	0.032036518450505654	0.003666486745358411	9.884063115729996	0.24052798348465187	9.880008470995703	0.24032742293591244	14.751767021996043	1.1342926597990299e-10	4.410305454172203e-12	False	False
1879	9.880013205099406	0.2406832202843329	2.206023386722374	8.630302857259297	1.0064220179012735	1.6203586859478913	-0.24406358497541802	0.43366724751365876	0.2002780559242791	6.25155496324283	9.881337547368075	0.2407686063217548	9.880013205055006	0.24068322028167993	13.954145397291505	-4.440003920080926e-11	-2.6529611840686584e-12	False	False
1880	9.87998900649066	0.2413516269002182	2.31873086211333	8.790676884733712	0.9715169402941093	1.3247790445676668	-0.3926459534082668	0.4186266495727317	0.16495764238571536	0.8236431176867542	9.88030744406353	0.2413859176155343	9.879989006509678	0.2413516269010137	13.057738913409992	1.901767632261908e-11	7.955025527195403e-13	False	False
1885	9.879967189617604	0.24061291965781856	2.143292172637895	9.127639206898914	1.029753554162171	1.5302951877749864	-0.3033412750022723	0.44372080648847945	0.7691773407162404	4.662877873325183	9.880213997769669	0.24063780918154595	9.879967189606205	0.24061291965654716	13.118289808452865	-1.1398881838431407e-11	-1.2713996522251136e-12	False	False
1892	9.87992943575666	0.23895693361386725	2.079591412274612	8.220124042352873	0.9725844829413233	2.067257564887699	-0.30465704044243735	0.4190866536994162	0.21401562297592278	0.27823963557823517	9.886066009132387	0.23925387168838766	9.87992943547416	0.23895693360220652	14.012950641850486	-2.8249935724034003e-10	-1.166072793878925e-11	False	False
1893	9.879921799874118	0.2389876725486171	2.1474477383129074	7.72259009217255	0.9632134781843924	1.825845802195852	-0.4414756400087858	0.4150486877496547	0.04751903918246024	0.22203537536979828	9.892797947581156	0.2397234140181747	9.879921799965757	0.23898767255372086	10.332422719403727	9.163869663098012e-11	5.103750755353076e-12	False	False
1895	9.879940359927708	0.23881834536754404	2.1137264249894656	8.968719388689834	0.9998238787418251	1.4050766677414055	-0.3154299861185186	0.43082410934985244	2.8829067249154434	60.668455728784046	9.880236440757496	0.23884659368959196	9.879940359930249	0.23881834536768745	13.290308645679877	2.540190280342358e-12	1.434130592059546e-13	False	False
1897	9.879977164842222	0.24117219976811247	2.4582256861741953	9.366215048370178	1.0301304810823841	1.5826639637031301	-0.3240413383336541	0.4438832242983993	0.19269578856471456	0.06684079887127337	9.880112407360551	0.24118680759876662	9.879977164843638	0.24117219976829812	13.183367367352833	1.4157564010019996e-12	1.856570452929418e-13	False	False
1905	9.879958817486179	0.24041718392824682	3.0112171367296656	9.443780574951557	0.9641451646889632	1.199426086458864	-0.3805685638902576	0.4154501514644742	1.4622061197048828	7.588158156418756	9.879976161944233	0.24042260223037387	9.87995881748435	0.24041718392804282	12.569023194114472	-1.8278711877428577e-12	-2.0400348077487251e-13	False	False
1912	9.87996468166815	0.24025808178476443	2.5659181941629097	9.268767280444202	1.0174320705631659	1.2266557549398867	-0.2880687610163335	0.4384114792056682	2.257200021371269	1.5436948258887329	9.879951470666049	0.2402678588198553	9.87996468167702	0.24025808178577404	11.723725895501905	8.86934969912545e-12	1.0096090630185017e-12	False	False
1919	9.880041143887947	0.23990194901408948	2.840325338230255	8.584421436543069	1.0260442073914136	1.3199778508197086	-0.270652479706449	0.4421224489649601	3.326113513594252	1.4735572754308273	9.880130811587787	0.2399582039572676	9.880041143903268	0.23990194901568548	11.64161257928151	1.532107773982716e-11	1.5960011090498938e-12	False	False
1938	9.880047736113386	0.24003163260730054	2.6500598618783067	8.950947712098282	1.0535972912657838	1.4521869194832415	-0.2389810962883735	0.45399507280642626	2.4661497120328533	0.741450856067715	9.880160773770175	0.24006377457650363	9.880047736179941	0.24003163261035934	12.007268377544428	6.655476170180918e-11	3.0588032107203844e-12	False	False
1940	9.88000725918538	0.2397348866605363	2.5604825305178407	8.55779055924456	1.07496061262124	1.4784418150729293	-0.09403326154068797	0.46320052797849237	19.957819270987113	8.092703850706547	9.880773081003502	0.2398304023057524	9.880007259180308	0.23973488666089657	11.96740234583833	-5.071498776487715e-12	3.602673714908633e-13	False	False
1953	9.880003046044246	0.23913623864966113	3.542219729779072	8.644248054528187	1.028899294296718	1.4544862139603045	-0.2509799760252142	0.44335270591245574	42.401849497685944	2.124573277368332	9.880337965993567	0.23919494021563303	9.88000304605381	0.23913623865076708	12.256056410620133	9.563905223330949e-12	1.1059486659803497e-12	False	False
1960	9.879984336080328	0.23751228095585125	3.0449400508288202	8.841433170758759	1.062277819016127	1.3363947193603434	-0.23128243977951604	0.4577355122140492	12.252161586160046	0.288953470928873	9.879684761384192	0.23754102127351207	9.879984336207409	0.23751228096216073	10.896606826459736	1.2708056829069392e-10	6.3094807156716115e-12	False	False
1966	9.879955561390592	0.23986597161529102	3.0618859100483244	9.222719680239074	1.0750306066559225	1.3059346008438115	-0.20589096555072928	0.46323068840803705	0.3802182280156157	0.031032746780380982	9.87976048997612	0.23987688566091872	9.879955561460886	0.2398659716186244	10.577752022285663	7.029399284874671e-11	3.3333891202858013e-12	False	False
1969	9.879975905046713	0.2401195743117167	3.350938120416447	8.870697431096255	0.9786289207799845	0.953790026676525	-0.17990323021415439	0.4216912019640953	1.538834476752862	4.047240146229027	9.879790719016862	0.24013044184124757	9.879975905046813	0.24011957431220668	10.96028880863676	9.947598300641403e-14	4.899691763426972e-13	False	False
1971	9.880039670038274	0.23882620459960804	3.822993475234539	8.481315855007113	1.067285852623142	2.116557328777225	-0.3714444838399098	0.4598934738953119	5.641656696551744	3.6661881324990606	9.880351580188767	0.23899111424172026	9.88003967098639	0.23882620465542378	11.025319292083333	9.481162521751685e-10	5.581574091806374e-11	False	False
1979	9.880065601254447	0.23783538982216443	3.6650331891461807	7.759376492686407	0.9374501955606435	2.2147558203238393	-0.311042474888774	0.4039472892670813	2.824806031058632	0.5007050558012847	9.896875665367515	0.23861527209660327	9.880065601319224	0.23783538980752586	11.347002793488626	6.477662850556953e-11	-1.4638568135438845e-11	False	False
1986	9.880036768394195	0.2378783394840183	3.099504080903329	7.900658060152169	0.9713769649257445	1.471905019859494	-0.3244701109346233	0.41856633418650335	14.990848147958323	5.306859296933855	9.884029471436788	0.23819291227028744	9.880036768501016	0.23787833950431153	11.304412541670189	1.0682121853733406e-10	2.029323931118654e-11	False	False
1990	9.880067433992977	0.23744014560170643	3.5586619556328656	7.8651319324153794	0.9526935271228424	2.6809133205762326	-0.30690276211200285	0.4105156408372328	3.639704636465288	0.24279511075969357	9.900273418372526	0.23831585413376558	9.88006743396616	0.2374401456000735	11.70215045640471	-2.681765920442558e-11	-1.6329160246186802e-12	False	False
1994	9.880039519627639	0.2378610585330174	2.4778068352007376	7.747234349032318	0.9455498685739757	3.864918672531748	-0.2972504946613133	0.40743743836852614	1.9174450177477602	0.5268133569238996	9.929706114372104	0.2398150197143606	9.880039519583432	0.23786105852649045	10.342670750677916	-4.420641630531463e-11	-6.526945650620064e-12	False	False
1999	9.880016999157476	0.23872866420135383	3.47472012799214	8.048563925323096	0.9933343706504226	3.3818270770822356	-0.3412264240293703	0.4280277803132671	46.181453194559644	24.08489044906466	9.904629109428486	0.23975462717893684	9.88001699919837	0.23872866420335082	11.644702513960901	4.0893510799833166e-11	1.9969859099688847e-12	False	False
2027	9.88000748296337	0.2383566189738836	3.4187563521057247	8.016487665506977	0.973059483900228	3.4200375309097955	-0.27896624536631354	0.41929133161260823	98.27783973135406	2.1280802775372947	9.904320451345642	0.23934759674246542	9.880007482719805	0.23835661896203925	12.17290810419529	-2.4356516803436534e-10	-1.1844358827062251e-11	False	False
2036	9.880004791158134	0.23815444194767846	2.8060320441602777	8.100462067426806	0.9608104139874912	4.129158960328741	-0.29005610852753333	0.41401320738721	92.40601238954937	0.9402527837622852	9.906512317424909	0.23919001807719018	9.880004791057845	0.23815444194297725	12.962256618994205	-1.0028955443885934e-10	-4.70121164219961e-12	False	False
2050	9.880029933841186	0.23728855293125675	2.557130524679857	8.0706029326754	0.9636231132661561	4.200800766867092	-0.16179827276446918	0.4152251995063867	55.944323749830254	0.605418655162716	9.907810115803432	0.23836898687528912	9.88002993387079	0.23728855292935216	12.958541514412698	2.9604763085444574e-11	-1.904587598744456e-12	False	False
2084	9.880003831061497	0.23724631316498487	2.304978688679548	7.90394216216731	0.9516311602998772	3.331869599355964	-0.3309992958609208	0.41005786697321706	58.49119776237141	1.0455251550439715	9.908187221835677	0.23838746752242096	9.880003831021392	0.23724631316547837	11.739864337533888	-4.0104808363139455e-11	4.934941344458821e-13	False	False
2103	9.88000591077736	0.2367892596710947	2.8942950994474015	8.178240536944024	0.9732446951636002	1.2676019673669279	-0.21388919038247833	0.41937113914599533	39.398658220706665	0.6735826881297451	9.881147285078002	0.2369129648617379	9.880005910735415	0.2367892596682523	12.153066031995278	-4.1945114048758114e-11	-2.8424207432209414e-12	False	False
2116	9.880014342380669	0.23867102406057356	2.375238416336403	8.93642331106456	1.0796049528721705	1.7499049981167378	-0.21048086502057178	0.46520177419261827	49.95745895801091	1.267998993218375	9.880551721381305	0.23872591746401298	9.880014342251464	0.2386710240562798	12.76997964155791	-1.2920509107061662e-10	-4.293759792162177e-12	False	False
2129	9.879998565248815	0.23899758223602577	2.7340302259139673	8.802177907960443	1.07496061262124	1.4784418150729293	-0.09403326154068797	0.46320052797849237	61.76813475925545	1.2364146625466155	9.88038814493948	0.23905025526406495	9.879998565045073	0.23899758223285472	12.302853773281152	-2.0374280040869053e-10	-3.1710467585099877e-12	False	False
2133	9.879976824246715	0.2384715436058075	2.723195054027976	9.45320731631194	1.0356117583847473	1.189659438434475	-0.15853912481972712	0.4462451066879876	43.8618067702006	0.7101041166477553	9.879963648555533	0.23847781699943102	9.87997682427018	0.23847154360652886	11.693527146374612	2.346567384847731e-11	7.213674102501955e-13	False	False
2156	9.87996348882551	0.2383072202972412	2.316564282017455	9.04513858263974	1.028899294296718	1.4544862139603045	-0.2509799760252142	0.44335270591245574	22.862566334361937	0.5212408703121323	9.88020825914897	0.23833380804404966	9.879963489281089	0.23830722029518697	13.004209960146786	4.5557868588730344e-10	-2.0542179068883115e-12	False	False
2159	9.879981543985599	0.23846495556240127	1.5648969600523523	9.204442397192631	1.028941175173323	1.2156133497059485	-0.3179457909062572	0.44337075238218493	33.841485291414614	1.4802137606289458	9.879979642034392	0.23847819471699375	9.879981544004442	0.2384649555626216	11.490215285517998	1.8843593352357857e-11	2.2032375923686232e-13	False	False
2169	9.879969843095225	0.23747338965156042	1.8136666234772103	9.153396473876004	0.9641451646889632	1.199426086458864	-0.3805685638902576	0.4154501514644742	27.78903572473789	0.8211529572488299	9.880066390608432	0.23748581595176568	9.879969843119733	0.2374733896526623	12.964787910329544	2.4508395313205256e-11	1.1018685963648522e-12	False	False
2180	9.880006124517413	0.23596728438010844	1.335742447859797	9.127522138862982	1.0508493468405669	1.2532608240609837	-0.09378815927467216	0.4528109835536003	12.396368359481466	0.44608846749029796	9.880168080309415	0.23598750181685066	9.880006124409066	0.2359672843737205	12.46464054222605	-1.0834710906237888e-10	-6.3879457279369944e-12	False	False
2184	9.880002021435393	0.23632441406094984	1.43694602449829	9.218789750454329	0.9883653634694028	1.0169913502387264	-0.2187710877705054	0.4258866351189657	18.633655390735964	1.5031543796037536	9.88001685969889	0.23633311753960845	9.880002021430977	0.236324414060702	11.88369158979308	-4.416023102749023e-12	-2.4782953467195057e-13	False	False
2186	9.880002633519675	0.23632502511448572	1.0086711284067453	8.860614846396071	0.9744559036114234	0.9366067426894684	-0.19515819611824028	0.41989304886616236	18.159534231663418	0.9745556548551251	9.880071470933114	0.23634452339820416	9.880002633484775	0.23632502511385434	11.796251577266581	-3.490008282369672e-11	-6.313838341043265e-13	False	False
2189	9.880002633672959	0.23678394879272205	0.5654331735408644	8.335559373457432	1.041404086559821	1.9566730588402645	-0.1347913279681543	0.4487410208986269	16.059479870706898	0.8843552739753197	9.886811827099878	0.23711296957292458	9.880002633358853	0.23678394877875494	13.419257709292545	-3.141060744837887e-10	-1.396710525014555e-11	False	False
2192	9.880003932451945	0.2361294086646686	0.8395351745743687	7.940233340273054	0.9410236627995295	1.9090041644535676	-0.31544881815279674	0.40548709630031726	10.997071276613614	0.6847713229288758	9.890562723385829	0.23662603681111055	9.880003933191924	0.23612940869356808	12.80458726839643	7.399787449458017e-10	2.8899466153475828e-11	False	False
2194	9.879993370148451	0.2373261955155889	0.6682360352179622	8.152067492333462	1.026109562600828	1.786662786437829	-0.44819426423848197	0.44215061052469684	34.286638358277905	3.117797229448891	9.887047619291184	0.23776300721768293	9.879993370035502	0.23732619550999212	11.457834803393608	-1.1294964963326493e-10	-5.596773045013492e-12	False	False
2197	9.879998132825998	0.23707045617567105	1.263310314766199	8.718434557392355	1.0029442007172802	1.6335075422432772	-0.40952946205285445	0.43216865608907606	7.670672357498307	0.22372191398129174	9.8810987727042	0.23714530142706927	9.879998132836294	0.2370704561763511	13.796970737835249	1.0295764241163852e-11	6.800671137341396e-13	False	False
2204	9.87996868726738	0.2386315072240547	0.9936656122779254	8.236654983900314	0.9906361076672983	1.9614358558811524	-0.4854899814159054	0.4268650987938388	24.186658348736213	3.153134069804591	9.885865823279124	0.23895115042623047	9.879968687269644	0.23863150722325674	13.018778971336149	2.263078613395919e-12	-7.979727989493313e-13	False	False
2220	9.879967426529921	0.23923183480451182	1.699402227215257	7.889986079599513	0.9395432563637441	1.0891756595270343	-0.4972842747095837	0.40484918916713736	4.5838191790816545	0.1895184987107227	9.880674484070699	0.23940959531843206	9.879967426344711	0.23923183479449195	10.933697421468429	-1.8521006950322771e-10	-1.00198738195445e-11	False	False
2236	9.880006439614462	0.23851045608177474	1.1710715159881429	8.248129992111693	0.9911340026503759	0.9643668605561039	-0.27332751991455906	0.427079641742047	14.891458582606544	3.248701137811892	9.880011385418989	0.2385931298287592	9.88000643964573	0.23851045608347277	10.923619229627413	3.126743308712321e-11	1.6980306050129457e-12	False	False
2240	9.880015781792734	0.23812304795507025	1.155550761377789	8.589501175969545	1.028899294296718	1.4544862139603045	-0.2509799760252142	0.44335270591245574	50.187278953237374	3.37020572396158	9.881265852435632	0.23821710069258592	9.880015781756844	0.23812304795476355	12.92085311262527	-3.588951358324266e-11	-3.066991105526995e-13	False	False
2246	9.880017032085002	0.2381406592273881	1.553420827465947	8.492877816231909	1.030938525883383	1.2540103177015425	-0.12663275044604871	0.4442314108031497	77.44823530602682	1.54318458624127	9.880728082716908	0.23822181051473026	9.880017031337609	0.23814065922986424	12.098471700996544	-7.473932583934584e-10	2.4761304118214866e-12	False	False
2254	9.880030492895918	0.23563941560528567	1.217434684936313	8.348802892589294	0.9655813979659205	1.2987327074269222	-0.40834670738286133	0.4160690243835151	2.2813862026996308	0.029456916528633924	9.881327005832516	0.23574431431614862	9.880030492919156	0.23563941560646384	12.797940275518231	2.3238300173034077e-11	1.1781686737322161e-12	False	False
2263	9.880065090953757	0.2367032991930974	1.8710236528572468	7.993749436393904	0.9423305333907899	2.6479552305117307	-0.45852109131178487	0.40605022683809133	2.0345694573908357	0.891812817568227	9.895155156893747	0.23735467381515163	9.880065090840315	0.23670329918599636	12.950888608942808	-1.134417004777788e-10	-7.1010419766537325e-12	False	False
2266	9.880045716258197	0.23646689703925308	1.844300985778028	8.24535662531985	0.9632134781843924	1.825845802195852	-0.4414756400087858	0.4150486877496547	1.0826968767068497	0.5321503636918434	9.884054656778893	0.2366861534614139	9.88004571632417	0.2364668970417265	13.78611378524538	6.59738930153253e-11	2.473410365411155e-12	False	False
2270	9.880032095963802	0.2362980322096236	0.938944349148851	8.09417947354065	0.9331318757163917	1.81103529052638	-0.5072889809939367	0.40208652524619315	1.6117282722652153	1.4886237384996224	9.886251151798158	0.2366072363631686	9.880032095988867	0.23629803221022194	13.794589065621617	2.5064395003937534e-11	5.983546991217281e-13	False	False
2271	9.880013591352682	0.23716996600767595	0.5661536476682303	8.42011398470491	0.9920533393785083	1.4922033807990793	-0.33826677266952215	0.42747578393819924	10.157497972986706	6.3022397433723585	9.882919791063294	0.2373316957947777	9.880013591445799	0.23716996601188015	13.669679074145288	9.311662552136113e-11	4.204192549650543e-12	False	False
2273	9.880048271819026	0.23784275223874046	0.9244575345716108	8.651729745954764	1.0663617700874604	1.3324608035818177	-0.2049371476462104	0.4594952867306867	17.6116322200347	1.7338553516694608	9.880799392342004	0.23792603033703352	9.880048271870194	0.23784275223993145	11.85314277672766	5.1167958758924215e-11	1.1909917496666367e-12	False	False
2283	9.880027204517988	0.23832236302962911	1.187211993601328	9.02534491820898	0.9988629540379105	1.292838009320131	-0.46403498565920664	0.4304100468949356	47.64618476952211	2.7053815440979174	9.880162771701462	0.23834571424873943	9.880027204519882	0.23832236302984924	12.039036100412432	1.893596390800667e-12	2.2012947020755291e-13	False	False
2294	9.880050558838377	0.23853509720826313	1.0975872000255276	9.29285834778904	1.0427885530840009	1.1979327053232929	-0.11210149973683961	0.44933758752389596	18.062616670047806	0.37909890912403005	9.880166959752557	0.23854881383155663	9.880050558927904	0.23853509721228866	12.456874826642393	8.952660834893322e-11	4.0255299094127395e-12	False	False
2296	9.879974911377653	0.23737028122868717	0.9348260843067703	9.180016183670645	1.050373406388211	1.2581738748326823	0.06656848550756134	0.45260590081268015	62.36477374756056	3.4526987361126067	9.880203779879396	0.23739025211420073	9.879974911383556	0.23737028122903212	12.928921929387784	5.902833777327032e-12	3.4494629375103614e-13	False	False
2299	9.879980391535716	0.23776494329645625	0.8928498338875278	9.768423453619834	0.9735763149721295	1.0924878901114117	-0.2861340163975696	0.4195140341214906	41.53244689860653	0.665960034854309	9.880016233948883	0.2377684416383056	9.879980391533488	0.237764943296361	13.010843205585742	-2.227551476607914e-12	-9.525713551283843e-14	False	False
2314	9.879978169110109	0.236744547317783	1.2586636498279984	9.829502971905603	1.0648092266890854	1.1584409951406742	-0.025839208823190407	0.4588262957803269	37.2347582296577	0.896522141364779	9.87999430808166	0.23674813701996672	9.879978169114418	0.2367445473179907	11.957406968468177	4.309441692385008e-12	2.0769497233175116e-13	False	False
2330	9.880008605828944	0.2375291152950971	0.9159263374266987	9.649027620685374	0.9369138941789347	0.9125522040321796	-0.24907770209723357	0.40371619700170297	74.42598471692787	1.998830884247481	9.880027566505538	0.23753205870633964	9.880008605820562	0.2375291152947282	12.402742186990139	-8.382627925129782e-12	-3.688993555073239e-13	False	False
2335	9.880005024017645	0.23672790404387725	0.9996326752812932	9.377069097187855	0.9657944782842443	0.7396119985949653	-0.2018752506355027	0.41616084069268083	2.4924102655835716	0.0334884419072615	9.87996096758338	0.23673128614782607	9.880005024045637	0.23672790404504232	10.464775938043779	2.7991831075269147e-11	1.1650680420416393e-12	False	False
2342	9.880059398887314	0.2368130176603296	1.1400086696577727	10.19379385132287	1.027198934423005	1.2365221508810174	-0.31641562116431	0.4426200208428729	4.643664214562342	1.8631219260666452	9.880068510008208	0.2368146571093827	9.880059398887068	0.23681301766033133	12.165170552033228	-2.4513724383723456e-13	1.7208456881689926e-15	False	False
2355	9.88002967914496	0.23723819344341662	1.9019793083848209	10.05622329967392	1.027198934423005	1.2365221508810174	-0.31641562116431	0.4426200208428729	22.947104432841137	4.9415942610320425	9.880026394097765	0.23723993317103148	9.880029679144961	0.23723819344340957	11.585233014662405	1.7763568394002505e-15	-7.049916206369744e-15	False	False
2356	9.879985282079382	0.23835732241093194	1.4907966111825184	10.725551877689929	1.0057403770979787	1.2822328723232563	-0.298700350517094	0.433373528491519	41.09400868066698	1.7908145579297838	9.879989381280392	0.2383577821153011	9.879985282079833	0.2383573224109491	13.046824967790084	4.511946372076636e-13	1.715294573045867e-14	False	False
2366	9.879954132830164	0.2381166026367096	1.5418237666894488	10.7389184946475	1.0525901116847547	1.0494167534638872	-0.08239276773560193	0.4535610791249608	10.581601582072938	0.25749742898777217	9.879952823936417	0.2381169150238111	9.879954132829523	0.23811660263670062	11.184961584449551	-6.412648190234904e-13	-8.992806499463768e-15	False	False
2369	9.879944630623038	0.2390891683059479	2.485319785914228	10.692941974122771	1.030938525883383	1.2540103177015425	-0.12663275044604871	0.4442314108031497	8.085039348863209	0.7640657499863407	9.879946778486044	0.23908960655508602	9.879944630619395	0.23908916830581856	12.506617215367347	-3.643307877609914e-12	-1.2934098236883074e-13	False	False
2403	9.880026809314419	0.23884576618078696	1.3779228588272716	10.370247597751332	1.0045875440862184	1.260382603650065	-0.4327624762832166	0.4328767727467515	32.38647824633983	4.00572920537406	9.88002956480393	0.2388467139760607	9.880026809314302	0.2388457661807716	11.9035800458239	-1.1723955140041653e-13	-1.534883331544279e-14	False	False
2415	9.879989847593205	0.2384349370829103	0.8942416279911201	9.894179074783167	1.0663617700874604	1.3324608035818177	-0.2049371476462104	0.4594952867306867	70.23386158618008	2.168616823723882	9.88003526742289	0.23843977000623753	9.879989847595322	0.2384349370830351	12.525399580319002	2.1174173525650986e-12	1.247890679678676e-13	False	False
2432	9.880007243423416	0.23891423573520457	1.7651589471023819	9.07956332219312	1.0624579621881465	1.3774660833619334	-0.19560284610645506	0.45781313590687234	53.526312473792366	0.762115470585555	9.880147154215608	0.2389396626726648	9.880007243301682	0.23891423572920142	12.107786749886115	-1.2173373420409916e-10	-6.003142427601915e-12	False	False
2438	9.880002952531239	0.2383357509423141	1.819256537237642	8.833651582173461	1.070115246406433	1.6312680507311417	-0.32081829927778466	0.461112659676532	36.427214442636206	0.6805478046049175	9.880131760400198	0.23839268110822523	9.880002952468123	0.23833575093971998	11.38243788724058	-6.31157348607303e-11	-2.594119363763525e-12	False	False
2445	9.879969184997336	0.23889180564121254	2.4895165128035983	8.675498931061558	1.0238708212439638	1.4885714985867948	-0.21299885332483587	0.441185936874024	19.533880248378846	0.5362441390938592	9.880718395374597	0.23895709107176183	9.879969185010534	0.23889180564129966	13.063290550985021	1.3198331316743861e-11	8.712475185745916e-14	False	False
2446	9.880025098928982	0.23838891036208867	2.899215325638844	8.366631226236354	0.9803102958190045	1.3107103749009095	-0.41593961775336125	0.42241570646840904	41.54692270134266	2.1269160132580787	9.880288985916854	0.23846757685580017	9.88002509890289	0.23838891036056947	11.808571215820422	-2.609290561395028e-11	-1.5192014313214486e-12	False	False
2463	9.88003059331394	0.23785030129843068	2.596958571455434	8.602746829099505	0.978962405077477	1.3307736716515248	-0.3905816760865079	0.42183490034788484	41.93450654682404	1.0093288219747947	9.880383561925028	0.23790065522127068	9.880030593341775	0.2378503012990659	12.565496381255947	2.7835511673401925e-11	6.352141035392833e-13	False	False
2465	9.88000878321553	0.23714651950060142	2.79458734318179	8.238743373050326	1.0038864514287138	1.6757209384125913	-0.2273680722585894	0.43257467192063276	44.549756742673196	1.0623651119616484	9.883274557223457	0.23735436942937024	9.880008783228174	0.23714651950110266	12.802579572848469	1.2644107982850983e-11	5.012379400426425e-13	False	False
2466	9.880000923908495	0.23806693734813017	3.064222664679262	8.01863990401822	0.9738711962549237	1.9367320341043273	-0.3152241728328283	0.41964109846624664	78.58348520929104	1.7639486936640827	9.887659683399733	0.2384707403545378	9.880000923885607	0.23806693735228654	12.389628391063859	-2.2888357875672227e-11	4.156369692864814e-12	False	False
2479	9.880037510888448	0.23762993426540632	2.6966176052344077	9.207759871054833	1.0733128720281506	1.393235345443649	-0.18630936754501073	0.46249051655693013	21.17783997909893	0.26949479171986435	9.880001124264094	0.2376458285643442	9.880037510954716	0.23762993426748333	11.52535096745561	6.626876825066574e-11	2.077005234468743e-12	False	False
2480	9.8800355051305	0.23693330617581176	3.002011713147509	9.537833371335198	0.9549829783017277	1.3962927551591524	-0.6508755331199944	0.4115021653502145	21.87518655855894	1.0329281258215306	9.880014069661758	0.2369375396496461	9.88003550510487	0.23693330617483957	11.723189186194661	-2.5631052835706214e-11	-9.72194547088634e-13	False	False
2494	9.87999178098678	0.23602523513589233	3.089135980489685	9.737262450758706	0.9641451646889632	1.199426086458864	-0.3805685638902576	0.4154501514644742	10.273901022306681	0.4696600412894257	9.879997327997016	0.23602785278652733	9.879991780978097	0.23602523513539353	12.576669013104894	-8.682832230988424e-12	-4.987954493884672e-13	False	False
2501	9.88003404017603	0.2361850196442828	3.154551442261857	9.614209943554432	0.9655813979659205	1.2987327074269222	-0.40834670738286133	0.4160690243835151	4.792402669958839	0.46646377647142795	9.88005631442331	0.23618916000491566	9.880034040171251	0.2361850196440382	13.044788521932661	-4.778399897986674e-12	-2.44582132324922e-13	False	False
2517	9.8800328043058	0.23674381991635188	3.126759145826704	9.58377318732733	0.9661848057611514	1.3561174265738427	-0.4182857520701615	0.4163290328024801	7.294062187432	1.5220052841458431	9.880069033472788	0.23674875992785255	9.880032804320189	0.23674381991620336	13.363747634892585	1.4388490399142029e-11	-1.4852008511923032e-13	False	False
2529	9.87999558833445	0.23709113278866342	3.2199695535034425	10.469091848309793	0.9715169402941093	1.3247790445676668	-0.3926459534082668	0.4186266495727317	28.12239402740416	3.855518818561805	9.879999239526107	0.23709174968289984	9.879995588335328	0.23709113278867636	13.150763619664565	8.775202786637237e-13	1.2934098236883074e-14	False	False
2535	9.880001258475964	0.23655933578127658	3.3855520174745926	9.928288968280215	0.9715169402941093	1.3247790445676668	-0.3926459534082668	0.4186266495727317	16.727503733753952	0.5948108015787583	9.880012463213422	0.2365614297608098	9.880001258466415	0.23655933578121494	13.082167837645335	-9.549694368615746e-12	-6.164513344231182e-14	False	False
2571	9.879997200606013	0.23721320037172638	2.5818961061808077	10.12190059322662	1.0067962594172235	1.3333387113924513	-0.3598694388042624	0.4338285081828816	57.49890237882071	3.4373869104447015	9.880000458084258	0.2372147436591899	9.879997200606873	0.23721320037173427	12.319273617031385	8.597567102697212e-13	7.882583474838611e-15	False	False
2582	9.880008881386377	0.23771498524602114	2.904160555423275	9.044894265122412	1.136392343627922	1.430601898828301	0.023520599769925196	0.4896714608692716	53.46777537843568	0.9298921051774744	9.879945952586906	0.23774413355034227	9.88000888139282	0.23771498524666718	11.293187495830466	6.4428462565047084e-12	6.460387780293786e-13	False	False
2584	9.87999921507287	0.237993256576317	2.3818151914773176	9.018742783784168	1.030938525883383	1.2540103177015425	-0.12663275044604871	0.4442314108031497	96.21240355659388	1.7994465428123594	9.880108333766424	0.23801412345022188	9.879999215092521	0.23799325657662918	12.330865952057238	1.965183571428497e-11	3.121669589489784e-13	False	False
2600	9.880012892245263	0.2378928522066489	2.3564266107073792	9.414162706379438	0.9735763149721295	1.0924878901114117	-0.2861340163975696	0.4195140341214906	73.3158922422394	0.7620212106967441	9.880019014162777	0.23789808700199372	9.880012892232523	0.23789285220615125	12.175697448140957	-1.2740031252178596e-11	-4.976574707882264e-13	False	False
2608	9.880001617997346	0.23840346991405478	1.6992439156207242	9.246537401814605	0.9866918247988922	0.9291538092391978	-0.33142280801897356	0.4251655073058426	8.055973640898864	0.1098803191848436	9.879919795949451	0.2384089416989452	9.880001617993386	0.23840346991396072	10.656959679385869	-3.959499395023158e-12	-9.406364576136639e-14	False	False
2613	9.87998225120189	0.23900887261987386	1.3718887146813297	9.297402460007534	0.9799989108452185	1.1098705728322962	-0.35456866204926085	0.4222815306832047	40.32510770037504	5.005615645966249	9.88002799113609	0.23901765885558976	9.879982251175061	0.23900887261825174	12.285917771627275	-2.6828317345461983e-11	-1.6221191057042006e-12	False	False
2645	9.879977977126583	0.23947331404923658	0.6977339521887453	8.890287304275915	1.0172339450616568	1.151425036142574	-0.32692724226281095	0.4383261069270679	19.89983725974412	0.4934850368560589	9.880351107388499	0.2395112700661219	9.87997797716514	0.2394733140509122	12.134681072943302	3.8557601556021837e-11	1.6756318554911331e-12	False	False
2648	9.87996014681303	0.23811256254439014	1.4916633881477486	9.079321519293941	0.9295731886049486	0.858782385871047	-0.4160311441979238	0.40055308696987235	14.475814988259444	0.7274338377401172	9.879916464277835	0.23811927517056597	9.879960146790015	0.23811256254318933	11.299214580142435	-2.3014479211269645e-11	-1.2008172234345693e-12	False	False
2660	9.879959503813147	0.23895220815913437	0.7740694503845994	8.729658546121097	0.9553325091167956	1.127899970355402	-0.6371699358871216	0.4116527781784272	21.077411351865297	1.456043156738329	9.880263549622189	0.23899201513226512	9.87995950359067	0.23895220814988205	11.786022151884591	-2.2247625963700557e-10	-9.252321131469898e-12	False	False
2681	9.879953357658176	0.23760989949216244	0.5238027269518802	8.023293399976708	0.9733453698829891	1.1700355056718224	-0.3476400106259976	0.41941451988258005	15.003291757383685	0.7118185201645235	9.88424732722156	0.2378901798692469	9.879953357635195	0.2376098994908784	11.710627010898854	-2.298072843132104e-11	-1.2840284391302248e-12	False	False
2684	9.879979365989097	0.2367947983875126	1.4762901157539114	8.100266363541504	1.0047753026023047	1.8429522160307237	-0.3527892533219918	0.4329576778913331	27.705201858780292	1.8466082181695571	9.88663381264832	0.23717428746070704	9.879979366074899	0.2367947983931973	12.04533112032078	8.58015880567109e-11	5.684702708563805e-12	False	False
2702	9.880001994547518	0.23735816050062172	1.9620246910488526	8.094496118346774	0.9641451646889632	1.199426086458864	-0.3805685638902576	0.4154501514644742	44.13415051520466	1.5929914800897842	9.881010480115343	0.23749888558276397	9.880001994533618	0.23735816050037314	11.617172184617644	-1.389999226830696e-11	-2.4857893521357255e-13	False	False
2709	9.880016416595971	0.2376157577823053	1.3105792338099067	8.207688528773987	1.0322464318316145	1.3442638601203534	-0.32366646914396924	0.4447949874762427	16.308064367268337	0.3695112328411089	9.881209085873424	0.23779880851941965	9.880016416523738	0.23761575777807142	11.035212021337324	-7.223377451737178e-11	-4.23386325998365e-12	False	False
2712	9.879975593025595	0.23774002548997666	1.2010857947397124	8.726204607278738	0.9352050125550411	1.3973371227164155	-0.49106178914520565	0.4029798399099672	0.6347065734234987	0.038919798151974945	9.880690393803953	0.2377858694230067	9.879975593021445	0.23774002549003356	14.609470342249303	-4.149569576838985e-12	5.689893001203927e-14	False	False
2718	9.879952996038927	0.23865102308558142	0.904030294728506	8.661948816341683	1.0439940561400989	1.9071535770179973	-0.20488003295868987	0.4498570387907686	0.2679468939177059	0.4221586873954151	9.88263733668915	0.2387918259345554	9.879952995847285	0.23865102307781838	14.54270892120153	-1.9164225761869602e-10	-7.763040210662098e-12	False	False
2719	9.879947488227662	0.23766344571588024	0.9077357167391308	8.208436139660515	1.0142574044547708	0.9681714955703085	-0.0873138416916383	0.4370435155795607	4.859086918745559	18.134514820081936	9.88043289708797	0.2377763870646337	9.879947487602477	0.23766344568993644	11.017020956828585	-6.251852369132394e-10	-2.594380266174312e-11	False	False
2722	9.87993435656155	0.23866324206579792	2.1544191278558937	8.175909112440758	1.0003487525223471	1.784627026541075	-0.25402053284411225	0.4310502774618794	4.136456114310072	0.8512825935161407	9.884927990179408	0.2389455988390268	9.879934356567498	0.23866324206586118	12.740288875427185	5.9472426983120386e-12	6.32549568280183e-14	False	False
2727	9.879956214965173	0.23669440486299842	1.7986972349600732	7.923604155598244	0.9347094444237737	1.2977257178700823	-0.4500879386983643	0.40276629960220406	9.374829647400045	2.2663916619271784	9.882849042098085	0.23692527031165225	9.879956214957067	0.23669440486238152	11.860167879072534	-8.105516258183343e-12	-6.168954236329682e-13	False	False
