Iteration_step	Porb	eccentricity	Wdisk	logQ	primary_mass	age	feh	secondary_mass	posterior_probability	acceptance_ratio	inital_orbital_period	initial_eccentricity	current_orbital_period	current_eccentricity	current_spin	delta_e	delta_p	bad_solution_flag	gsl_flag	
1	9.584	0.02	4.1	8.184944810270501	0.9833964875572018	6.379182633926793	0.033583402991426106	0.9519277999553712	84.52627529343579	0.0	9.631290682409796	0.020232869642116545	9.583999999788189	0.020000000001014737	10.10619053227925	-2.1181101317324647e-10	1.0147369056134892e-12	False	False
74	9.583984444700372	0.010214223994503814	3.7061204500197955	7.887384603784274	0.8788326333461579	6.840068212820392	-0.17441760268447376	0.8507099890790808	50.34556199643761	0.5956202591639264	9.651419172764202	0.010380669048185754	9.583962896637145	0.010213683117352905	10.062384886948896	-2.154806322707259e-05	-5.408771509094606e-07	False	False
123	9.58396726402105	0.017087638434256133	4.188743386110083	7.816388486677462	0.8554634362436605	7.414437135931169	-0.16121777320282749	0.8280886062838634	41.0867476193974	0.8160947259324396	9.663168638825155	0.017412649407059857	9.583967264212713	0.017087638440466336	10.045904657242213	1.9166357390076882e-10	6.210202491141459e-12	False	False
143	9.583969562034932	0.015010992650991593	3.990102526103806	8.200306193293663	0.9518329731069128	7.968267583744763	-0.009550687118208084	0.9213743179674916	24.249040350221158	0.5901912844221571	9.641534297821318	0.015218594732586186	9.583969562087313	0.015010992646415916	10.271572549971534	5.2381210480234586e-11	-4.575676643137072e-12	False	False
162	9.583991870196854	0.01975753353881929	3.552128435060759	8.165599060322641	0.971532860410526	8.565503323326023	0.15900650994872334	0.9404438088773891	55.40876959697515	2.284988139601566	9.65162963208882	0.02007805334799125	9.583991870213106	0.019757533538826793	9.966447208086066	1.625188872367289e-11	7.504413757075667e-15	False	False
349	9.584012089903018	0.02587444772322289	3.2838669295630845	8.315840202572826	0.9991723118601472	7.851734030341057	0.10274061425653644	0.9671987978806225	49.12209434452469	0.8865400676070299	9.636091170800015	0.026198570673736116	9.584012089939892	0.025874447731887327	10.224197462398243	3.68736152722704e-11	8.664437223249166e-12	False	False
405	9.58401554061844	0.019258970992130663	3.080266616593974	8.459750926246215	1.0407970820558832	7.75125674011702	0.11584251999236983	1.0074915754300948	52.660809593978	1.0720391770072757	9.631839936887891	0.019481044524375518	9.58401554057178	0.019258970981474943	9.9902992110824	-4.665956510052638e-11	-1.0655719362429039e-11	False	False
464	9.583988715924415	0.015953125036682572	3.136180314811395	8.080406532580433	0.9296691179727891	8.010838458332335	-0.01771321295759204	0.8999197061976598	62.51771994647869	1.1871773417176608	9.65140934846554	0.016211129420036607	9.583988715876114	0.015953125037539193	10.037002830533732	-4.830091882013221e-11	8.566203302251552e-13	False	False
471	9.583989389914375	0.030997771632569775	4.050331607800467	8.158724801603844	0.9916424555913844	5.740336025217917	0.10913233351047273	0.9599098970124601	28.323147186135277	0.45304190892410456	9.625620227209666	0.03131997036066174	9.583989390005373	0.03099777163327777	10.270672075407592	9.099743181195663e-11	7.079961616973662e-13	False	False
502	9.584005276424818	0.035918660638054364	4.430724350397969	8.35128306225798	1.0822719749539247	5.199871766107149	0.19158750993858586	1.047639271755399	7.383187784089421	0.2606768144644474	9.617683992861012	0.03622908531890252	9.584005277259179	0.03591866064582856	9.84591992472254	8.343601365368158e-10	7.77419795205958e-12	False	False
573	9.584000307773811	0.03552304152018779	3.728872914568644	8.504326705788051	0.9602855318717688	9.700387305275596	-0.10118372070198817	0.9295563948518721	66.9873408797484	9.07295640293809	9.636392127066543	0.03595677595473066	9.584000307700803	0.035523041520945146	10.374541813333657	-7.30082660993503e-11	7.573594529297623e-13	False	False
622	9.583991489665328	0.03495440362630284	3.751857647856996	8.277101137884317	0.9666406520415705	7.703420448875224	-0.08582944250908879	0.9357081511762402	139.41030154163136	2.081143984979076	9.639159709776088	0.0354135773357604	9.58399149060971	0.0349544036242667	9.970587539800638	9.443823500987492e-10	-2.0361351493747293e-12	False	False
640	9.584066012303438	0.034923629389272355	3.2655377497176556	8.07187215523135	0.8385973515058336	11.846625369704824	-0.32875636242996753	0.8117622362576469	8.286121811753105	0.05943694059996466	9.68124027681829	0.03570781514118647	9.584066012312974	0.03492362939137731	9.872397974599473	9.535483513900544e-12	2.104955099113681e-12	False	False
681	9.584006365748234	0.03599514741073444	2.925333511694958	8.127825345947658	0.9252980756386259	9.955004143018597	0.010540219624514041	0.8956885372181899	14.923574730537478	1.8010325058665868	9.66888324154188	0.03671075175664532	9.584006365741345	0.03599514740991332	9.759590782328312	-6.888711823194171e-12	-8.211209490127658e-13	False	False
689	9.583991831203289	0.03558162956327392	3.9371690981252536	8.139497190865258	0.9529279775301907	8.327575794272287	0.1068487812585262	0.9224342822492245	181.87194470467202	12.186888730654806	9.649434752750365	0.03613641072962902	9.583991831212652	0.03558162955946042	10.181014478825999	9.36317690047872e-12	-3.813498128391046e-12	False	False
894	9.58400059704033	0.03486204287140652	2.944903437031953	8.134041988744185	0.9760100501701033	6.117560743874173	0.057805642981194394	0.94477772856466	131.28052664431513	0.7218294545510665	9.63147597014017	0.03526859559225315	9.584000596908673	0.034862042828036455	10.142166302981323	-1.3165646350898896e-10	-4.337006448418279e-11	False	False	False
935	9.584006584255022	0.035170618194472106	3.6859170487599013	8.078528770194463	0.898377143823635	8.673730443956673	-0.13245034434353214	0.8696290752212786	111.21390342701272	0.8471469933109737	9.654699333319094	0.03575692231452527	9.584006584277581	0.035170618196230324	10.271509926163825	2.255973186038318e-11	1.758218570735437e-12	False	False	False
1052	9.5840114021642	0.033913832298385675	2.6254393249198102	8.003629907420157	0.9709473170550018	3.126441971503104	0.01535217853552423	0.9398770029092417	110.87138853059562	0.9969202151362138	9.605499631358203	0.03412036237427116	9.584011401750029	0.0339138322700423	10.248360056334743	-4.141718079608836e-10	-2.83433762571228e-11	False	False	False
1083	9.58403530954131	0.032744291977315716	1.631877965917979	7.935380929509711	0.9597236932978017	1.8976946658853242	-0.017106216157095122	0.929012535112272	76.76469663025759	0.6923760732830897	9.593085385427292	0.032855585691198404	9.584035309458208	0.03274429197000904	10.25121557271878	-8.310152566082252e-11	-7.306676097496023e-12	False	False	False
1088	9.583977047526899	0.033071406177257213	0.6911510875736893	7.919539504142915	0.9432773573696106	0.5791385850602973	0.01178164447643204	0.913092481933783	44.501199564839695	0.5797091829748611	9.579617226988503	0.03308587947392395	9.583977049666837	0.033071407309234684	9.762216346669028	2.139938004575015e-09	1.1319774700924157e-09	False	False	False
1093	9.584041729767753	0.03201250947078589	3.9570050831697894	8.167912430748935	0.9568675647303558	0.7856009769915147	0.057131497156498595	0.9262478026589844	160.360934363549	3.603519364234169	9.580990131410415	0.03201817898259989	9.584041729654029	0.032012509464255094	10.075352016216447	-1.1372414121524343e-10	-6.5307967367367326e-12	False	False	False
1117	9.584009238252829	0.03202472558590609	4.160769199210005	8.031600974419174	0.9545677624409887	5.54386871542533	0.06730553825983429	0.9240215940428771	279.68155356841913	1.7440753552505641	9.629527637384582	0.032388187892498616	9.584009238438183	0.03202472559101171	10.191523688742194	1.8535395440721913e-10	5.105617317813227e-12	False	False	False
1179	9.583977683692797	0.033286896038390586	3.685872685988651	8.037758005571586	0.8656267726106749	11.02459358456983	-0.1392767422127425	0.8379267158871333	250.21613055462106	0.8946465269594912	9.679237669903065	0.03402527056288481	9.583978399094809	0.03328690618300354	10.085802213529034	7.154020114086279e-07	1.0144612955231835e-08	False	False	False
1236	9.584004221814387	0.03263464650627944	3.852140076680099	7.897115549749877	0.9028166748821781	9.384972025984975	-0.16214530706392233	0.8739265412859484	1.990041134983551	0.00795328874510404	9.704994271783107	0.03363585658466652	9.584004221817327	0.032634646504669206	9.58400422181733	2.9398705692074145e-12	-1.6102327804468075e-12	False	False	False
1239	9.584051385106905	0.031016706870038446	3.617511937658089	8.01683780476849	0.9274010270343552	6.526490263245872	-0.06973862558284288	0.8977241941692559	25.2478640561295	12.687106619199705	9.584051385106905	0.031016706870038446	9.524964420775273	0.03057570140886218	9.937244435842269	-0.059086964331632075	-0.0004410054611762651	False	False	False
1275	9.583993445481926	0.030322411161207884	2.9363512327576324	7.698322128256031	0.8659904621093001	3.288117117227709	-0.3589797577058731	0.8382787673218025	41.324684830858324	1.6367596379237397	9.618586182406432	0.030602342339663625	9.583993445453714	0.03032241115884507	9.748471106354618	-2.8212099323354778e-11	-2.3628148049237296e-12	False	False	False
1279	9.58395950105958	0.0293508279933521	3.864303020541432	7.648482962271533	0.8231006057866072	4.5970591477601905	-0.43787458860589656	0.7967613864014357	210.7973159267444	5.101002386092876	9.637482725022476	0.029742350639873738	9.583959501065493	0.029350827986601814	9.995669282892662	5.913491918363434e-12	-6.750287828705126e-12	False	False	False
1330	9.584003190819972	0.02967726150314373	4.06529759231997	7.528069903664337	0.7629657621626522	6.75487080799936	-0.5953778128647124	0.7385508577734473	1882.757010098175	8.931598591855243	9.675633625644183	0.03032583778924232	9.584003190783601	0.02967726149874165	10.054927170168693	-3.637090628672013e-11	-4.402082864896073e-12	False	False	False
1363	9.584028581598082	0.0305882921777156	3.3569114096309214	7.469644550329559	0.7816696370865456	1.6421741256483993	-0.6343381530913963	0.7566562086997761	593.0521657561957	0.3149913465069353	9.595995777404084	0.030715725982814072	9.584028580388562	0.03058829138727811	10.281288791180176	-1.2095195955907911e-09	-7.904374897671484e-10	False	False	False
1366	9.583979940420091	0.029840213615450428	2.179559626164914	7.651807898939952	0.834595037828966	3.528436342935738	-0.5894140913490402	0.8078879966184391	879.7229647010801	1.483382096041	9.621866008393644	0.03013604639952946	9.583979940146223	0.029840213465576033	9.94295817874683	-2.738680393576942e-10	-1.4987439414526627e-10	False	False	False
1519	9.583995911620631	0.030517399160898167	3.3465186718535795	7.564363558313604	0.8045056820177006	3.2914153243966084	-0.5301985516410215	0.7787615001931342	918.7471337622444	1.0443596116357203	9.62080635197062	0.03081214614230566	9.583995911539013	0.030517399162157916	10.103677137222324	-8.161826769992331e-11	1.2597492493604534e-12	False	False	False
1549	9.584008416336617	0.030188489592744686	0.6355939370254462	7.630069814052581	0.8138268839488199	0.5734791848770813	-0.4963596327847769	0.7877844236624576	1568.3466601094963	1.7070493092992405	9.581403968859634	0.030213704613129083	9.584007724305335	0.030188489950515065	10.186591612910187	-6.920312820568597e-07	3.577703792945197e-10	False	False	False
1627	9.583997411420933	0.02985222106154764	2.376245455490414	7.589217432863178	0.8371575199913094	1.6362593380987982	-0.3958490590528698	0.8103684793515875	437.28380885896973	0.27881833779557397	9.594720317920334	0.029970497320328724	9.58399741149035	0.02985222107744221	9.967947497229044	6.941647257008299e-11	1.589457038209119e-11	False	False	False
1663	9.583998482050204	0.02956235210811797	4.178802085599493	7.652617313337683	0.8318478139988654	4.894116418981243	-0.18248746299930077	0.8052286839509017	819.4268709894507	1.8739016958520125	9.642745767405053	0.02999270558875762	9.583998482038773	0.02956235210419797	9.97787548445169	-1.1430856261540612e-11	-3.919999741475166e-12	False	False	False
1912	9.584039965937414	0.030340411453749216	3.7454555636668925	7.61728800592195	0.9035751749061773	1.9521770741178017	-0.1905078102212644	0.8746607693091797	0.9119552742115851	0.001112918439091956	9.59816073797689	0.03052555450894429	9.584039965940486	0.030340411456555454	9.584039965940486	3.071320975323033e-12	2.806237880959017e-12	False	False	False
1915	9.583970298216194	0.031146906232378063	2.3258457030392155	7.721732535349247	0.9221613499361248	4.9720931761606995	-0.012708878688936387	0.8926521867381687	0.929781188557379	1.019546917321362	9.64804902894422	0.03170960980091805	9.583970300080747	0.03114690624160155	9.583970300080749	1.864552956476473e-09	9.223486557852212e-12	False	False	False
1921	9.584009935651585	0.03136213068073321	3.8321542952754015	7.44338650121142	0.9584269045070211	0.9175112118109556	0.03840291049799967	0.9277572435627963	2.89255115173281	3.1110020156686615	9.572636485130605	0.031439604095495496	9.584009935648421	0.031362130683109515	9.584009935648423	-3.163691530971846e-12	2.3763074841198772e-12	False	False	False
1932	9.584023155619066	0.03152366435644417	3.898282705354453	7.562739903870666	0.9362392794014641	2.8140100068027576	-0.06212497246741272	0.9062796224606172	1.4339096332132752	0.4957249009595831	9.608076115427675	0.031942327694988656	9.584023155683633	0.031523664357557456	9.584023155683633	6.45670183985203e-11	1.1132830768367796e-12	False	False	False
1942	9.584010127177889	0.030961052611758424	4.458684774578892	7.366612896615022	0.9969542766362571	0.9635916334765822	0.08571261524851151	0.9650517397838969	3.72617017274663	2.5986087870799675	9.566550235426602	0.031074363049783702	9.584010126422355	0.03096105233501225	9.584010126422355	-7.555343017884297e-10	-2.7674617458783857e-10	False	False	False
1953	9.583998448218603	0.031525701819691096	3.3522760714291233	7.689423692800404	1.1003714932272461	3.87968825548945	0.26247901298969084	1.0651596054439743	2.240186474408973	0.6012034798608485	9.606665736093827	0.03240356090338963	9.583998448280298	0.03152570181438002	9.5839984482803	6.16946493892101e-11	-5.31107796630792e-12	False	False	False
1955	9.584011824220916	0.0327750716944044	3.6152764632842525	7.7506599529016125	1.118143566616843	6.994837754918396	0.3209004697278427	1.082362972485104	2.180734504180659	0.9734611511552854	9.648012208695162	0.0349913481998991	9.584011824277301	0.032775071711450915	9.584011824277303	5.638511879624275e-11	1.704651697576054e-11	False	False	False
1966	9.58395374324453	0.032203090975645596	3.9512102864452334	7.841903083014467	1.1184100836762714	6.666301976967771	0.2021848866211701	1.0826209609986306	0.8186769391669765	0.37541339287175995	9.645746849909616	0.03410084387242037	9.583953743816563	0.032203090908558094	9.583953743816563	5.720330875647051e-10	-6.708750222017557e-11	False	False	False
1969	9.583994929595233	0.0312738627815717	2.3235627798969833	8.223455021518342	1.0261029780913797	8.207946183957992	-0.20978729882867642	0.9932676827924556	13.835569960612556	16.899914115927807	9.689117710906833	0.032604659341352565	9.583994929578672	0.031273862779164614	9.583994929578674	-1.6560974813728535e-11	-2.4070884174776097e-12	False	False	False
2005	9.584014396712936	0.03423051562249103	0.4947897623985247	8.7374722895341	1.0261029780913797	8.207946183957992	-0.20978729882867642	0.9932676827924556	2116.049917641527	152.94273554797888	9.63897049523312	0.034667590563656286	9.584014396714402	0.0342305156225618	10.182557120850857	1.4654943925052066e-12	7.076977892594982e-14	False	False	False
2102	9.58403582563324	0.03450940790008254	0.7701125790589409	8.477331667267075	1.0831384101378374	6.8586840052905576	-0.1962252409179311	1.0484779810134266	15.908243269877511	0.007517896027522955	9.66060272270572	0.03541133518488443	9.584035825658875	0.03450940790017478	9.584035825658875	2.5634605549385014e-11	9.223871666463879e-14	False	False	False
2106	9.584035821441773	0.03352431321580771	0.6948328222471534	8.279932636021858	1.1400352749703289	6.5196600964478195	0.07418780342938741	1.1035541461712783	4.322601578832388	0.27172086229139436	9.653465170132279	0.03457785784655164	9.584035820058215	0.03352431317365545	9.584035820058219	-1.3835581569310307e-09	-4.2152260848471457e-11	False	False	False
2107	9.583995608166102	0.0332158277550756	0.9367844051862745	8.33538433250597	1.1886614505838873	6.135384244635528	0.1532799688517807	1.1506242841652028	16.608413842969455	3.8422263861421353	9.64371859297608	0.03420663696289208	9.583995608174469	0.03321582776876183	9.58399560817447	8.36664071357518e-12	1.368622576380929e-11	False	False	False
2112	9.584012923737701	0.03306822753468704	0.6463489788045994	7.95010842795666	1.1949673161752477	5.190407179776825	0.11017577463042649	1.1567283620576396	29.530905844916497	1.7780690031045494	9.623743092101206	0.035008929765809674	9.584012923988743	0.03306822764784349	9.584012923988748	2.51041853971401e-10	1.1315644948828307e-10	False	False	False
2132	9.584012683448096	0.032986429428318344	2.5052923066828745	7.803891707436114	1.1964862648944443	5.282764802026576	0.19803396163488296	1.1581987044178221	9.462321361055272	0.32042096543693166	9.61364148686374	0.03534252887428096	9.584012587348072	0.0329804626581458	9.584012587348075	-9.610002393856121e-08	-5.966770172546876e-06	False	False	False
2135	9.58403059724858	0.03248262159431203	1.5351840809766595	6.416416673718419	1.1489505717308621	0.9484020382722802	0.12051447998164756	1.1121841534354746	4.998106120039881	0.528211411272812	9.451989504948024	0.03715437534391895	9.58403059754841	0.032482621622214575	9.58403059754841	2.998294945655289e-10	2.790254138851367e-11	False	False	False
2139	9.584025676545052	0.03266238125448282	1.5392331179278067	7.410495128294967	1.133516757174538	1.0508637074022893	-0.023310452523840196	1.0972442209449527	14.356473041634885	2.8723825978949664	9.547896980587987	0.032935595021916265	9.584025676645833	0.032662381187382614	9.584025676645833	1.0078160528337321e-10	-6.710020733491362e-11	False	False	False
2143	9.584011533824867	0.03346907873392786	1.6859019302371008	7.0673442633153565	1.1277515659017343	5.763536586748176	0.013526798563521666	1.0916635157928787	8.3076253482774	0.5786675685723536	9.605799177494584	0.049760272811084395	9.584011828542247	0.03346918571438845	9.584011828542248	2.947173793899083e-07	1.0698046058743582e-07	False	False	False
2144	9.584011102649201	0.030908654643358274	1.4215903442598994	7.402780750697064	1.1726456963942002	6.380362992804057	0.07821766912757655	1.1351210341095859	21.46879635517021	2.584227797371941	9.630639900048527	0.042460581829033665	9.584011101697202	0.030908654746507946	9.584011101697204	-9.519993682260974e-10	1.031496728309822e-10	False	False	False
2150	9.584018048002264	0.029910926217775233	2.416531556362156	7.662016834874483	1.1729967467202027	5.313526137761622	0.18108361356506086	1.1354608508251562	7.247567509968213	0.3375861128899675	9.612647870156959	0.032572481667926007	9.584018051036688	0.02991092631639147	9.58401805103669	3.0344242674118505e-09	9.861623670448516e-11	False	False	False
2151	9.583976794106842	0.02985160989896684	1.6315496734271473	7.903693312361809	1.1887951892640127	5.616201387225784	0.42918111131896247	1.1507537432075643	4.098265321679749	0.5654676987890139	9.62501956670778	0.031172899016804447	9.583976793971267	0.02985160989616032	9.583976793971267	-1.3557510669670592e-10	-2.8065189061621254e-12	False	False	False
2152	9.583956924347294	0.02789899959604866	3.4602071572487687	8.550868567966104	1.1619296200630884	5.246720946685587	0.38248777104795645	1.1247478722210695	229.66672179106382	56.03998369166853	9.61136272759797	0.028099568552365808	9.583956924387708	0.027898999601054204	10.11571884050385	4.04138944531951e-11	5.005544589931077e-12	False	False	False
2178	9.584029579974777	0.028860691364878253	2.452048704148413	8.775284711179943	1.158779789884707	8.427962845338042	0.4283680495124942	1.1216988366083964	68.82034609014445	0.29965310408685514	9.626225698267021	0.029153094720340236	9.584029580038159	0.02886069136518519	10.440263505712824	6.338218838664034e-11	3.0693503294543234e-13	False	False	False
2181	9.584020183848367	0.028276585297719495	1.917584765136676	8.755608129733746	1.1796182581073578	7.412230965856676	0.3597072127353121	1.1418704738479222	703.118291065327	10.21672123160128	9.626111138616974	0.02856566105936016	9.584020183895895	0.02827658529628037	10.00773184369009	4.75282035949931e-11	-1.4391231262234072e-12	False	False	False
2230	9.58399244608369	0.028059305797857804	2.4918777523245654	8.85878059672155	1.1598231271024186	7.291732238516401	0.17100904768871644	1.122708787035141	1379.7354124157762	1.9623090878851628	9.626753444583398	0.02834670110614998	9.583992447120279	0.028059305878607894	10.197689225724018	1.0365894809183374e-09	8.07500906419012e-11	False	False	False
2279	9.583949822503365	0.027393165529966294	1.854021262154302	8.73044321491899	1.0828076959643846	8.283167521359289	0.11120627789673743	1.0481578496935242	113.04611292960794	0.08193318219735747	9.628560786898305	0.027682646706002817	9.583949822449824	0.027393165391626163	10.030049025650912	-5.354117149636295e-11	-1.3834013101732268e-10	False	False	False
2311	9.58398090669736	0.026457596283532815	2.1151307810040505	8.398140722682722	1.0667252669789606	6.169521047339527	0.1988985146898961	1.0325900584356338	293.68363735738006	2.5979100894893423	9.621555374003105	0.02670553889483481	9.583981179470797	0.026457588489777105	10.18444309174854	2.7277343761511474e-07	-7.793755710250316e-09	False	False	False
2330	9.583985357499225	0.027304661172898145	3.2459318662644483	8.513096869777563	1.0730952059140315	9.476490550412061	0.3809817355620913	1.0387561593247825	470.1892311095998	1.6010058828624225	9.639580471989039	0.02766633336404946	9.583985357606805	0.027304661178416147	9.985947650501174	1.0757972290775797e-10	5.5180027214163374e-12	False	False	False
2413	9.583966453650568	0.026897554555696226	3.8269692090747807	7.798119107455232	1.0198960919125855	6.337978873397653	0.2144405631994872	0.9872594169713826	1.4714838500067378	0.0031295566819643707	9.654139223496474	0.027718424592045782	9.583966453350872	0.026897554870497654	9.583966453350872	-2.9969626780257386e-10	3.1480142798079314e-10	False	False	False
2416	9.58400445262116	0.02563946308669172	4.487443411734354	6.522498518916641	1.0364703631796681	6.664022365867952	0.15354384209148442	1.0033033115579186	4.97596426383675	3.3815962464107	9.58948759348065	0.05535963261442152	9.584004458258063	0.025639463356071247	9.584004458258065	5.636902500327778e-09	2.6937952563033107e-10	False	False	False
2429	9.584030783066881	0.024799186312089327	3.886799331950776	6.869053668539151	1.0407970820558832	7.75125674011702	0.11584251999236983	1.0074915754300948	2.1323069530718093	0.42852135586433654	9.636734420250237	0.040272551302107454	9.58403078430911	0.02479918592114642	9.584030784309112	1.2422294304315074e-09	-3.9094290651964236e-10	False	False	False
2430	9.584011578524974	0.022615875069324345	2.657857051548074	6.6803474134082155	0.9809793054961152	8.636001031332668	-0.17307208803661062	0.9495879677202396	7.2528308005087165	3.401400905277855	9.678247332642933	0.05614728144641618	9.58401157732468	0.02261587480042406	9.584011577324684	-1.2002931981669462e-09	-2.689002839839638e-10	False	False	False
2432	9.583974138395508	0.021222639345929273	2.2657585635725592	5.940636976118055	1.018451332662598	3.582752179931216	0.026269341239551713	0.9858608900173947	2.7401864714660125	0.37780923708765063	9.48063716294127	0.0760998925410179	9.583923537847284	0.02120880550834635	9.583923537847285	-5.060054822436655e-05	-1.3833837582924446e-05	False	False	False
2433	9.584029750745312	0.020196437533638104	2.2426941468646815	5.615000747393432	1.0385467456308437	2.051606485250006	0.15975614518089387	1.0053132497706567	2.918764892097482	1.0651701708956798	9.420296132587696	0.07988558996487405	9.583661832658482	0.018557497764588107	9.583661832658484	-0.00036791808683034333	-0.0016389397690499963	False	False	False
2437	9.584009516234932	0.02103559770244858	2.243598561626106	5.585394079379836	1.1516575828595197	1.734480357795352	0.3950637743413986	1.1148045402080151	9.595619902697093	3.2875617795311673	9.324833217561048	0.03597933791043548	9.58470444129845	0.005705902734372662	9.584704441298452	0.0006949250635184256	-0.01532969496807592	False	False	False
2438	9.583978198849364	0.021446932436801878	2.9376047554162925	5.1980370196413075	1.115807840376876	1.4039722611808783	0.24860482176218812	1.080101989484816	6.85002024847449	0.7138694860713602	9.232615034976837	0.030986245568605485	9.58392899948906	0.0010379970067953784	9.58392899948906	-4.919936030312044e-05	-0.0204089354300065	False	False	False
2443	9.584018064874838	0.022269539672149195	2.0215211876188466	5.376976081622219	1.0676569094314954	0.3480194026920302	0.07342275999680394	1.0334918883296875	8.169464869443742	1.1926190833177601	9.353490736440875	0.036074473160304446	9.584037326103775	0.02226908353231513	9.584037326103777	1.9261228937139663e-05	-4.5613983406384007e-07	False	False	False
2445	9.58400539681062	0.022313179764626618	0.9195503107625838	5.884702460996529	1.0385240829020081	0.7536291317399935	0.021691702510581085	1.0052913122491438	9.650042966576136	1.1812331799932456	9.497331464912419	0.030636750047652365	9.58400539682525	0.022313179764665236	9.584005396825251	1.4630074929300463e-11	3.861841402219568e-14	False	False	False
2447	9.584041326438406	0.021371974028344905	1.4074329345463372	6.246083155433139	1.0448262624748397	5.0294143130647395	0.16062577219911225	1.0113918220756448	1.2732049383199397	0.1319377481250404	9.56143279540983	0.059414960554893155	9.584041438211036	0.021371977828995685	9.584041438211036	1.117726302624078e-07	3.80065078020575e-09	False	False	False
2448	9.584057464126786	0.021474350648324807	1.3602596147834176	6.791597796449265	1.080591487427575	1.6427147411636844	0.23875541639812653	1.0460125598298926	0.6171373750586698	0.48471173531027517	9.534154588566565	0.023028755490666762	9.584057473157934	0.02147435298705301	9.584057473157937	9.031147385485383e-09	2.338728204154261e-09	False	False	False
2451	9.583954516175353	0.0209399487320097	1.7928101013789903	6.6932758657149245	1.0035701914208175	0.6127859950724581	0.047900029133423866	0.9714559452953513	1.2233873103938782	1.9823581585503123	9.517768474080869	0.02118356572967584	9.58395451650421	0.020939948517769747	9.583954516504212	3.2885694167816837e-10	-2.1423995216762748e-10	False	False	False
2454	9.584004292275987	0.019488159241309918	2.684668773256197	7.084001663884282	1.0105722056586495	2.964541278602492	0.19068355286215594	0.9782338950775726	4.076139245042601	3.3318469224028973	9.582498782117815	0.020613249948388496	9.584004350365083	0.019488158654396976	9.584004350365085	5.80890961998648e-08	-5.869129418578645e-10	False	False	False
2459	9.58400682567331	0.018833162044843442	1.3398564302108187	7.563716312992911	1.0468246353196102	6.666055303612986	0.18079669664801684	1.0133262469893827	3.4366290562744966	0.8431088463069861	9.651597973463995	0.02019817197207767	9.584006886523825	0.01883316721838026	9.584006886523827	6.08505157373429e-08	5.17353681769861e-09	False	False	False
2461	9.584020686283894	0.01719787518135918	1.5288738040758465	7.164292379405118	0.9791990198661424	4.692419951239655	0.022247345842427393	0.9478646512304258	2.23172549290128	0.6493937682411959	9.620606287515685	0.018688534530999508	9.584020672847966	0.01719788087103737	9.584020672847966	-1.3435927925797841e-08	5.689678190395897e-09	False	False	False
2465	9.58398996900213	0.016200519624774326	1.9733970936894727	6.682772542477284	0.8584354714870169	3.0540525599729085	-0.3226523734755734	0.8309655363994324	4.535308097119039	2.0321980062265914	9.589149921460184	0.017778725791107522	9.58398997802696	0.016200519049263184	9.58398997802696	9.024828884207636e-09	-5.755111422145465e-10	False	False	False
2466	9.58400384513967	0.015496490959423414	1.1430668828274952	6.9020883257826355	0.8501196775253648	1.3141089716655237	-0.36307173292146944	0.8229158478445531	7.843509221178823	1.7294325001120103	9.575257933883286	0.01577618331331039	9.584003843406846	0.01549649038273299	9.584003843406848	-1.7328236623370685e-09	-5.766904245807503e-10	False	False	False
2467	9.583969506335714	0.014511137617727324	2.2500879374104814	7.443778968736346	0.8531720352258462	1.7356104456455865	-0.24393408915777373	0.8258705300986191	3.0492567378439612	0.3887617967746432	9.596628260144865	0.014606514757047922	9.583969506479127	0.014511137617971131	9.583969506479127	1.4341239307213982e-10	2.4380671093116035e-13	False	False	False
2470	9.58398111420052	0.016248832475306518	1.2079532247949913	7.736627793057086	0.8618494423430371	4.041219630375817	-0.16154252364293145	0.8342702601880598	692.3057537256603	227.04082117243075	9.626033940496624	0.016423714307299848	9.583981113267823	0.016248832484683545	10.158600413305885	-9.326974748091743e-10	9.377026932710919e-12	False	False	False
2482	9.583983017113773	0.01698158275963665	1.420037529369762	7.87031758673793	0.8015099603231726	11.332845440494443	-0.4220446533016553	0.775861641592831	1353.7560040633305	1.955430814749205	9.695412646853331	0.017423118097571248	9.583983016944186	0.016981582755982355	10.062104026378591	-1.695870111007025e-10	-3.654295616106751e-12	False	False	False
2516	9.58400631641608	0.015483647072470122	2.328944990469395	7.714970974503722	0.8028991570596191	8.319205123987706	-0.45074124124843845	0.7772063840337112	710.6304336689113	0.5249324335670071	9.68182383669826	0.015843235984725954	9.584006925794686	0.015484009597966772	9.956956098866264	6.093786062422168e-07	3.625254966499458e-07	False	False	False
2571	9.583940674270144	0.01651908825120343	1.2666969029993311	7.916409085442589	0.8190497987885643	9.633576782581603	-0.49152707727353584	0.7928402052273302	188.20385905883734	0.26484069657298565	9.67259772423234	0.01686275127373865	9.583940674273046	0.01651908825130315	10.186584252737035	2.9025670755800093e-12	9.971884429305078e-14	False	False	False
2614	9.583991735263623	0.015244026017404365	1.4939975633586844	8.011960419831587	0.8609537153499126	8.72942570334858	-0.382589270332594	0.8334031964587154	1055.8280646188523	5.610023460192564	9.660300465386127	0.015518646367561222	9.583957492054779	0.015243869227276084	10.030198918222725	-3.424320884448662e-05	-1.5679012828166694e-07	False	False	False
2616	9.583991417234422	0.015038136429532738	1.522120931160555	7.898443776672906	0.8267653331710727	9.043946835350718	-0.49691700676899103	0.8003088425095983	1573.901099551594	1.4906793561314957	9.671406460171669	0.015347880811275671	9.58399185068229	0.015038136307299806	9.996209303451643	4.334478678202913e-07	-1.2223293210933406e-10	False	False	False
2618	9.58400117400517	0.015274554729811417	2.0853220189379575	7.634889785551108	0.7841041262249936	7.80020298845218	-0.6270989286702049	0.7590127941857938	1125.9384351657516	0.7153806776591825	9.681984414497638	0.015630246272228837	9.58400117256166	0.015274554607347864	9.88046510216769	-1.4435102002607891e-09	-1.2246355318712432e-10	False	False	False
2625	9.583991944669922	0.014299136997420964	1.737292379222755	7.973791985939896	0.8721742677799502	7.336904189369808	-0.41101180159949763	0.8442646912109918	877.468145363572	0.7793216022813878	9.651325969448001	0.014529560091619988	9.583991944699635	0.014299136997326427	9.952419922094556	2.971312085264799e-11	-9.453722527030806e-14	False	False	False
2648	9.58399496004493	0.01480691691304885	2.2753433860798915	8.021854573321152	0.9037888788317869	6.763901210447579	-0.24408742494191693	0.8748676347091697	564.423357277684	0.6432408518303757	9.642335485735748	0.0150160668125682	9.583994960054543	0.01480691691305471	10.109634486120271	9.613643214834156e-12	5.859895901849654e-15	False	False	False
2785	9.584028945805708	0.012594060219301435	1.6288656524196972	8.045858296835359	0.9970496492769686	3.3622535663960837	0.09033758539516806	0.9651440605001056	237.19037465813992	0.4202348673204313	9.607506512881075	0.012578372454435422	9.584039483679415	0.012494556863372535	10.09018303385971	1.0537873707860967e-05	-9.950335592889999e-05	False	False	False
2793	9.584023939660343	0.013253297574090534	2.075773813630756	8.248256162669804	1.0286346935412263	5.710434188432282	0.20789868466149733	0.995718383347907	64.22054440372051	0.2707552719889284	9.620947263238223	0.013377350904220122	9.58402383989618	0.013253279662235997	10.397773274685736	-9.976416315282677e-08	-1.7911854537783212e-08	False	False	False
2804	9.584007761287447	0.01214380526341594	2.1886832112399888	8.479757586912932	0.9811702772038601	11.485716483505136	0.10057237612695023	0.9497728283333365	57.51327342955673	0.8955587960762412	9.653475672981592	0.012341237070636025	9.583994551010141	0.012143802192850595	9.769592563497921	-1.3210277305830687e-05	-3.070565345389409e-09	False	False	False
2813	9.583977965466387	0.01150173152597334	2.8558825911231818	8.52006755030163	0.981865358944133	11.831107508595032	0.15115395572973836	0.9504456674579207	96.76107640727102	1.6824129568244048	9.64585554896671	0.011536324614799805	9.583959835439254	0.011371467123618162	10.397316342096769	-1.813002713291212e-05	-0.00013026440235517842	False	False	False
2818	9.583987778748758	0.010142050534530697	1.6710895961665948	8.271738956294948	0.9676921268263642	11.059688834918	0.1707511486456346	0.9367259787679205	62.45768087721585	0.6454835270158541	9.665288629685197	0.01033659284585959	9.58398777763112	0.010142050542007114	9.770491423028442	-1.1176375380728132e-09	7.476417054896878e-12	False	False	False
2821	9.583930551664238	0.008194434489959742	1.7459726814203345	7.854988871602109	0.8384205769254249	10.937927038301964	-0.0932198811886648	0.8115911184638113	25.339762190376227	0.4057109043192157	9.69959836593687	0.008417550369324421	9.583930551646644	0.008194434486543322	10.006430255491187	-1.759481449425948e-11	-3.416419924739955e-12	False	False	False
2834	9.583972360094329	0.0090073988787539	1.314076276854018	7.344771352834363	0.8903772262667218	10.186315577127097	-0.10370420570859903	0.8618851550261867	1.6257560823169301	0.06415830070158966	9.74325634955421	0.010082606605053217	9.583972369675147	0.009007398070030209	9.583972369675147	9.580817916798878e-09	-8.087236904458228e-10	False	False	False
2835	9.583993641024236	0.008806535728977567	1.6487837907414935	7.01434459790077	0.8803858411881994	9.030719289249808	-0.3063336427264992	0.852213494270177	4.042972430791695	2.4868259604047696	9.71530832184326	0.010955801944191075	9.583993653450465	0.008806526984541372	9.583993653450467	1.2426228934714345e-08	-8.74443619423848e-09	False	False	False
2836	9.583975697156784	0.008493006415508543	1.5633613831480175	6.281056619380529	0.8142143402188564	9.650457230513258	-0.5469236975095446	0.788159481331853	10.414164147985554	2.575868207428328	9.711139428213102	0.021722688202170264	9.583975698692635	0.008493006324675676	9.583975698692635	1.5358505578433324e-09	-9.083286726940809e-11	False	False	False
2841	9.583957965116523	0.00829461825395855	1.2433997335237457	6.520442502385524	0.8346839406248917	10.197458102082805	-0.3659082873016195	0.8079740545248951	1.681619947139656	0.1614743078026994	9.73259127018297	0.015584606570793825	9.583957969309713	0.008294618098141218	9.583957969309717	4.193189795387298e-09	-1.558173329946344e-10	False	False	False
2843	9.58401446989242	0.00805733687435601	0.9064432732978716	7.432299607080869	0.8763492388165488	6.099880368987074	-0.1656536667291529	0.8483060631744193	2.3780248508874675	1.414127404311752	9.675484367602042	0.008392105327425852	9.584014439987223	0.008057337860378192	9.584014439987227	-2.99051965413355e-08	9.860221823060344e-10	False	False	False
2846	9.58401968492827	0.006801816077198463	1.0164792355995405	7.7795137380315635	0.8836232531727997	5.748213176566614	-0.07329500535176527	0.8553473090712701	9.661791846895293	4.062948224989977	9.65129188578922	0.006914277449096134	9.584019685866581	0.006801815896280348	9.668025160364254	9.38310762421679e-10	-1.8091811555820403e-10	False	False	False
2884	9.58396400585021	0.007401805802635741	1.6621681397155297	7.934754624256019	0.8968876741880171	6.0142645579971665	-0.04801860790224552	0.8681872686140005	19.54222710911532	2.0226296963119728	9.58396400585021	0.007401805802635741	9.530744198349616	0.007305638434741428	10.444098396502383	-0.053219807500592964	-9.616736789431254e-05	False	False	False
2899	9.583976577468956	0.007467893675765516	0.7375814575711406	8.15915514220014	0.9614870382246876	8.52913219899401	0.13702491009884193	0.9307194530014976	306.9174904887829	15.705348667533581	9.650460473606568	0.007587522441714273	9.58397650772648	0.007467888030173308	10.155880569048032	-6.974247668267708e-08	-5.645592208135264e-09	False	False	False
2923	9.58400477247211	0.007646849065990338	2.0255707979763122	8.146540475897558	1.0247652859665886	4.731457541875384	0.1636912876887362	0.9919727968156576	146.01208971991755	0.47573727221405765	9.618864220735826	0.007717703145311807	9.58405248382519	0.007648007995596987	9.92838897350715	4.7711353079904484e-05	1.1589296066488383e-06	False	False	False
2977	9.584022083653549	0.007666684051006997	3.476536337250111	7.5029253776710005	1.0743218974445647	8.341951402299168	0.09841245650407107	1.0399435967263386	2.797781698112805	0.019161301666728758	9.667731978377082	0.009188436040321546	9.584021900857982	0.007666681437721453	9.584021900857982	-1.8279556712741396e-07	-2.613285544558752e-09	False	False	False
2980	9.584035421108705	0.00901037975351714	4.413425350573298	7.842377151454736	1.1118370827945743	3.2799220354614587	0.12386386893693371	1.076258296145148	3.4549039750636736	1.2348726054624344	9.598966964066184	0.009166986163690348	9.584035421449514	0.009010379822022888	9.584035421449515	3.4080827049365325e-10	6.850574794936559e-11	False	False	False
2987	9.58404233423153	0.008849337252815646	3.3321090781314777	8.290761901590768	1.1446998299992301	1.0593778441191057	0.24660978217080526	1.1080694354392548	4.463374695247728	1.2918954412229267	9.578708510007155	0.008853283392149459	9.584042331145218	0.008849337264405717	9.640335809429498	-3.0863116506907318e-09	1.1590070916889239e-11	False	False	False
3009	9.583964062540845	0.007381841554274275	3.298580281781758	8.529436067036688	1.1311974274440482	1.3059928645852985	0.23671521671015416	1.0949991097658387	5.6578874406198185	1.2676254688283106	9.583521383219018	0.007382533275759555	9.585407183159761	0.007378531373954875	10.57244430904583	0.0014431206189158274	-3.3101803194003285e-06	False	False	False
3028	9.583977921002376	0.008459550163975338	2.1890758988788077	8.155916668892498	1.0973024041972215	1.4732649604627284	0.2739560270868072	1.0621887272629102	53.13020749566994	9.390467387921305	9.584055451804959	0.008473589927540706	9.583977923679274	0.008459549828230089	9.78623662635457	2.6768987027026014e-09	-3.3574524931079264e-10	False	False	False
3029	9.584048057206502	0.009405888846083116	3.348247105109653	8.189284174885186	1.0103218844211181	5.2881836339395365	0.061062302220196846	0.9779915841196424	56.919127525224255	1.0713138571849754	9.6225701011864	0.009498253678790133	9.584069681185891	0.009406097515214045	10.004361507972186	2.1623979389318038e-05	2.0866913092928985e-07	False	False	False
3044	9.58403628934469	0.00817335834228434	2.0443740077792345	8.20724747805476	1.0103218844211181	5.2881836339395365	0.061062302220196846	0.9779915841196424	109.04199798299899	1.9157355835202496	9.621135284154407	0.008250480958078659	9.584036289338721	0.008173358342606874	10.150233366687122	-5.9685589803848416e-12	3.225336664414158e-13	False	False	False
3057	9.584001643529007	0.00814459468058713	1.7404456259116317	7.989681019251069	0.9850398428578931	2.002770540719353	0.08052514783254894	0.9535185678864405	209.40500443788753	1.9204068919439314	9.592900523530451	0.008172176215328737	9.584001656658703	0.008144597310331065	10.287218834780433	1.3129696441183114e-08	2.6297439347650053e-09	False	False	False
3059	9.5839980527616	0.008673853956542287	1.7915268141745162	7.777089992489789	0.8774085332810054	3.2458629235792786	-0.26963061518647413	0.8493314602160132	345.8228894411293	1.6514547508997341	9.613199842578936	0.008742343136124655	9.583998052755144	0.008673853956564925	10.206241017677959	-6.4570571112199104e-12	2.2638141361497333e-14	False	False	False
3384	9.583970797356224	0.00841314623959924	3.044397485424861	7.6273037101212084	0.8334311035847394	1.2711484852146993	-0.4059012072056044	0.8067613082700277	114.10441685164318	0.32995044670421564	9.588103551192726	0.008432875369855418	9.583970802261602	0.00841314799185365	10.38326973615871	4.9053774375806825e-09	1.7522544110137872e-09	False	False	False
3403	9.584013860947206	0.00831350933713138	3.769049797970714	7.469787650760392	0.7629657621626522	6.75487080799936	-0.5953778128647124	0.7385508577734473	23.90851460962245	0.20953189428861405	9.68751143288445	0.008520168463622767	9.584013859122377	0.008313509338072752	9.629211189277935	-1.824828288476965e-09	9.41371980367478e-13	False	False	False
3404	9.584003682619397	0.008603345289456315	3.853911734168268	7.307036871695441	0.8361424356336951	0.7476660331045459	-0.4452313277264014	0.8093858776934167	7.571317793019824	0.3166787195542712	9.575259801831544	0.008615552767132632	9.584003682820008	0.008603344252136113	9.584003682820008	2.0061108330082789e-10	-1.03732020195757e-09	False	False	False
3406	9.583965996703968	0.008895237346343416	4.167861157348513	7.891308908466363	0.769331720788916	0.541414505465626	-0.6213789611461593	0.7447131057236707	1476.8150827497027	195.05390252027374	9.58325671615644	0.008895179142787108	9.585689177555231	0.008894989861928274	10.047491185887866	0.0017231808512629954	-2.4748441514177433e-07	False	False	False
3412	9.584023929943267	0.009415758353767957	2.20273367376353	8.162332341212531	0.8138268839488199	0.5734791848770813	-0.4963596327847769	0.7877844236624576	432.77336538802786	0.29304506057877	9.582371740632436	0.009416129615541021	9.584022957247159	0.009415758512880953	10.303496025737283	-9.72696108547666e-07	1.5911299534876466e-10	False	False	False
3425	9.583944164547633	0.009214846692802833	2.3954729298970605	7.912579634497391	0.8138268839488199	0.5734791848770813	-0.4963596327847769	0.7877844236624576	142.02763720579586	0.3281801713431528	9.581089061295078	0.009215410944951279	9.583944164631706	0.009214846680986127	10.159392442499028	8.407319285197445e-11	-1.1816705600131705e-11	False	False	False
3439	9.583994108087504	0.00907963473139176	4.176558975676397	7.799686262491802	0.8138268839488199	0.5734791848770813	-0.4963596327847769	0.7877844236624576	311.9230429898935	2.1962137026747954	9.580132626253771	0.009079919067591202	9.58399410516035	0.009079634699133077	9.80065691049309	-2.927153630594148e-09	-3.225868183687197e-11	False	False	False
3440	9.583993135060783	0.009363842149267151	4.418414461155455	7.81515282632985	0.8890849588159742	0.7841823924330035	-0.22769446542234587	0.8606342401338629	882.4718041308868	2.8291330953689093	9.580219912028234	0.00936795881795297	9.583993129562185	0.00936384302923359	10.061602579132222	-5.498598909525754e-09	8.799664382580508e-10	False	False	False
4012	9.58402094319365	0.009834067942938313	2.6628301686725226	7.678023542101004	0.8318478139988654	4.894116418981243	-0.18248746299930077	0.8052286839509017	563.3456488285042	0.6383724059980841	9.639222416401845	0.009969383787504787	9.584021695230916	0.009834067854700894	10.195420705862286	7.520372662384034e-07	-8.823741910746197e-11	False	False	False
4017	9.584051189815034	0.008935692303070793	2.91497430744706	7.230000913673942	0.8450030146736043	6.400203947543985	-0.3036856642545416	0.8179629182040489	0.4946378081616049	0.0008780360852883492	9.682047613282819	0.009500680423245986	9.584051189783537	0.00893569225111313	9.584051189783537	-3.149658311940584e-11	-5.1957662131063564e-11	False	False	False
4018	9.583959491312466	0.007473133275000673	2.164153803014145	7.298849881544405	0.8537340874516114	8.953509332000117	-0.2145942201446963	0.8264145966531597	0.7612024543114285	1.5389087565719062	9.730289518941017	0.008141196429989797	9.583959460793386	0.007473128758763144	9.58395946079339	-3.0519080596036474e-08	-4.516237528916223e-09	False	False	False
4021	9.583972217293166	0.007296198389494931	2.415512533949453	7.252390390646919	0.9652076871584154	11.620342595029737	0.12381652061082607	0.9343210411693461	1.574881977346838	2.06893969984825	9.735808648104836	0.009306585346985174	9.583972214883868	0.007296196202955449	9.58397221488387	-2.4092976502743113e-09	-2.1865394824599482e-09	False	False	False
4022	9.583992166105308	0.007484099784508094	2.370548191790926	7.446412902414528	0.8981489284799622	11.558072265037033	0.03155236790507765	0.8694081627686033	3.3991323953649095	2.1583410339683597	9.764056597676339	0.008290356260333726	9.583992160774574	0.007484100043352535	9.583992160774576	-5.33073318820243e-09	2.5884444067314494e-10	False	False	False
4026	9.58399130641609	0.006323394492883322	2.2370150326861102	6.9985672004986474	0.9543281752003944	4.966405293933175	0.031259828629951164	0.9237896735939817	1.4377615021280437	0.42297896489368564	9.617962165769747	0.007097066506735786	9.58399127988026	0.006323394828689457	9.58399127988026	-2.6535829533713695e-08	3.3580613463535247e-10	False	False	False
4027	9.583942428598476	0.006370916767230872	3.388012923630205	7.028898174468257	0.9594898408400874	8.845535152909852	0.06051381309030552	0.9287861659332045	0.1936143821929058	0.1346637685779842	9.680847944459392	0.00821675637246752	9.583942429236961	0.006370915750622078	9.583942429236965	6.38484820569829e-10	-1.0166087936747115e-09	False	False	False
4032	9.583972722591819	0.006410070094615939	2.599627275057416	7.251614882135261	0.981865358944133	11.831107508595032	0.15115395572973836	0.9504456674579207	1.5584186840006968	8.049085333175206	9.73514573428753	0.008490131820735143	9.583972756333019	0.0064100755629367505	9.58397275633302	3.374120005616987e-08	5.468320811788385e-09	False	False	False
4033	9.584001790864518	0.006481120802748213	4.308624185214456	7.793813971974815	1.0964976180720014	7.129868494866424	0.33948652997699447	1.0614096942936972	4.059779036724058	2.6050631184053765	9.651608927627775	0.006822132630266675	9.584001792667287	0.006481120792249935	9.584001792667289	1.8027694892452928e-09	-1.0498278461834598e-11	False	False	False
4034	9.583997039224476	0.0049362000123366195	4.435339477425616	7.918776668597601	1.133208217219198	7.000388647296805	0.39812634098575855	1.0969455542681836	5.128021622127991	1.2631282579029044	9.647146071457176	0.005158837884706411	9.583997036085755	0.0049361997345797	9.583997036085757	-3.1387212828803968e-09	-2.7775691989473383e-10	False	False	False
4047	9.584038803874666	0.005308399443461805	3.4588088422375094	7.711331889552089	1.1391200108810806	7.714474493772938	0.34612859878990015	1.102668170532886	1.2328936724772808	0.24042286934930338	9.65165911387115	0.005854355324213322	9.584038797830274	0.005308371170385921	9.584038797830276	-6.044391653858838e-09	-2.8273075883961107e-08	False	False	False
4053	9.583993100836777	0.005581502911031603	2.342070820254362	7.2505502340080845	1.1435767277842055	4.071460255802332	0.3734835006176646	1.1069822724951108	2.633131822391206	2.135733097810775	9.580739770881259	0.006143005850516587	9.583993117527797	0.005581513560707341	9.5839931175278	1.6691020121584188e-08	1.0649675738494402e-08	False	False	False
4054	9.58399692157623	0.004867300327932151	3.0279132060242318	7.586592206205684	1.1223826208952423	7.113802575195287	0.3077043206176051	1.0864663770265945	2.346136478847487	0.8910060859455596	9.642259472724206	0.005400000151166985	9.583996947735649	0.004867301248465941	9.583996947735649	2.6159419519444782e-08	9.205337898193777e-10	False	False	False
4055	9.583985123525352	0.005278667805386637	2.9062583928752272	7.114038726227175	1.1181502552925213	9.781447920515935	0.367429322505484	1.0823694471231606	3.088273263046346	1.3163229381111816	9.659026866248267	0.009403869930242883	9.583984977806173	0.0052785952410819474	9.583984977806173	-1.4571917894556918e-07	-7.256430468918079e-08	False	False	False
4058	9.584044736313032	0.00614605589724828	2.6085107304259405	7.055893073342428	1.12900219624126	9.88041568046461	0.47844532143061363	1.0928741259615395	1.423097975857515	0.4608070124124111	9.652081041353023	0.011453701419446443	9.584045006803136	0.006146059018659277	9.584045006803136	2.7049010320467914e-07	3.1214109968633053e-09	False	False	False
4059	9.58400469428306	0.005853217760511072	3.626184327920453	6.4936118271426615	1.0795260003635765	7.377894818401116	0.4073235722113923	1.044981168351942	3.911242454335345	2.7483999841813778	9.551685757332445	0.01504668206786097	9.583847949839958	0.005689140894754501	9.583847949839958	-0.00015674444310143087	-0.00016407686575657058	False	False	False
4066	9.584002965828576	0.005451349777559157	3.2958947837269927	7.5757068617647025	1.0699760484637408	8.495480642708316	0.2162636895072595	1.0357368149129011	2.058691987422755	0.5263524344139893	9.671490131044587	0.0061392906107025896	9.584002982454546	0.005451352117599863	9.584002982454546	1.662596993412535e-08	2.3400407054771644e-09	False	False	False
4070	9.583961511806935	0.00499114821107157	3.7282853826249953	7.164722111064631	1.1036842876423107	0.8555422507819307	0.1648855016094119	1.0683663904377567	1.3921271069809769	0.6762192282701597	9.53810773029084	0.005023049758513368	9.583960990495726	0.004991152360221557	9.583960990495726	-5.213112093116479e-07	4.149149987128786e-09	False	False	False
4076	9.583978948452053	0.005247049003075377	2.0779743109762627	6.859983322070707	1.0240569042853769	0.9597144238355093	0.09087072394714335	0.9912870833482448	1.585920445765899	1.1392066412708466	9.53270297637285	0.005348982113415326	9.583978111419732	0.0052470349626312866	9.583978111419732	-8.370323207884667e-07	-1.4040444090354653e-08	False	False	False
4078	9.583973167815486	0.005976123142454107	2.1094396950107015	7.409849779674568	0.9259324357734359	5.394913416655	-0.06910820220179581	0.8963025978286859	0.852757175585093	0.5377048879480618	9.64896179154616	0.006248025178942523	9.583973164454516	0.005976123115675079	9.583973164454516	-3.360970168841959e-09	-2.6779028647339054e-11	False	False	False
4079	9.58398053670626	0.006954540672302091	2.714570331233749	7.3694185672778545	0.9365832757163834	9.875329923380352	0.03592230061939051	0.9066126108934591	1.4612915534114916	1.7136080413616825	9.72065236069188	0.007854547867926562	9.583980555047328	0.0069545417461478794	9.583980555047331	1.8341067331562044e-08	1.0738457883324726e-09	False	False	False
4081	9.583999938788438	0.00795854682535258	0.5013676926658373	7.329519983368683	0.9645526146978378	11.72965394438982	0.135819342978366	0.933686931027507	4.689495302918468	3.2091441930054954	9.749289746659999	0.00976966546569214	9.584000068317675	0.007958500466114756	9.584000068317676	1.295292371139567e-07	-4.635923782358997e-08	False	False	False
4101	9.58400384929015	0.009867298109499902	0.46771515998634333	7.722686230873226	0.981865358944133	11.831107508595032	0.15115395572973836	0.9504456674579207	5.278143268086835	1.1255248011021628	9.752726852348497	0.010840044526630935	9.584003855821342	0.009867308096967259	9.584003855821342	6.5311915875554405e-09	9.98746735661471e-09	False	False	False
4116	9.583965656842112	0.01028790072109837	2.203782635664581	7.947377139721678	1.006608994068258	11.115988828950112	0.1533901012307798	0.9743975062580739	1.2747054724542701	0.2415064176377144	9.731033413990042	0.010913883766598414	9.583965638638366	0.010287899244356809	9.583965638638366	-1.8203746066092208e-08	-1.4767415606325995e-09	False	False	False
4119	9.584029776296001	0.011365593745753478	3.1735193940926525	7.3477436059617744	0.9504593024226089	9.58496745710783	-0.10814763816193679	0.9200446047450854	1.814638114567305	1.4235744285881733	9.712985201031028	0.013376558905770651	9.584029776285513	0.011365593746206569	9.584029776285515	-1.0487610779819079e-11	4.5309068996690627e-13	False	False	False
4120	9.584011078671027	0.011659307958716385	3.789028288463369	7.321857332211439	0.9871330406206498	7.765056121744658	0.08040103968618242	0.955544783320789	2.56838444747468	1.4153700546993655	9.669833246308142	0.013154018077666006	9.58401106060217	0.011659309280656418	9.58401106060217	-1.806885663313551e-08	1.3219400331332398e-09	False	False	False
4125	9.584011048791629	0.011487992306278002	3.5946505240104227	6.530126507294341	0.9651344444477787	8.36577361775337	-0.06700048145203102	0.9342501422254498	3.1660013912980443	1.2326820443142619	9.629515865918036	0.027931710230343312	9.584011042435453	0.011487991387468272	9.584011042435455	-6.356176029953531e-09	-9.188097296886077e-10	False	False	False
4126	9.583978808581687	0.010102325676310211	4.112562518713745	6.712640726471737	0.9819042002321036	11.865991500347462	0.012368698395945135	0.9504832658246762	4.4437812052009535	1.4035942047956669	9.720374298958973	0.034335533167452234	9.583990715816105	0.008112045788304965	9.583990715816107	1.190723441801822e-05	-0.0019902798880052468	False	False	False
4128	9.584014441700113	0.01102790704432044	3.104353122305617	6.64834477193757	0.9980366649733875	9.60901826948942	0.03747180959136162	0.966099491694239	2.569273736502361	0.5781728707739505	9.657541094621411	0.030492497777833343	9.584014457114492	0.011027907975937749	9.584014457114495	1.541437910645982e-08	9.316173093382174e-10	False	False	False
4129	9.583989647063193	0.011964295026705707	3.4589650110593397	6.804831351556777	0.9931821033961227	11.849321026967218	0.08764153385860557	0.9614002760874467	4.242922381430001	1.6514092372290525	9.720815921968633	0.03438018673464295	9.583989624562953	0.011964295342224231	9.583989624562955	-2.2500239893474827e-08	3.155185245018455e-10	False	False	False
4131	9.58402124109195	0.011549732052942642	2.1782943563432413	6.174028785635023	1.0461129147982626	9.195087055712712	0.18103475246965536	1.012637301524718	2.487041002251497	0.5861622671054576	9.575450760544237	0.05382795434043923	9.58481736309789	0.002123818354562718	9.58481736309789	0.0007961220059407026	-0.009425913698379924	False	False	False
4135	9.583976800907179	0.012981517642278971	2.1620499124429937	6.741489627327118	1.053388316629116	9.597026279962051	0.2579924710979226	1.0196798904969844	2.512354341242	1.0101780947590278	9.647576030046526	0.031364606795773506	9.583976603822942	0.012981556065221186	9.583976603822943	-1.9708423693032273e-07	3.842294221505227e-08	False	False	False
4136	9.583986152583845	0.014754992494714897	1.4456435820578872	7.228382782674758	0.9543281752003944	4.966405293933175	0.031259828629951164	0.9237896735939817	2.589366084965714	1.0306532173664813	9.632439983567627	0.015790280609956003	9.58398628719885	0.014754991136620382	9.583986287198854	1.3461500536493531e-07	-1.358094515319097e-09	False	False	False
4139	9.58394094592547	0.015728463801617326	1.8796424190715368	6.878620403252698	0.8393418466968031	5.328016990201158	-0.31449328969005375	0.8124829076025054	0.43793733359553605	0.16912916877156625	9.650816478134212	0.01752718918395072	9.583940880672126	0.015728470633629133	9.58394088067213	-6.525334406148886e-08	6.832011806984228e-09	False	False	False
4140	9.584027336245525	0.015386252918411105	2.6380216609243052	6.483138246116233	0.8313981935984035	6.374376246738594	-0.38025237904218434	0.8047934514032545	3.3415862684711777	7.630284088904264	9.64610371517341	0.021544166637572287	9.584027349556488	0.015386253254221638	9.584027349556488	1.3310962998502873e-08	3.3581053215936407e-10	False	False	False
4141	9.584040235172932	0.014672147771550821	3.524032142946907	6.205327826758023	0.8251695810736988	5.7487891440074845	-0.39808753776570593	0.7987641544793403	2.3797484530428297	0.7121613095841448	9.59723776913842	0.02530694155408815	9.58404024828463	0.014672147753293119	9.584040248284632	1.311169839368631e-08	-1.8257702641411022e-11	False	False	False
4146	9.584049317207466	0.013796371310107452	3.1175971485384655	5.330951262488384	0.8148865770059426	7.137950604392635	-0.24911701818976584	0.7888102065417524	1.8879095535963086	0.7933231561438191	9.401561034294422	0.016808396621028045	9.584041484038313	9.563755938339082e-05	9.584041484038313	-7.833169153315112e-06	-0.01370073375072406	False	False	False
4151	9.584058893127953	0.012414638469106327	2.227607696240824	5.1727363935247945	0.8459814226317814	8.005303674828099	-0.15721164821114197	0.8189100171075644	0.6700486016702379	0.3549156263306427	9.500628255610673	0.0333036456696593	9.584064550435842	1.6535195034497165e-06	9.584064550435842	5.657307889705976e-06	-0.012412984949602877	False	False	False
4159	9.584024744280901	0.011150027975764658	2.7766960102621505	5.231477454951397	0.8616788697753399	7.592648865653966	-0.191096750930148	0.834105145942529	3.21619129754632	4.799937332201399	9.462346735584473	0.05808914319329873	9.584053087101461	8.4918988354383e-06	9.584053087101463	2.834282055985682e-05	-0.01114153607692922	False	False	False
4167	9.583972593045441	0.012329029331101752	3.8958902047224138	5.832771302450418	0.9206518869848052	8.886357978694955	0.049161323894202955	0.8911910266012913	3.4497241506690624	1.0726116177544875	9.57282124471066	0.0879579969212573	9.58384620039007	0.0032764397164202603	9.583846200390072	-0.00012639265537117694	-0.009052589614681491	False	False	False
4184	9.583999670984435	0.012719906640804229	3.4320635198841867	5.615503739484276	0.9154461243935051	9.554751675547234	0.0076541612905332845	0.886151848412913	4.912571082797997	1.4240475087972526	9.682431058909705	0.14072072621346884	9.583687413390981	0.00031309652373056007	9.583687413390983	-0.0003122575934533245	-0.01240681011707367	False	False	False
4187	9.584049523105586	0.01332318910506516	2.038380248581179	5.773934708765924	0.974383588873897	11.926715348934174	0.08403343570363289	0.9432033140299323	1.001302595327818	0.20382455102461697	9.537554787811802	0.0011523857939295275	9.584052256051917	8.80026277956333e-08	9.584052256051919	2.7329463314629265e-06	-0.013323101102437365	False	False	False
4191	9.58406039766785	0.014574033618863488	1.5725592170409823	5.318859846337238	0.9073586859107523	11.707968627960806	-0.12555190542406428	0.8783232079616082	0.6761125008469918	0.6752329455669075	9.61396782892933	0.015476603821054856	9.58405765941302	5.396868653150525e-08	9.584057659413022	-2.73825482999257e-06	-0.014573979650176956	False	False	False
4193	9.584033983662946	0.013952975598772295	1.6268252736610034	5.4241362370204484	0.8366905372036478	10.525212009057183	-0.1461118651662209	0.8099164400131311	4.185877346520916	6.191095921576821	9.609836873311245	0.015249549295053745	9.58403107911096	7.371713983441534e-06	9.58403107911096	-2.9045519855941393e-06	-0.013945603884788854	False	False	False
4195	9.583989172999589	0.012674037451073077	1.6325318296671179	5.015375920311948	0.8622617083360397	11.864297090457033	-0.015612853592786838	0.8346693336692864	14.925283200675187	3.5656284131402725	9.614404166495792	0.012510357958915188	9.583996959502345	5.876668660406107e-08	9.583996959502347	7.78650275634618e-06	-0.012673978684386474	False	False	False
4198	9.584000171090633	0.013042339928357462	0.941630826052777	5.46670036410917	0.9140631748800971	7.2194841246933805	0.1412147573917396	0.884813153283934	12.7109889757159	0.8516413929848167	9.584000171090633	0.013042339928357462	9.57017125918897	5.206013326320898e-05	9.57017125918897	-0.013828911901663687	-0.012990279795094253	False	False	False
4204	9.584007444062117	0.012332458110711967	2.3376722668739562	6.128194281121395	0.9327253583840605	4.958202421211628	0.0001725458380126832	0.9028781469157705	2.8661097689731894	0.225482830206905	9.51718850837632	0.028024349072757478	9.58401044373982	0.012332438599075296	9.584010443739823	2.9996777026752852e-06	-1.9511636670938026e-08	False	False	False
4206	9.583998945080534	0.013693073197620389	0.601683596434178	7.0621149340554155	0.8629793581047387	8.043527698403471	-0.19082902186711384	0.835364018645387	5.1452645915590285	1.7952084903581231	9.709663989765062	0.01570395026847229	9.583998945559575	0.013693073048749779	9.583998945559577	4.790408070221019e-10	-1.488706102836801e-10	False	False	False
4208	9.58399595653831	0.0142750720126695	1.410256589236255	6.691316134554796	0.7482869334423167	10.532520916116104	-0.4633717648122284	0.7243417515721625	16.802872122551456	3.2656964133811712	9.795760340296589	0.01855158084054568	9.583995959120053	0.014275079020761628	9.583995959120054	2.581742819529609e-09	7.008092127447352e-09	False	False	False
4211	9.583970933172713	0.013988184637265401	2.342514814493252	6.351743578420362	0.8265570677831452	10.86648094801118	-0.20595844880358619	0.8001072416140845	3.5266953983331097	0.20988646301722813	9.731552333714209	0.034103678379486656	9.58397094351755	0.013988186226147097	9.583970943517551	1.0344836098852284e-08	1.5888816963516295e-09	False	False	False
4218	9.583969691165947	0.01431628643875024	3.6514632738797386	6.20856030042509	0.8685924958189186	10.041813524098586	-0.13656547088377657	0.8407975359527132	2.8532070368056606	0.8090313209794718	9.689801755143542	0.05679086068677569	9.583977668432905	0.014319308217830541	9.583977668432905	7.977266957226448e-06	3.021779080300893e-06	False	False	False
4227	9.58398697433661	0.014155277269133446	2.3769683190886557	6.342200747522349	0.861143343655711	8.63880913746263	-0.1256823338173352	0.8335867566587282	3.7842377869369783	1.3263102670508142	9.661529639019099	0.03048758511291671	9.583987776230304	0.01415521018837904	9.583987776230305	8.018936927811637e-07	-6.708075440606254e-08	False	False	False
4228	9.58398723468624	0.014513849957129935	1.6842174786066226	6.230827814892125	0.8490762827812856	8.852731155526403	-0.1227761586985166	0.8219058417322844	5.529385323347038	1.4611622299302205	9.681202755096551	0.04566134458235742	9.587070952645805	0.017384018357661818	9.587070952645806	0.0030837179595639697	0.002870168400531883	False	False	False
