Iteration_step	Porb	eccentricity	Wdisk	logQ	primary_mass	age	feh	secondary_mass	posterior_probability	acceptance_ratio	inital_orbital_period	initial_eccentricity	current_orbital_period	current_eccentricity	current_spin	delta_e	delta_p	bad_solution_flag	gsl_flag	
1	7.736	0.02	4.1	7.591025769243592	0.7929824323229073	4.251777733215329	-0.5069644626984782	0.7282750658453581	0.001524634771025847	0.0	7.830040323548724	0.02057067746003859	7.736000000041605	0.020000000080122256	7.931454007669258	4.1604941714012966e-11	8.012225605202872e-11	False	False
7	7.736002614282648	0.004810021736879593	4.403895865901902	7.597826377398631	0.7623010632379752	2.9575813261203057	-0.5965734920380561	0.7000972964777564	17.74334891835681	11637.770078153364	7.785677940631888	0.004885613898306034	7.7360026142840015	0.0048100217375204955	8.830195234572376	1.3535839116229909e-12	6.409022618170113e-13	False	False
30	7.735992217275341	0.007995751315200039	3.963672636084751	7.780114576790308	0.8190361843037899	2.6260726099695617	-0.4679131307740272	0.7522028316646007	26.771980760988427	1.5088459841586517	7.770235233382689	0.008085619736569892	7.735992217371397	0.007995751287402016	8.981131114815252	9.605560791214884e-11	-2.779802256436259e-11	False	False
51	7.7360073826567115	0.009587575147489175	3.9651710524351707	7.769960016115855	0.7989343741262388	3.8082062492762807	-0.46880877801975007	0.7337413291975378	29.991121413602045	1.120242901761848	7.7912156472799765	0.009750578426593602	7.73600738264749	0.009587575151263182	9.08643571334415	-9.2210683533267e-12	3.774007148460434e-12	False	False
62	7.736003619239812	0.015859780848812767	3.7349100392687045	7.67101549803218	0.7932177985445062	2.4086558724994376	-0.4813186224338185	0.7284912261832746	40.27552025299609	1.3429147812635542	7.771766771961782	0.0160468213462248	7.7360036191158	0.01585978084409905	8.78754269208314	-1.2401191185062999e-10	-4.7137155290144506e-12	False	False
68	7.7359679306687	0.00835051551169864	3.355566352672135	7.896073105001058	0.844670141297464	3.536988298184208	-0.4217134687340111	0.775745057767591	8.62191555085154	0.21407335018124707	7.774999598996175	0.008384110868316433	7.730058434482477	0.008267613611783929	9.031321165407238	-0.005909496186222718	-8.290189991471027e-05	False	False
76	7.735973898302142	0.013572318813425285	3.5784451499377203	7.8137613007800875	0.8384301278547026	3.668465873775957	-0.27136791564021445	0.7700142294217589	12.369306241528612	1.434635513254008	7.791597382011846	0.01380656955618247	7.7359738978933335	0.013572318851732957	8.679208353466905	-4.0880898666273424e-10	3.830767127122048e-11	False	False
82	7.73596060541683	0.012231614939682396	3.5144265445449463	7.898184450368153	0.8416368999804872	4.350006155034473	-0.3021644293732161	0.7729593289420794	8.170750289298867	0.6605665774420277	7.794481529260609	0.012449837112337553	7.735960605419467	0.012231614938896218	9.01877316238337	2.637001728089672e-12	-7.86178414036165e-13	False	False
87	7.735975108166443	0.010308011481522097	3.2843150299371846	7.730827320556535	0.7798637812454868	3.9363465250967318	-0.5934407056473543	0.7162268966958552	11.174387224045528	1.367608460471554	7.793932914885536	0.010490816333744673	7.73597510862809	0.010308012088959186	9.192692771757654	4.616476090291144e-10	6.074370884762148e-10	False	False
104	7.735976470454521	0.031227610005630138	4.207893280743521	7.953756886080915	0.8624729722151969	3.870859577647021	-0.3367557017568791	0.7920951776824369	18.75447101960174	1.678344471475363	7.784086413216995	0.03169059221028006	7.735976470481756	0.031227610001077714	9.006809693184191	2.723510306168464e-11	-4.552424409665079e-12	False	False
139	7.735984088604811	0.028161328162917963	4.009289389386269	7.960142197121955	0.8559743297293704	3.83215158309771	-0.37638528997560944	0.7861268244234537	21.768977711077586	1.1607353621611163	7.781549266405073	0.028557620041637248	7.735984088562767	0.02816132816192136	9.176809226893957	-4.204370185334483e-11	-9.966021063956276e-13	False	False
160	7.735980211224612	0.03746839833964262	3.7399088253966517	7.790677681707851	0.7980593855356746	3.673923504783588	-0.5910772602711096	0.7329377396759635	4.18901291906433	0.19243039221509545	7.786169281915423	0.0380441209984345	7.735980211279891	0.03746839837529614	9.230076724277014	5.5279336663716094e-11	3.5653521801570776e-11	False	False
167	7.7359634310639525	0.03027691369389555	3.806228007002327	7.849611487600695	0.8375260990836754	3.5837958453934307	-0.34419691656586177	0.7691839693984475	7.449477933700063	1.7783373022788382	7.785870883028483	0.0307447400249514	7.735963431013641	0.030276913674126608	8.897884880541717	-5.0311754762333294e-11	-1.9768943426701213e-11	False	False
187	7.735978652286537	0.023370140239418184	4.002656518069916	7.774343096184939	0.8293239548756514	4.159540499413123	-0.3226564258656618	0.7616511201577982	3.4232392366782656	0.45952740140247456	7.806001858362976	0.023868762816779843	7.73597865230412	0.02337014024476285	8.462274899913439	1.758326817480338e-11	5.344665682249783e-12	False	False
247	7.735983155961915	0.012324658087627073	4.3690493227944165	7.851872349333545	0.8384301278547026	3.668465873775957	-0.27136791564021445	0.7700142294217589	40.25323351197055	11.758814014713797	7.7866284250920135	0.012518734221661502	7.735983155973363	0.012324658087219244	8.939872389459218	1.1447731651514914e-11	-4.078282850317194e-13	False	False
276	7.735985773043277	0.013923585501224803	3.163444757516415	7.849982812444106	0.8460372221943533	4.287072107088231	-0.20493968252402328	0.777000584863294	31.129593522497363	0.7733439231221018	7.801002747890416	0.014199771764633367	7.735985773038872	0.013923585505091186	8.694641887319184	-4.404476783292921e-12	3.866382908279675e-12	False	False
310	7.735998144133285	0.02992753424996825	3.727358298854247	7.8886265242297675	0.8632275360813322	3.616567089215981	-0.27537972182500503	0.7927881691370955	20.17542422592061	0.6481107506700924	7.78680745567943	0.03039974556796112	7.735998144130771	0.029927534253397753	8.668894625383713	-2.5144331061710545e-12	3.4295032091957722e-12	False	False
336	7.73597918715467	0.02810607389885906	4.115271632761043	7.994265946998096	0.8754798321318642	3.737184848260612	-0.35074319684523064	0.8040406778299041	28.19575427779885	1.3975296857239823	7.779896276376604	0.028490034877970097	7.735979187295056	0.028106073941518463	9.019046256931972	1.403863691962215e-10	4.2659403787226324e-11	False	False
375	7.736000120019618	0.03208253728168171	4.287616534678852	7.7674075940769045	0.8395250632041048	2.8520476048469905	-0.3129108146986931	0.7710198180466499	2.970098484776554	0.10533850080808761	7.779858915580905	0.03253351730814592	7.73600012010609	0.03208253729772045	8.473283155727966	8.647216276358449e-11	1.603873978073267e-11	False	False
394	7.736017050598116	0.028976770061071994	4.015336215693408	7.869288432857589	0.876495706627537	1.443812685822836	-0.5150287952777226	0.80497365696673	12.931727741960088	4.353972707720824	7.746278375886809	0.02911669570757424	7.736017050686871	0.028976770035535154	8.674668553682933	8.875478130221381e-11	-2.5536840003725914e-11	False	False
438	7.736008143301602	0.03462883110898028	3.2439710945758025	7.798516326321467	0.8584770207967402	0.9314829991079234	-0.2860242130246737	0.7884252958997261	6.070516402206807	0.46942810143686853	7.739011510366157	0.034722766553431234	7.736008143284038	0.0346288311317352	8.601267626552701	-1.7563728249569976e-11	2.2754916007006187e-11	False	False
457	7.736024810212345	0.014358075514512788	2.779458975180754	7.955496176655969	0.9211436442778715	1.8263598961825145	-0.19233420858095646	0.8459783229047972	3.3536842050103806	0.5524545166851407	7.753760580325655	0.014456008913947225	7.736024810151822	0.014358075509148792	8.498213287503988	-6.052314205362563e-11	-5.3639957059425925e-12	False	False
