Iteration_step	Porb	eccentricity	Wdisk	logQ	primary_mass	age	feh	secondary_mass	posterior_probability	acceptance_ratio	inital_orbital_period	initial_eccentricity	current_orbital_period	current_eccentricity	current_spin	delta_e	delta_p	bad_solution_flag	gsl_flag	
1	24.847	0.29	4.1	7.203720372037203	0.8779954845763914	3.5823332133058545	-0.2165082850509368	0.44092933235426374	11.0018809251818	0.0	24.84966240073294	0.2900931195188821	24.847000000166304	0.29000000000265613	24.84700000016631	1.6630252730465145e-10	2.6561530752644558e-12	False	False
2	24.847007124980493	0.29077054513766726	3.8712319571891967	7.249148075619368	0.864164907310886	4.00192002264122	-0.15355221277564082	0.43398361645152694	8.294047030297829	0.7538753679213062	24.85057629188119	0.29086627647049884	24.847007124924705	0.2907705451369454	25.458615723306604	-5.5788262898204266e-11	-7.218670106112768e-13	False	False
3	24.846872891912987	0.29059991987402833	3.512743782740298	7.190014665963155	0.989955531366844	3.5496642272865073	-0.10827834079354856	0.49715566785242904	2.918491886307372	0.3518779041939641	24.849493944804077	0.29074319779796276	24.846872891947136	0.29059991987430656	22.638162809343665	3.4148683880630415e-11	2.7822188997106423e-13	False	False
4	24.846818600526003	0.2906229384943833	3.8916793897307898	7.337779129731111	0.9011101538543616	4.781400067513588	-0.2301701108530611	0.4525375192656603	2.5057839003078386	0.8585886128600093	24.852383301176747	0.29075033023433505	24.846818600508026	0.2906229384943342	25.075361843268816	-1.7976731214730535e-11	-4.912736883966318e-14	False	False
7	24.846876848498642	0.2890423344909984	4.0596891500173635	6.850644251423631	0.8941561246634203	4.620567921784886	-0.11337618333650418	0.4490452058059697	4.3416760133198675	1.7326617881080995	24.857025926968458	0.2893926811860467	24.846876848512842	0.2890423344904008	24.846876848512846	1.4200196574165602e-11	-5.976330541557218e-13	False	False
9	24.847003443893453	0.2903819771198171	4.095762074511081	6.841874794503542	0.8577631921934298	3.8326007438062666	-0.44789046785869846	0.4307686751195404	12.977187680941798	2.9889811310491536	24.85377684394197	0.2906262131170494	24.847003443997608	0.2903819771209311	24.84700344399761	1.0415490692139429e-10	1.113997782908882e-12	False	False
20	24.84694703689986	0.28925653110896005	4.109791420456174	6.972592917000123	0.8321298973589495	4.0444230800982055	-0.3688382524093451	0.4178956344536644	8.405836859800942	0.6477394845838357	24.853109116259656	0.2894275689048581	24.846947036894186	0.28925653110942	24.84694703689419	-5.6736837450444e-12	4.599653991022024e-13	False	False
27	24.84699237742156	0.2900573482449352	4.405654555356558	7.194994884897239	0.8383167301509621	4.598737543826902	-0.35107462825307306	0.4210026618818131	11.668164912227565	1.388102708491523	24.8529287003938	0.2901851921999872	24.846992377672667	0.290057348250001	25.75672687832373	2.511058028176194e-10	5.065836639062127e-12	False	False
32	24.847050377845978	0.28946485511722325	4.109375134572676	6.562038801988422	0.8404568237259077	4.548446728470075	-0.3552403425375241	0.4220774168751508	7.956274338137045	0.6818788042496149	24.864742115215435	0.2900398076007457	24.84705037805271	0.2894648551200501	23.353508504463417	2.0673240896940115e-10	2.8268498653005736e-12	False	False
36	24.84700861604521	0.28835642998019306	3.974613171462446	6.998801243729187	0.8641960416001128	3.6801127704259504	-0.39606624278389957	0.43399925209157664	3.301110188298844	0.41490653137430605	24.851375887823735	0.2885127739933335	24.847008616052385	0.28835642998024236	24.847008616052385	7.176481631177012e-12	4.929390229335695e-14	False	False
38	24.846856450076253	0.28915746498065437	4.051409013508219	6.405314713994764	0.8560667054651856	4.492072353277113	-0.08360491247191387	0.4299166994846162	0.7528340827349952	0.22805481786203324	24.87152144469975	0.28997769102484167	24.846856449897356	0.28915746497662564	20.809131603746614	-1.7889689729599922e-10	-4.028721800608537e-12	False	False
42	24.846814594294763	0.28988448017311413	3.7585254957119787	6.47065564844482	0.8326422373692139	4.644478105709183	-0.3007767465233049	0.4181529316068192	1.5648570492714757	2.078621418927337	24.869108601435507	0.2905940710321219	24.84681459346241	0.28988448015669355	22.4125029866047	-8.32354629665133e-10	-1.6420587112264684e-11	False	False
47	24.84684424672122	0.2899537552746238	2.7249565236466227	6.3794436000073835	0.7981862827440807	3.5466097844143256	-0.42739642652990373	0.40084915119407727	2.7157671908596903	1.7354730210813982	24.861283749112694	0.2904628168420663	24.846844247250292	0.2899537552828143	22.480068332315305	5.290736737606494e-10	8.190503830718399e-12	False	False
56	24.846899413253748	0.2893419259754343	2.715640492370912	7.13938835339848	0.8431567727335967	3.493059766042598	-0.27615637832600504	0.42343333126681226	5.812124206484055	2.1401408140011426	24.8499670516568	0.28943525641698636	24.846899413820452	0.2893419259826952	25.020450999189737	5.667040170465043e-10	7.260914092199755e-12	False	False
57	24.846941605775474	0.2893630624394836	3.533373375114246	7.312266576235658	0.9067819649904447	2.790260405924852	-0.10960398160309148	0.4553859028182013	4.991429891273738	0.8587961499007981	24.847258787021616	0.28940746178767457	24.84694160587261	0.2893630624420167	22.90441600494877	9.71347446920845e-11	2.533084852984757e-12	False	False
61	24.8469165290661	0.2899452421145327	2.814883323734376	7.894762818865556	0.8431543967256979	3.534549408928981	-0.30086885649762585	0.4234321380356455	2.40942944954195	0.4827132709515229	24.847513377370074	0.2899617554624218	24.84691652904461	0.28994524211422207	28.352702870584846	-2.149036504306423e-11	-3.106404022901188e-13	False	False
62	24.847097880136666	0.29066291230078434	2.29617365885805	7.098287222195502	0.8807202922792148	2.8098544328991415	-0.08244045011280984	0.44229773078262163	4.350608800462473	1.8056593444931763	24.848042731419458	0.2907362131164947	24.84709788008887	0.2906629123001225	23.264638771861236	-4.779465712090314e-11	-6.618594561302871e-13	False	False
63	24.8470345508762	0.29107641513690313	2.5245033829697046	7.412751541847537	0.8541376911945514	2.859059439238394	-0.3597157812091556	0.4289479485179037	6.301042214147577	1.4483127541777077	24.847708616222512	0.2911124385230839	24.84703455090659	0.2910764151374365	25.01759446423474	3.0389912808459485e-11	5.333511410299252e-13	False	False
64	24.84705938773813	0.28970229060253916	2.045678768591552	7.039333140196652	0.864587804648725	3.2234028484291923	-0.22218448825636838	0.43419599549458965	8.79320779566367	1.3955164077333897	24.84954552848933	0.28981401717468874	24.847059388481817	0.28970229061663194	24.84705938848182	7.436860016696301e-10	1.4092782496533118e-11	False	False
66	24.84700835128145	0.2886296577969322	1.2506495439839287	6.725746352045592	0.8219899856647368	3.7737803240072973	-0.5875710628023565	0.4128033708008308	7.598194095203253	0.8640980938662983	24.855493749185115	0.2889085320499336	24.847008351198607	0.2886296577960711	24.847008351198603	-8.284217756227008e-11	-8.611444890505027e-13	False	False
77	24.847066420198022	0.2898807977642553	1.0278496269403545	7.292029175366458	0.8055579702665181	3.6920678156216242	-0.4403035029795308	0.4045512126678454	5.253677359674176	0.6914376355548522	24.849911826068524	0.289946865631736	24.84706642005379	0.28988079776228726	27.58684344907036	-1.4423306993194274e-10	-1.9680368446017837e-12	False	False
83	24.84710618907674	0.29105427198205835	1.4317283955049	6.921311652198641	0.7981862827440807	3.5466097844143256	-0.42739642652990373	0.40084915119407727	4.759623572879686	0.9059603867975001	24.852457225722766	0.2911979481703356	24.84710618932428	0.2910542719859034	24.84710618932428	2.475388782841037e-10	3.845035401184305e-12	False	False
85	24.84694468405083	0.2909222170106934	1.2840706323264741	7.006687541714588	0.8713276290408071	4.162144531002232	-0.23745344044383787	0.4375807353042933	6.661690716489673	1.3996255406515667	24.853679266739327	0.2911238856026579	24.84694468399549	0.2909222170092303	24.84694468399549	-5.53406209746754e-11	-1.4630519018510313e-12	False	False
90	24.846794794338084	0.29044458791077366	1.1360732372220916	6.847864107883571	0.9133634644566608	4.4855223337387935	-0.20565075238817607	0.45869113185013505	1.6283226415028644	0.2444308375758544	24.858940795244187	0.29084761091887423	24.84679479450282	0.2904445879147169	23.834005847797403	1.6473578057230043e-10	3.9432346277124e-12	False	False
97	24.846807688064914	0.28992432617263225	0.934341695270422	6.774795504948938	0.9080057733510926	4.477914912005542	-0.1019076576249105	0.45600049937691867	2.1771356244725677	1.337041916006999	24.860133672688587	0.29036916543623104	24.846807688106416	0.2899243261725003	23.43453651276673	4.150280119574745e-11	-1.3195000647669985e-13	False	False
104	24.84689112127555	0.2894795831688045	1.9027975189470185	7.148776028222767	0.9410324914493278	4.601397273059149	-0.016239383128410084	0.4725865172058524	7.945207792599203	3.6493857816156985	24.85315357860864	0.28968601165401103	24.84689112210814	0.28947958317989575	24.84689112210814	8.325891087679338e-10	1.1091239038307776e-11	False	False
110	24.84706876228368	0.2900966875790249	1.749580470383805	7.5912521228794905	1.0054235697962288	3.787375960632766	0.038480902672020756	0.5049237167516661	11.255712983747372	1.4166669113716366	24.848303866930838	0.2901603248694509	24.84706876227947	0.2900966875792051	24.22474688950371	-4.209965709378594e-12	1.801891968966629e-13	False	False
115	24.846985835165327	0.29111189050678116	0.5990947058712426	8.377219796834886	0.9750634317246394	4.922955304876019	0.131934423374028	0.48967685541211387	2.3811257146495173	0.21154819051336252	24.847577444002354	0.2911264279330773	24.846985835175843	0.29111189050698527	28.89819991605383	1.0516032489249483e-11	2.0411450307733503e-13	False	False
119	24.846994986213172	0.2907285689640148	0.7485627457124002	8.598996502818553	0.915419720768455	4.094735545066947	0.017221729760754576	0.45972378376991807	2.8278711749983994	1.1876194346230222	24.84718951314047	0.2907338492665168	24.84699498628841	0.2907285689650187	28.513871627759595	7.523937028963701e-11	1.0039191700172978e-12	False	False
120	24.84699496477334	0.28944760208430576	1.080149489191191	8.160306029919752	0.9317205810667074	4.49360995716736	-0.07101276138929197	0.46791007581170047	2.0190745560334515	0.7139909957300634	24.84775747604386	0.2894662653744582	24.84699496477445	0.28944760208413156	28.99256185499937	1.1084466677857563e-12	-1.7419399256368706e-13	False	False
121	24.847032301208326	0.28940459428857596	0.9820163677739255	7.986649725747996	0.9486993139296561	2.9118829256203127	-0.11595233679620345	0.4764367954554733	6.750360172979389	3.3432941605884663	24.847168693967937	0.289417494367373	24.847032301248245	0.28940459428942744	23.380085888231445	3.991829089500243e-11	8.514855487362638e-13	False	False
125	24.84691772005304	0.28999012717382966	1.9711327106407968	8.790909949229697	0.9341204680149526	2.957712021792999	0.00984492706072504	0.4691152990371092	7.272980952100305	1.0774211694974267	24.846931411877037	0.28999188004500154	24.846917720069495	0.28999012717404554	23.459000688961847	1.645616976020392e-11	2.158828671383617e-13	False	False
130	24.847003742667965	0.2890338765907474	2.971581176624606	8.382877022655567	0.9370567295322805	3.6756008203452186	-0.1517164443612659	0.47058988957111125	5.347543647603612	0.7352616049488399	24.84721181867636	0.2890416432030394	24.847003742687416	0.2890338765911163	26.47609671333203	1.9451107391432743e-11	3.6887159993170826e-13	False	False
134	24.84697931754285	0.28872658867426754	2.727716321571869	8.039421783399114	0.8714532255097762	3.4413663423822882	-0.007664810925191556	0.4376438098510096	3.7963442032570276	0.7099229951976697	24.847284276736787	0.288737943535644	24.846979317522248	0.2887265886740705	26.71180533110806	-2.0602186623364105e-11	-1.9706458687096529e-13	False	False
135	24.84679919004473	0.2897356554591757	2.095277189550512	8.455466422034673	0.8543058593236894	2.7679975844091143	-0.35523885350012663	0.4290324025523568	1.9355937830123295	0.5098572941177753	24.84685022313047	0.2897386489145449	24.84679919006673	0.2897356554596016	25.4469579044555	2.1998403099132702e-11	4.259370633974413e-13	False	False
138	24.84691216268266	0.289058936843627	1.955160912596506	8.19805534380004	0.9335608927701113	2.4292629060220925	-0.06434783552631551	0.4688342803491499	1.2545465514025447	0.6481455780717154	24.846852800375082	0.28906295074580035	24.846912162676535	0.28905893684344974	21.227395201088687	-6.124878382252064e-12	-1.7724710588140624e-13	False	False
140	24.846854556120547	0.29166011459242525	2.2738457316214644	8.632850247684424	0.8644627983695861	2.831841033320523	-0.2867819524905666	0.4341332173412061	1.0733813705159918	0.8555930980129707	24.84689128307868	0.29166226173656773	24.846854556117126	0.29166011459245583	25.342643662362732	-3.4212632726848824e-12	3.058664432842306e-14	False	False
143	24.846924474082126	0.2910610679818307	2.069817055181143	8.083983538103126	0.9502867775614476	3.044109500901059	-0.08705741864032909	0.477234019691359	4.107270828005185	3.8264785851749537	24.847040936003825	0.2910718401635031	24.84692447409969	0.29106106798233133	23.58781715134882	1.7564616427989677e-11	5.006550729547143e-13	False	False
150	24.847051975026467	0.28983278998901413	1.8585252073701808	6.738785196650483	0.8271837047959921	2.7488587020877007	-0.3538724073439484	0.4154116565485472	8.968731697873814	2.1836231584051005	24.850004473518844	0.28998576469728726	24.847051975035196	0.2898327899883988	23.649433995080134	8.72901750881283e-12	-6.15341111398493e-13	False	False
154	24.84699914842542	0.2900482158283106	1.416895925936477	7.435801148746725	0.848068251079549	3.585501560330246	-0.17527767838984676	0.4258998756921495	7.661339641372575	0.8542277659157562	24.848791728212877	0.2900985194522488	24.846999148504935	0.29004821582917173	26.726702364590572	7.951328484523401e-11	8.611444890505027e-13	False	False
156	24.847088390470336	0.289871122979949	2.165594198196651	7.849711234190043	0.8970327757804237	3.541816340960628	-0.28569436386527186	0.45048985999692875	5.562982897738451	0.7261109881746227	24.847797305920825	0.2898939855592956	24.847088390445847	0.28987112297958323	26.724576240725728	-2.4488855387971853e-11	-3.657629754627578e-13	False	False
157	24.84708131758951	0.29050832299287077	2.762931851718637	8.460571804032753	0.882158733559044	3.3842625256062515	-0.1663870770643554	0.44302011599335184	4.621845959008481	0.830821529379036	24.847209055069015	0.290512918496168	24.847081317570048	0.29050832299268253	26.90966039369001	-1.9461765532469144e-11	-1.882383138251953e-13	False	False
158	24.847064818319183	0.28955587499941915	2.7522608785653984	7.7975394856007165	0.9133634644566608	4.4855223337387935	-0.20565075238817607	0.45869113185013505	2.870612554696795	0.6210965445747189	24.84877915165994	0.289596907593993	24.84706481829802	0.2895558749991126	28.21971728377654	-2.1163515384614584e-11	-3.065325770990057e-13	False	False
