Step	Time_elapsed
1	0.0
2	1582657554.7185564
3	1353.0533847808838
4	1314.357174873352
5	1196.1230573654175
6	1238.8436601161957
7	1285.5945403575897
8	1056.102933883667
9	765.2714219093323
10	1381.3850493431091
11	984.8658032417297
12	977.5745012760162
13	1043.7893106937408
14	1016.4866213798523
15	801.5949008464813
16	1020.4654591083527
17	698.2452750205994
18	1004.376234292984
19	834.3600072860718
20	1329.1201741695404
21	814.7222273349762
22	1120.0393478870392
23	1155.7642631530762
24	953.8087198734283
25	841.1174981594086
26	951.4153215885162
27	785.3589420318604
28	763.7570164203644
29	802.4101910591125
30	726.170797586441
31	487.3114905357361
32	834.1077678203583
33	811.6614346504211
34	798.7094194889069
35	814.1446568965912
36	695.9002752304077
37	935.5420534610748
38	1246.714736700058
39	1098.4907789230347
40	969.3079435825348
41	1022.5067448616028
42	951.8037405014038
43	951.8037405014038
44	886.7198207378387
45	1202.2849106788635
46	1382.2491517066956
47	768.0377290248871
48	434.77054715156555
49	1067.8974633216858
50	799.1004312038422
51	795.8496842384338
52	1064.4269833564758
53	1178.580198764801
54	1282.1796660423279
55	1192.2623674869537
56	1074.1316890716553
57	1107.502643108368
58	1124.9854092597961
59	983.3572578430176
60	1208.6206164360046
61	1104.8089900016785
62	1065.9728853702545
63	908.0844256877899
64	1064.4623095989227
65	825.9280211925507
66	1562.7382974624634
67	1026.2388842105865
68	982.3850908279419
69	1155.6128549575806
70	823.0820937156677
71	774.5587947368622
72	891.3924465179443
73	1308.2496192455292
74	1253.3471539020538
75	1258.9278330802917
76	791.995599269867
77	1309.2773373126984
78	1408.9257376194
79	1121.8475494384766
80	516.5881834030151
81	732.8164255619049
82	1295.8786404132843
83	1049.8186764717102
84	1284.369333267212
85	707.0917413234711
86	1492.7293167114258
87	864.9229898452759
88	1092.8045637607574
89	1030.3497037887573
90	1153.9246113300323
91	1415.8504004478455
92	1459.3703269958496
93	1496.8101880550385
94	1558.079249382019
95	1421.9549684524536
96	1064.3265402317047
97	1237.9162051677704
98	704.6160492897034
99	1120.8843820095062
100	1385.2398211956024
101	924.5200650691986
102	1091.0448822975159
103	1035.6525592803955
104	1121.6067883968353
105	1249.3851313591003
106	1789.072117805481
107	1393.3719999790192
108	1438.8953788280487
109	1236.9864642620087
110	1366.3537685871124
111	1123.553028345108
112	978.5790598392487
113	1625.8923575878143
114	1099.3071899414062
115	1743.403640985489
116	699.3499710559845
117	814.9629559516907
118	756.297025680542
119	826.0842485427856
120	764.4670116901398
121	606.6956014633179
122	733.8194096088409
123	972.6812267303467
124	574.5843236446381
125	880.2554025650024
126	948.6020705699921
127	732.3856570720673
128	784.7648005485535
129	789.0910911560059
130	750.3693585395813
131	960.7096922397614
132	827.6760656833649
133	838.5250263214111
134	722.0991888046265
135	817.6881983280182
136	592.8178527355194
137	808.6184766292572
138	833.505966424942
139	772.2857086658478
140	840.4959609508514
141	822.1189260482788
142	722.1392874717712
143	1073.9673418998718
144	719.5522100925446
145	644.3592660427094
146	674.8927307128906
147	724.1614673137665
148	680.6284267902374
149	918.9401922225952
150	727.8297894001007
151	682.527382850647
152	383.9599633216858
153	493.40704226493835
154	842.3929932117462
155	522.8729562759399
156	835.1363952159882
157	780.4224753379822
158	780.4224753379822
159	1284.0958461761475
160	1089.8375840187073
161	1201.9135265350342
162	1922.0187575817108
163	1255.042228460312
164	1364.3740587234497
165	1189.7530615329742
166	1183.5749542713165
167	1447.351464509964
168	1089.7916133403778
169	1338.9312760829926
170	1405.7084052562714
171	1121.257961988449
172	1284.736304283142
173	1237.5072107315063
174	1425.0098645687103
175	1390.6277551651
176	1339.9237852096558
177	1234.3210344314575
178	1185.8872978687286
179	1105.0159986019135
180	823.3685703277588
181	1312.4522681236267
182	945.1466784477234
183	945.1466784477234
184	1230.082725763321
185	1071.4069056510925
186	1414.7679646015167
190	854.3501777648926
188	845.157966375351
189	979.393759727478
190	1582861641.2690487
191	1014.31250166893
192	965.380234003067
193	792.9960060119629
194	909.2185037136078
195	546.8204929828644
196	892.9423463344574
197	1240.0985162258148
198	844.5482919216156
199	813.7710890769958
200	760.2253615856171
201	750.3206443786621
202	730.1459224224091
203	856.9913330078125
204	758.9089233875275
205	834.2138526439667
206	923.5344593524933
207	1000.5971920490265
208	828.0328750610352
209	785.273859500885
210	688.5969417095184
211	711.0439028739929
212	888.0939967632294
213	981.3044114112854
214	1212.1961407661438
215	867.5071339607239
216	938.479193687439
217	1025.6161115169525
218	1025.6161115169525
219	795.879914522171
220	992.7467620372772
221	913.9070444107056
222	721.0185644626617
223	821.7484755516052
224	702.2027883529663
225	500.94949650764465
226	400.4003300666809
227	717.7365701198578
228	1071.6427886486053
229	704.9065227508545
230	1000.0748100280762
231	709.7791135311127
232	722.7418096065521
233	866.2529666423798
234	1009.51016664505
235	725.9497992992401
236	749.7072741985321
237	1059.417810201645
238	1231.1355147361755
239	543.6531116962433
240	558.9974975585938
241	844.9224483966827
242	916.1953959465027
243	760.0556874275208
244	951.293781042099
245	980.7895934581757
246	984.4089324474335
247	1200.7032840251923
248	629.6715302467346
249	600.7848064899445
250	568.9169356822968
251	1062.4241213798523
252	877.7874708175659
253	576.7003703117371
254	456.1284394264221
255	802.8401453495026
256	690.6540102958679
257	575.8966634273529
258	604.1695454120636
259	663.2850615978241
260	717.754864692688
261	652.2801814079285
262	721.7188544273376
263	674.5187835693359
264	618.3176214694977
265	609.2153947353363
266	826.4805648326874
267	860.4913699626923
268	1002.4356536865234
269	753.3325681686401
270	761.2745676040649
271	885.2144024372101
272	608.9669096469879
273	899.6450414657593
274	838.7211954593658
275	900.6227450370789
276	846.5235559940338
277	915.2883479595184
278	881.7381203174591
279	784.6551332473755
280	805.2117788791656
281	560.6006782054901
282	894.3970701694489
283	714.057229757309
284	697.8506517410278
285	801.0506784915924
286	726.2662777900696
287	928.9961063861847
288	835.3544256687164
289	882.9763803482056
290	760.4224426746368
291	1021.2294895648956
292	852.4691343307495
293	742.3403499126434
294	881.7210652828217
295	710.4196825027466
296	792.9989335536957
297	709.1415939331055
298	906.9981236457825
299	418.67690682411194
300	811.6429555416107
301	617.4331078529358
302	448.74812173843384
303	745.8631725311279
304	816.4370265007019
305	626.0021481513977
306	726.6430037021637
307	591.1952493190765
308	384.3570477962494
309	440.30574011802673
310	401.9299168586731
311	445.01462149620056
312	431.58533573150635
313	508.93601393699646
314	1073.9104356765747
315	533.7509553432465
316	455.2507767677307
317	532.2753057479858
318	569.4844753742218
319	994.8954167366028
320	481.8818998336792
321	464.55590629577637
322	455.73277735710144
323	837.4166264533997
324	421.00764203071594
325	482.3940899372101
326	830.2728824615479
327	837.5213150978088
328	414.1243414878845
329	516.6521871089935
330	417.4207034111023
331	463.4043071269989
332	482.99874353408813
333	400.9618389606476
334	497.10407996177673
335	342.45187854766846
336	342.5685348510742
337	478.48516392707825
338	373.2531008720398
339	537.4331967830658
340	962.5113937854767
341	471.1568007469177
342	408.5154433250427
343	354.9773623943329
344	378.41561126708984
345	713.3097727298737
346	511.90757846832275
347	747.1890978813171
348	848.9795866012573
349	522.7160105705261
350	714.2530994415283
351	457.33970737457275
352	685.9461541175842
353	720.0105075836182
354	610.7103450298309
355	814.4680345058441
356	515.6131210327148
357	814.0217940807343
358	761.7053868770599
359	794.8876941204071
360	928.5743527412415
361	510.8799822330475
362	507.5222828388214
363	811.7642834186554
364	973.7512052059174
365	904.3071773052216
366	938.1640655994415
367	834.4305877685547
368	1319.3049561977386
369	640.6488478183746
370	620.7403526306152
371	909.236752986908
372	807.141606092453
373	773.2070760726929
374	912.7088775634766
375	681.0374226570129
376	894.9724915027618
377	944.4017910957336
378	769.3033940792084
379	674.6779217720032
380	561.4374279975891
381	579.7021865844727
382	538.1708083152771
383	673.1931867599487
384	846.5767323970795
385	477.234904050827
386	724.42325258255
387	572.861606836319
388	602.8358590602875
389	724.0271689891815
390	699.4293217658997
391	505.0672106742859
392	536.345780134201
393	707.8629107475281
394	807.2826452255249
395	807.2826452255249
396	678.4077384471893
397	719.1130950450897
398	469.9563500881195
399	709.7194745540619
400	734.7049708366394
401	501.6307475566864
402	785.000997543335
403	921.5589575767517
404	972.4078416824341
405	796.7347311973572
406	612.6526634693146
407	768.1852986812592
408	764.9165046215057
409	625.0746548175812
410	785.2755916118622
411	742.1620452404022
412	800.9086327552795
413	690.9517800807953
414	799.6927947998047
415	678.6669735908508
416	487.3079721927643
417	474.26680421829224
418	737.0660316944122
419	758.2298758029938
420	779.4736895561218
421	818.2301683425903
422	780.169798374176
423	402.6316545009613
424	560.6432027816772
425	757.913330078125
426	465.9618761539459
427	462.3500452041626
428	671.1270549297333
429	638.0605344772339
430	774.5136806964874
431	592.761946439743
432	283.3060209751129
433	481.3252682685852
434	361.1653039455414
435	537.3531818389893
436	622.171638250351
437	810.7649345397949
438	808.1169590950012
439	842.5202488899231
440	1083.079760313034
441	774.3077597618103
442	515.9955008029938
443	1027.112888097763
444	974.0410289764404
445	821.0674195289612
446	520.2059497833252
447	636.4655985832214
448	834.5005233287811
449	729.487396478653
450	964.8418114185333
451	454.2301378250122
452	647.392751455307
453	933.4807369709015
454	536.3370048999786
455	532.9280161857605
456	658.2729456424713
457	537.4088702201843
458	612.5812158584595
459	774.1608965396881
460	480.8799591064453
461	504.83604860305786
462	530.8110105991364
463	495.5249307155609
464	509.7440755367279
465	516.6090452671051
466	499.22487473487854
467	552.8221242427826
468	896.281667470932
469	467.3822138309479
470	451.9278099536896
471	365.92772459983826
472	801.9193584918976
473	483.66887068748474
474	726.9319732189178
475	450.62647438049316
476	476.6233115196228
477	422.64048957824707
478	341.8769488334656
479	541.4375960826874
480	460.45514154434204
481	506.86010360717773
482	540.3314130306244
483	527.4992027282715
484	536.67635679245
485	593.5085005760193
486	524.78111743927
487	562.280645608902
488	401.25438690185547
489	662.6970479488373
490	565.4516146183014
491	651.9985284805298
492	901.8168933391571
493	520.6253018379211
494	446.95066261291504
495	536.216835975647
496	578.9226791858673
497	662.067441701889
498	561.8600742816925
499	552.5346670150757
500	1084.303540468216
501	974.5441842079163
502	537.8223192691803
503	1001.534081697464
504	636.679755449295
505	620.1889200210571
506	556.1695227622986
507	626.2486462593079
508	932.6294150352478
509	654.5345630645752
510	1043.746916294098
511	586.9044699668884
512	512.0758752822876
513	563.3389060497284
514	521.4392874240875
515	940.2104647159576
516	1028.2282032966614
517	1028.156816959381
518	549.5064585208893
519	832.4409956932068
520	623.9247572422028
521	996.7098498344421
522	666.4632370471954
523	895.5424494743347
524	599.4056701660156
525	667.2836997509003
526	557.9306433200836
527	525.8049960136414
528	559.1510081291199
529	609.0310180187225
530	642.0492074489594
531	607.2699198722839
532	535.0580801963806
533	497.4889521598816
534	558.7083511352539
535	540.2222764492035
536	480.75102162361145
537	512.0173716545105
538	606.6060457229614
539	525.9948768615723
540	517.8555221557617
541	512.9464764595032
542	451.0003788471222
543	642.7318117618561
544	556.1928446292877
545	643.2113046646118
546	466.5276584625244
547	538.7681109905243
548	470.3598680496216
549	468.4914770126343
550	479.92607259750366
551	471.9220938682556
552	551.2754731178284
553	502.21864199638367
554	529.410715341568
555	528.7544682025909
556	814.5848617553711
557	545.754513502121
558	833.0950875282288
559	576.826379776001
560	1016.3882641792297
561	950.8526558876038
562	612.6154017448425
563	935.5329704284668
564	996.2850375175476
565	570.1651058197021
566	1057.8203716278076
567	660.7765076160431
568	588.9937918186188
569	469.72835421562195
570	363.6376702785492
571	776.313627243042
572	648.2188606262207
573	487.2954833507538
574	387.87834429740906
575	414.89544677734375
576	491.0541455745697
577	357.4220747947693
578	371.2130672931671
579	452.46564197540283
580	438.8349997997284
581	432.9103832244873
582	456.69926285743713
583	422.68310809135437
584	410.6823904514313
585	459.28061151504517
586	811.5075707435608
587	926.7466599941254
588	836.3018262386322
589	600.661539554596
590	592.1912906169891
591	491.77674651145935
592	510.0543282032013
593	589.2153415679932
594	501.3745138645172
595	501.3745138645172
596	732.2771434783936
597	763.8278350830078
598	505.17749881744385
599	519.1165933609009
600	404.54013681411743
601	860.0222456455231
602	714.935674905777
603	541.9474701881409
604	791.5817511081696
605	545.4818503856659
606	855.0558910369873
607	855.0558910369873
608	888.0398106575012
609	670.6754899024963
610	746.8668775558472
611	840.4169354438782
612	749.2902674674988
613	720.2630586624146
614	864.1173632144928
615	833.6777355670929
616	711.3858959674835
617	651.5114722251892
618	462.37168979644775
619	761.4011144638062
620	670.2980358600616
621	704.3326592445374
622	414.5042841434479
623	586.1856398582458
624	476.2314386367798
625	726.9261384010315
626	494.4201672077179
627	474.43910217285156
628	562.7173471450806
629	445.84616351127625
630	422.5936005115509
631	337.603404045105
632	577.0449452400208
633	641.0964784622192
634	520.3200559616089
635	591.2144570350647
636	549.8453359603882
637	497.29102849960327
638	645.3580470085144
639	557.6605763435364
640	519.2132985591888
641	791.5634474754333
642	822.9353725910187
643	492.5673005580902
644	503.91378355026245
645	570.8621897697449
646	641.6037931442261
647	451.54477620124817
648	530.3809983730316
649	401.13754200935364
650	855.9747831821442
651	452.4285144805908
652	383.27005338668823
653	527.4690268039703
654	962.1219592094421
655	550.4488942623138
656	585.7924263477325
657	512.3898601531982
658	851.5549128055573
659	894.0825483798981
660	669.4821825027466
661	744.8902471065521
662	792.1046979427338
663	927.1083993911743
664	511.26757979393005
665	463.7418088912964
666	487.8404767513275
667	924.6314611434937
668	983.0496709346771
669	539.6233239173889
670	420.094566822052
671	855.0899212360382
672	523.1675751209259
673	795.40651512146
674	831.9595246315002
675	930.7433915138245
676	963.2888667583466
677	470.82876896858215
678	946.1942517757416
679	823.4149010181427
680	789.6063721179962
681	476.6482672691345
682	427.27569556236267
683	824.8070034980774
684	804.487123966217
685	837.6886410713196
686	931.7422163486481
687	773.2161357402802
688	736.8199570178986
689	682.1336786746979
690	685.109591960907
691	537.200103521347
692	798.2784459590912
693	888.0821437835693
694	763.4953215122223
695	742.507600069046
696	784.8046374320984
697	885.4297585487366
698	844.7893464565277
699	1052.060536146164
700	778.4777705669403
701	905.3775706291199
701	1583391219.185985
702	738.2092385292053
703	586.6070857048035
704	752.1448132991791
705	783.616131067276
706	643.0225205421448
707	943.3298389911652
708	530.4690124988556
709	503.65551137924194
710	712.9292395114899
711	586.1812560558319
712	638.1853384971619
713	442.98569917678833
714	827.8406574726105
715	827.8406574726105
716	458.35862469673157
717	798.4267265796661
718	456.8144769668579
719	808.4964134693146
720	937.102216720581
721	983.7729301452637
722	458.96220993995667
723	661.861325263977
724	757.3254108428955
725	570.0694961547852
726	918.7172982692719
727	766.8624293804169
728	595.3565402030945
729	877.1590430736542
730	631.9481596946716
731	853.133113861084
732	430.7064971923828
733	255.95891737937927
734	769.8721024990082
735	807.9644708633423
736	882.8886399269104
737	724.7349679470062
738	1003.1154954433441
739	810.6905806064606
740	621.1800141334534
741	1012.0846128463745
742	523.9339439868927
743	783.2344601154327
744	559.0109376907349
745	792.5922210216522
746	929.9743263721466
747	1034.214227437973
748	582.1557836532593
749	735.1014235019684
750	735.1014235019684
751	785.9651324748993
752	893.0023896694183
753	446.1550259590149
754	689.102931022644
755	559.9330129623413
756	378.3700861930847
757	498.705513715744
758	614.9801278114319
759	838.0384058952332
760	841.0950853824615
761	859.9934871196747
762	766.0374810695648
763	569.7930817604065
764	646.5251605510712
765	873.0966639518738
766	419.183167219162
767	516.2102074623108
768	691.5969226360321
769	356.91297221183777
770	391.079313993454
771	811.3688809871674
772	472.64514923095703
773	892.4673597812653
774	519.0539221763611
775	544.9575943946838
776	753.1610698699951
777	592.4649696350098
778	593.8196935653687
779	840.5239226818085
780	949.6217341423035
781	830.4692893028259
782	753.5939147472382
783	646.2874028682709
784	769.8347771167755
785	769.8347771167755
786	809.6027185916901
787	854.4566874504089
788	604.2576100826263
789	809.3468942642212
790	893.6634259223938
791	718.5933372974396
792	618.7409343719482
793	685.5657708644867
794	661.1545977592468
795	692.039880990982
796	652.4147765636444
797	775.6456744670868
798	724.3473947048187
799	779.657514333725
800	695.2912907600403
801	571.6895020008087
802	609.7112641334534
803	729.2178177833557
804	706.0582115650177
805	787.0975036621094
806	547.7506537437439
807	848.0365982055664
808	633.7953622341156
809	893.226366519928
810	860.0759472846985
811	587.2572968006134
812	709.998030424118
813	471.32335662841797
814	550.310667514801
815	718.6311552524567
816	840.4514358043671
817	719.1296763420105
818	765.8287482261658
819	800.429356098175
820	774.9533348083496
821	631.2163627147675
822	746.8610992431641
823	796.8527290821075
824	690.7949707508087
825	470.1573305130005
826	696.65500831604
827	718.614485502243
828	804.6687142848969
829	871.1172997951508
830	786.1146397590637
831	474.46685552597046
832	473.07156348228455
833	511.92959451675415
834	566.4119799137115
835	708.0734024047852
836	427.72234582901
837	347.0834016799927
838	444.4602105617523
839	431.1290454864502
840	857.8787937164307
841	1055.961097240448
842	626.082094669342
843	788.7486560344696
844	606.5282974243164
845	635.2627251148224
846	710.2195572853088
847	620.5227818489075
848	816.5036268234253
849	606.048585653305
850	621.8327884674072
851	713.761636018753
852	644.5858221054077
853	578.7502791881561
854	653.209135055542
855	689.9756581783295
856	418.27799558639526
857	822.5691788196564
858	659.5100247859955
859	596.9403026103973
860	789.907308101654
861	769.6821484565735
862	860.9873900413513
863	750.1976826190948
864	582.9409718513489
865	823.0624289512634
866	766.6779451370239
867	701.7458083629608
868	954.5463783740997
869	772.9206063747406
870	673.5725462436676
871	626.0864124298096
872	762.5735876560211
873	356.3305447101593
874	724.2658574581146
875	681.4317133426666
876	759.8230004310608
877	589.9168541431427
878	508.8897271156311
879	590.3086776733398
880	624.9440822601318
881	618.5989534854889
882	753.2567703723907
883	710.4906351566315
884	658.4578227996826
885	492.0403735637665
886	468.0765480995178
887	401.88078355789185
888	422.8764877319336
889	629.3127434253693
890	797.4029903411865
891	542.9587569236755
892	693.8433475494385
893	511.3954722881317
894	548.1985285282135
895	626.9509818553925
896	747.390392780304
897	718.5900654792786
898	556.8961753845215
899	756.0954773426056
900	740.5969974994659
901	770.5207366943359
902	775.930314540863
903	654.0068309307098
904	1038.0945973396301
905	982.4157660007477
906	907.846709728241
907	769.4286994934082
908	945.7416167259216
909	849.172171831131
910	920.7949194908142
911	917.4704194068909
912	492.9920103549957
913	904.8686535358429
914	663.674890756607
915	952.6780271530151
916	1077.0435042381287
917	822.3710720539093
918	768.5820078849792
919	783.8599689006805
920	728.7789068222046
921	728.8288462162018
922	642.1320641040802
923	677.459367275238
924	782.2058475017548
925	795.7097420692444
926	722.7663431167603
927	741.4073300361633
928	620.5005354881287
929	605.4305334091187
930	730.1794126033783
931	874.4008722305298
932	687.9480051994324
933	390.87940311431885
934	483.0827589035034
935	566.6037137508392
936	454.3708665370941
937	464.9430024623871
938	424.5928590297699
939	496.0673909187317
940	841.2721834182739
941	868.9035081863403
942	769.9826328754425
943	769.9826328754425
944	826.1549670696259
945	905.8018207550049
946	453.7545154094696
947	520.9047713279724
948	510.95977783203125
949	506.37796425819397
950	870.3506231307983
951	486.81564140319824
952	432.975102186203
953	406.26952052116394
954	530.7487232685089
955	411.7820692062378
956	901.9975697994232
957	488.3074436187744
958	431.5622549057007
959	740.4141011238098
960	460.24486351013184
961	665.931946516037
962	650.0226883888245
963	702.3427879810333
964	671.9317519664764
965	727.0435740947723
966	834.7925777435303
967	390.7115774154663
968	269.14357924461365
969	506.7084593772888
970	442.0471305847168
971	485.2749752998352
972	446.5610020160675
973	453.6368956565857
974	779.2388627529144
975	477.14272713661194
976	407.8404576778412
977	822.2783772945404
978	777.273508310318
979	817.8122384548187
980	773.5157775878906
981	609.3777213096619
982	791.2358779907227
983	484.9852797985077
984	825.2149081230164
985	622.4902410507202
986	444.1036448478699
987	501.56915616989136
988	758.6335077285767
989	351.13632369041443
990	749.0845289230347
991	501.8908967971802
992	541.1578776836395
993	621.7715651988983
994	472.8369126319885
995	623.0477647781372
996	669.2532408237457
997	640.9539082050323
998	630.4951410293579
999	593.6388082504272
1000	569.0699784755707
1001	792.2591812610626
1002	894.8758580684662
1003	726.260618686676
1004	645.7155935764313
1005	857.1302495002747
1006	598.1178166866302
1007	698.2693996429443
1008	775.2195723056793
1009	711.5680792331696
1010	641.8543961048126
1011	435.4714846611023
1012	627.1725516319275
1013	727.7446115016937
1014	763.0652945041656
1015	690.0993661880493
1016	933.1089336872101
1017	682.910647392273
1018	754.6418042182922
1019	863.0809524059296
1020	781.8582603931427
1021	843.3543612957001
1022	855.7533793449402
1023	871.8859848976135
1024	855.7415056228638
1025	889.5209140777588
1026	927.7740154266357
1027	775.3232305049896
1028	1134.792451620102
1029	841.3200266361237
1030	835.0781326293945
1031	808.2483515739441
1032	888.9701766967773
1033	948.0905163288116
1034	678.033725976944
1035	760.3796932697296
1036	906.1608803272247
1037	738.9666607379913
1038	641.6481018066406
1039	714.720219373703
1040	891.190708398819
1041	871.1515016555786
1042	1020.5152652263641
1043	761.0805051326752
1044	505.0493748188019
1045	844.6521420478821
1046	326.60542821884155
1047	985.6871361732483
1048	652.5127990245819
1049	994.4877347946167
1050	560.9700539112091
1051	455.83278250694275
1052	923.4852397441864
1053	455.9617540836334
1054	930.0353019237518
1055	948.3184316158295
1056	814.3036653995514
1057	806.5740559101105
1058	770.161158323288
1059	698.9853699207306
1060	739.7890727519989
1061	426.861154794693
1062	845.6114165782928
1063	798.2535336017609
1064	573.7522218227386
1065	1040.1729309558868
1066	777.5993077754974
1067	689.4331142902374
1068	750.6673514842987
1069	437.2063374519348
1070	838.9827570915222
1071	480.28909158706665
1072	500.6208264827728
1073	491.2415521144867
1074	598.2464416027069
1075	594.917154788971
1076	469.0939700603485
1077	451.17921686172485
1078	521.5080335140228
1079	457.17319536209106
1080	636.0272860527039
1081	418.76866459846497
1082	752.0204694271088
1083	506.2579689025879
1084	458.82075357437134
1085	721.1796634197235
1086	553.604409456253
1087	419.91497111320496
1088	510.6225781440735
1089	531.1621768474579
1090	866.5857222080231
1091	492.0268404483795
1092	945.4164485931396
1093	518.3221616744995
1094	683.0367221832275
1095	816.5709836483002
1096	584.1555874347687
1097	578.2069025039673
1098	496.83352994918823
1099	1120.604828119278
1100	738.1118383407593
1101	606.4590647220612
1102	833.7003357410431
1103	499.84906673431396
1104	605.4210476875305
1105	596.200287103653
1106	520.0237340927124
1107	869.528745174408
1108	508.46520233154297
1109	507.6624400615692
1110	937.4820024967194
1111	614.529000043869
1112	475.26761198043823
1113	781.9495251178741
1114	594.8960223197937
1115	489.97969341278076
1116	560.5845053195953
1117	358.87353229522705
1118	689.4371423721313
1119	727.4183554649353
1120	506.4597878456116
1121	633.2980916500092
1122	596.7375848293304
1123	792.8403654098511
1124	604.3869564533234
1125	357.68704295158386
1126	826.3294067382812
1127	496.3051986694336
1128	438.28358936309814
1129	421.0779812335968
1130	507.7369956970215
1131	517.874321937561
1132	462.22056794166565
1133	426.205673456192
1134	498.3340656757355
1135	482.1734609603882
1136	687.2651107311249
1137	869.4542100429535
1138	505.1412904262543
1139	434.39445447921753
1140	883.4063086509705
1141	955.8370690345764
1142	415.8342468738556
1143	591.3640344142914
1144	538.548928976059
1145	467.056111574173
1146	496.29204416275024
1147	421.8378553390503
1148	564.0886523723602
1149	564.6980316638947
1150	563.8851611614227
1151	499.81486105918884
1152	511.35752987861633
1153	532.954826593399
1154	529.9992032051086
1155	933.1671714782715
1156	1082.608477115631
1157	946.0630280971527
1158	933.0178959369659
1159	945.4196043014526
1160	772.3323695659637
1161	785.1022148132324
1162	1028.5791099071503
1163	1035.135278224945
1164	1005.2724258899689
1165	1143.9534392356873
1166	1022.6794922351837
1167	1037.6338756084442
1168	1007.4417688846588
1169	944.3024454116821
1170	739.6075189113617
1171	915.9169173240662
1172	816.1785886287689
1173	770.1637258529663
1174	809.9602243900299
1175	924.9076027870178
1176	837.4411418437958
1177	993.7770574092865
1178	751.0634391307831
1179	723.2982897758484
1180	586.2384572029114
1181	476.25038862228394
1182	814.4136154651642
1183	772.7978472709656
1184	852.6342914104462
1185	852.6342914104462
1186	661.3268284797668
1187	943.4172554016113
1188	804.5210907459259
1189	813.95077252388
1190	732.6963095664978
1191	692.0213468074799
1192	756.1918218135834
1193	592.6952137947083
1194	930.8922543525696
1195	672.6915142536163
1196	864.3896684646606
1197	515.1191637516022
1198	805.3513441085815
1199	783.417724609375
1200	811.6229057312012
1201	996.2516701221466
1202	917.3021602630615
1203	820.5681202411652
1204	826.0516531467438
1205	827.0585932731628
1202	1584606222.9272344
1203	828.9299638271332
1204	907.979489326477
1205	960.2172093391418
1206	743.3127534389496
1207	1078.9971203804016
1208	792.6725106239319
1209	813.0653903484344
1210	748.2639582157135
1211	714.38662981987
1212	636.1000456809998
1213	846.5584282875061
1214	823.4225630760193
1215	527.0070481300354
1216	588.3236405849457
1217	506.4088644981384
1218	460.5025556087494
1219	452.2043647766113
1220	661.7756562232971
1221	460.69137835502625
1222	482.51353311538696
1223	851.12464427948
1224	490.55854630470276
1225	610.9474451541901
1226	862.6899852752686
1227	688.0062129497528
1228	626.282613992691
1229	787.9272601604462
1230	638.5610709190369
1231	442.5780870914459
1232	513.543869972229
1233	517.1411898136139
1234	535.2544150352478
1235	900.5090711116791
1236	713.5348422527313
1237	739.7074632644653
1238	409.06425166130066
1239	484.7340278625488
1240	477.8680922985077
1241	467.817351102829
1242	721.8001577854156
1243	788.4798333644867
1244	935.8486425876617
1245	504.0721981525421
1246	556.199798822403
1247	440.72532629966736
1248	676.8578219413757
1249	481.53503680229187
1250	480.65560126304626
1251	451.6284499168396
1252	411.0197026729584
1253	507.04582166671753
1254	400.1184048652649
1255	767.7049491405487
1256	497.5550923347473
1257	486.09844064712524
1258	630.1336631774902
1259	849.2306065559387
1260	887.0289645195007
1261	526.6856620311737
1262	437.03475427627563
1263	670.8027935028076
1264	507.87228322029114
1265	829.599648475647
1266	562.3584187030792
1267	613.4159636497498
1268	743.8595283031464
1269	492.0081284046173
1270	921.2869081497192
1271	356.59161472320557
1272	617.093813419342
1273	523.0273258686066
1274	333.36923146247864
1275	704.5745525360107
1276	741.3461396694183
1277	622.261958360672
1278	990.4819276332855
1279	337.2721095085144
1280	575.8522429466248
1281	445.608074426651
1282	853.4170062541962
1283	538.7806260585785
1284	956.6179876327515
1285	544.0049731731415
1286	484.7913827896118
1287	626.9481019973755
1288	537.699410200119
1289	486.2526526451111
1290	435.72552466392517
1291	510.8135576248169
1292	340.5903694629669
1293	466.309522151947
1294	472.95967984199524
1295	505.78973054885864
1296	430.46099305152893
1297	483.34780383110046
1298	462.7547798156738
1299	358.867210149765
1300	444.31667304039
1301	453.6070418357849
1302	331.6050407886505
1303	566.9462351799011
1304	523.2751941680908
1305	550.3908360004425
1306	519.3787224292755
1307	908.2274394035339
1308	378.07900285720825
1309	597.4066853523254
1310	631.4710681438446
1311	908.0014138221741
1312	939.2214412689209
1313	942.1136245727539
1314	903.9903500080109
1315	989.6840345859528
1316	789.1342735290527
1317	810.2808017730713
1318	1020.5950081348419
1319	849.592503786087
1320	783.3583884239197
1321	782.575275182724
1322	711.2152121067047
1323	825.7932503223419
1324	904.270831823349
1325	721.3974149227142
1326	753.3426694869995
1327	658.0097899436951
1328	640.1482527256012
1329	740.4783825874329
1330	738.5590708255768
1331	749.3125195503235
1332	712.0575680732727
1333	673.1816790103912
1334	505.3808126449585
1335	855.5405490398407
1336	809.0844221115112
1337	809.0844221115112
1338	940.3944466114044
1339	767.540531873703
1340	1028.2672584056854
1341	617.5672671794891
1342	768.4939954280853
1343	826.4124038219452
1344	717.6222321987152
1345	825.0813455581665
1346	804.518901348114
1347	768.2184221744537
1348	784.1233327388763
1349	717.5842418670654
1350	1037.3325991630554
1351	682.5531327724457
1352	609.3290131092072
1353	696.4505529403687
1354	521.3105001449585
1355	566.4372518062592
1356	1322.3203990459442
1357	596.601779460907
1358	738.7721924781799
1359	506.90137815475464
1360	752.3215978145599
1361	652.5756087303162
1362	732.6785619258881
1363	887.5750217437744
1364	681.3872358798981
1365	855.2440099716187
1366	770.4975554943085
1367	835.2001233100891
1368	755.2795324325562
1369	887.4846680164337
1370	848.8078558444977
1371	951.4092471599579
1372	813.8415515422821
1373	857.9294128417969
1374	831.3649115562439
1375	885.803318977356
1376	946.9989178180695
1377	953.0643820762634
1378	1073.2963154315948
1379	1003.4584956169128
1380	998.5569698810577
1381	966.0387556552887
1382	963.9642200469971
1383	817.0682075023651
1384	1033.710379600525
1385	1076.0732958316803
1386	952.6780021190643
1387	1020.387567281723
1388	1070.5525414943695
1389	531.5404448509216
1390	1079.0544664859772
1391	990.8942658901215
1392	468.10854721069336
1393	836.9066927433014
1394	854.9253308773041
1395	788.7798221111298
1396	799.6599714756012
1397	661.502533197403
1398	756.2905616760254
1399	639.2705895900726
1400	442.5183017253876
1401	546.6132702827454
1402	777.3086848258972
1403	457.33247780799866
1404	820.5712723731995
1405	750.4355227947235
1406	570.0826888084412
1407	700.0303072929382
1408	875.1684956550598
1409	745.78941655159
1410	786.145425081253
1411	921.4985806941986
1412	864.0758821964264
1413	700.9790191650391
1414	675.8026342391968
1415	776.3148107528687
1416	859.0811734199524
1417	670.3900101184845
1418	905.0789842605591
1419	786.7332091331482
1420	764.309741973877
1421	841.9802267551422
1422	781.5734095573425
1423	971.4001739025116
1424	915.6900014877319
1425	888.4930510520935
1426	963.6821274757385
1427	1128.0243101119995
1428	977.4921019077301
1429	1005.9204359054565
1430	1043.36554646492
1431	895.3004574775696
1432	880.3395392894745
1433	685.4915866851807
1434	543.8085947036743
1435	534.7318158149719
1436	607.0188755989075
1437	605.8879859447479
1438	602.0934205055237
1439	401.50969648361206
1440	593.4840033054352
1441	724.2556812763214
1442	720.2505657672882
1443	681.348555803299
1444	705.3723981380463
1445	772.6833600997925
1446	632.5696694850922
1447	678.7046868801117
1448	541.1654706001282
1449	753.6915941238403
1450	642.1253290176392
1451	623.0469779968262
1452	653.8880331516266
1453	562.6533069610596
1454	548.2670242786407
1455	506.348507642746
1456	497.66974663734436
1457	854.4733831882477
1458	479.559045791626
1459	639.050039768219
1460	830.5144281387329
1461	457.76017117500305
1462	742.926750421524
1463	861.3040070533752
1464	810.3679132461548
1465	811.9700267314911
1466	874.9060361385345
1467	667.1531865596771
1468	970.122542142868
1469	489.85348176956177
1470	816.0858590602875
1471	893.7472238540649
1472	890.8433799743652
1473	907.8092308044434
1474	816.3848226070404
1475	755.7864291667938
1476	810.2951228618622
1477	761.0567469596863
1478	462.6657156944275
1479	860.1376667022705
1480	453.2378406524658
1481	963.9051594734192
1482	496.6968286037445
1483	454.48383831977844
1484	410.84153175354004
1485	362.69960260391235
1486	397.36696100234985
1487	490.4898159503937
1488	531.1951451301575
1489	394.5369915962219
1490	402.2026309967041
1491	511.0402524471283
1492	328.6695206165314
1493	251.89549660682678
1494	474.6589789390564
1495	406.26932430267334
1496	365.59053468704224
1497	427.9476113319397
1498	469.54953598976135
1499	787.2216718196869
1500	1005.6275773048401
1501	516.9874467849731
1502	444.6698215007782
1503	444.6698215007782
1504	398.695871591568
1505	519.0253460407257
1506	415.36213755607605
1507	705.0180425643921
1508	460.0984101295471
1509	851.1556775569916
1510	514.4519817829132
1511	723.349029302597
1512	520.4125645160675
1513	785.8352146148682
1514	799.4971809387207
1515	702.5563490390778
1516	709.169424533844
1517	664.7814371585846
1518	878.7174732685089
1519	739.6193580627441
1520	444.1341860294342
1521	470.4266526699066
1522	337.10635638237
1523	379.99265694618225
1524	390.3358736038208
1525	323.1794366836548
1526	478.6406581401825
1527	365.6406400203705
1528	322.43252825737
1529	379.2245919704437
1530	335.35939049720764
1531	430.28596663475037
1532	363.89536213874817
1533	515.2024848461151
1534	573.0142803192139
1535	362.3604505062103
1536	474.57958722114563
1537	444.1157913208008
1538	390.8478510379791
1539	457.77597546577454
1540	517.2201678752899
1541	545.7137138843536
1542	378.07680106163025
1543	443.1367118358612
1544	514.3617417812347
1545	540.2201945781708
1546	531.6384201049805
1547	554.4283697605133
1548	489.03050208091736
1549	460.18673729896545
1550	746.4714713096619
1551	458.36727833747864
1552	439.2304971218109
1553	752.9023151397705
1554	659.8326058387756
1555	925.4121866226196
1556	911.3664486408234
1557	623.5171129703522
1558	684.1506361961365
1559	683.9603533744812
1560	581.4997911453247
1561	691.102144241333
1562	606.8750722408295
1563	647.2147376537323
1564	820.7811284065247
1565	961.2915222644806
1566	813.1668236255646
1567	951.2585673332214
1568	1011.3917014598846
1569	818.272531747818
1570	726.8996634483337
1571	751.0252504348755
1572	963.6516587734222
1573	785.8009395599365
1574	875.6594195365906
1575	649.08789229393
1576	831.1096942424774
1577	755.3641073703766
1578	749.692352771759
1579	907.8804593086243
1580	785.0292327404022
1581	923.240044593811
1582	753.1686437129974
1583	843.4328470230103
1584	622.5469131469727
1585	740.0450527667999
1586	740.834148645401
1587	973.6859276294708
1588	748.4227592945099
1589	680.5915284156799
1590	601.4022407531738
1591	428.2392361164093
1592	770.4836986064911
1593	753.8199098110199
1594	807.5981152057648
1595	715.5620322227478
1596	704.4757170677185
1597	594.1441185474396
1598	740.7359540462494
1599	621.2845873832703
1600	831.5757436752319
1601	825.2354757785797
1602	790.5839006900787
1603	640.5363171100616
1604	514.7753143310547
1605	857.9938282966614
1606	676.4064435958862
1607	692.8400430679321
1608	859.4990816116333
1609	788.7267069816589
1610	867.8195400238037
1611	744.0920648574829
1612	869.3456728458405
1613	1006.7947940826416
1614	974.2271416187286
1615	672.5999321937561
1616	767.8212888240814
1617	805.740485906601
1618	714.8814857006073
1619	1065.7611005306244
1620	654.7427160739899
1621	1083.6359541416168
1622	1127.84756398201
1623	1285.2554261684418
1624	1072.954401254654
1625	975.4461143016815
1626	1047.0683915615082
1627	733.2439112663269
1628	945.2366151809692
1629	565.1254987716675
1630	910.6712956428528
1631	974.5677351951599
1632	1086.5845952033997
1633	940.568295955658
1634	1067.3908023834229
1635	558.269966840744
1636	738.182914018631
1637	807.429847240448
1638	892.6842994689941
1639	756.5670952796936
1640	495.3611648082733
1641	524.2078511714935
1642	692.4345660209656
1643	832.0521352291107
1644	750.1714158058167
1645	474.13944387435913
1646	647.0698146820068
1647	661.4851882457733
1648	739.2246932983398
1649	768.5070431232452
1650	666.7055242061615
1651	626.7086019515991
1652	763.7811462879181
1653	718.6767935752869
1654	579.0831625461578
1655	763.3839883804321
1656	743.8981676101685
1657	840.4559693336487
1658	753.9830904006958
1659	1130.9727222919464
1660	1027.618495941162
1661	1191.3176982402802
1662	563.7135474681854
1663	893.836686372757
1664	955.7882037162781
1665	838.297931432724
1666	1349.011006116867
1667	1034.7080857753754
1668	1405.6907286643982
1669	1329.2248530387878
1670	1088.1109936237335
1671	826.4242672920227
1672	826.4242672920227
1673	1052.5514295101166
1674	1052.5514295101166
1675	900.2433218955994
1676	719.6474537849426
1677	1085.1622035503387
1678	1083.8398299217224
1679	999.5201098918915
1680	1120.1988723278046
1681	722.5719015598297
1682	566.579213142395
1683	998.9063122272491
1684	850.2403922080994
1685	602.2635591030121
1686	1035.0488488674164
1687	909.9451441764832
1688	1109.481876373291
1689	916.4917378425598
