Iteration_step	Porb	eccentricity	Wdisk	logQ	primary_mass	age	feh	secondary_mass	posterior_probability	acceptance_ratio	inital_orbital_period	initial_eccentricity	current_orbital_period	current_eccentricity	current_spin	delta_e	delta_p	bad_solution_flag	gsl_flag	
1	8.203	0.011	4.1	8.442844284428443	1.044975209491866	5.327761315229749	-0.10134764748374189	0.9423586439197649	4.954782449715711e-06	0.0	8.249018927309388	0.011146578340966436	8.203000000479626	0.011000000463500116	8.282341915336783	4.79627004779104e-10	4.6350011675966307e-10	False	False
6	8.20305253914471	0.011456456123131755	3.7357667767956673	8.468035185783329	1.01956688524731	5.81602675369456	-0.16593242443432968	0.9194454171160243	0.002702407765611821	545.4140102088389	8.249497869950538	0.011608282622629026	8.203052539163158	0.01145645612619928	8.561364741506132	1.84474657771716e-11	3.067525400357596e-12	False	False
7	8.203166327012612	0.01888362412776709	3.3460083013693804	9.01461154105894	1.162439168722932	4.353051189812121	-0.045767701272644956	1.0482876423543401	0.006756602771589173	2.500215865853793	8.218546354487737	0.018975534963821213	8.203166327035955	0.018883624128249673	10.076262902870553	2.334310522655869e-11	4.82582723781988e-13	False	False
14	8.203120527899573	0.0271672844751732	3.1459549357965026	8.432779505630787	1.0442583862792323	3.699584340922604	-0.15297226074882847	0.9417122127466118	1.0024849251513097	148.37115027194685	8.228223309892913	0.02737932321896325	8.203120527883428	0.02716728448430506	9.16607594753847	-1.6145307313308876e-11	9.131861933298069e-12	False	False
30	8.202887568227785	0.012439552606974309	2.9291731968459804	8.632211876345067	1.1035716157887854	2.9344604998535324	-0.1703780588685935	0.9952008831183267	4.826209878073447	4.814246835028472	8.214609522775188	0.012495154466640368	8.202887568174836	0.012439552599745616	9.54234333561005	-5.2949644668842666e-11	-7.228693338356962e-12	False	False
45	8.202872467945562	0.02154198374584239	2.435530768977089	8.667242524356782	1.194283421799129	2.770497536690076	0.2093627691737938	1.0770047897784545	3.3267677918891	0.6893127062300691	8.214759378114628	0.021638936222127213	8.202872467943823	0.02154198374590213	9.154898441269767	-1.7390533457728452e-12	5.974040706568928e-14	False	False
56	8.202998984780246	0.018534157530543417	2.451406199362583	8.62537812379716	1.1827631398388718	2.153006570129369	0.3694235013760099	1.0666157995066947	3.291880099484212	0.9895130365004895	8.208794900811633	0.018585517735177606	8.20299898478827	0.018534157503320624	9.730161748955288	8.023803843570931e-12	-2.722279346389911e-11	False	False
98	8.20282599313341	0.01062352537825934	2.8459761490808906	8.518821236048876	1.1097475025848211	2.873999777645692	0.16729388782541166	1.0007702978309918	1.1513186327442597	0.34974500830836885	8.216673536091427	0.010674719342675412	8.202825992970636	0.010623525175831282	9.750336595836172	-1.6277468262160255e-10	-2.0242805869041813e-10	False	False
130	8.203075654180541	0.026765299403845477	2.4797240850161355	8.694093196341322	1.1593905161840818	2.484176674728955	-0.0761906009412497	1.045538367494805	1.3172758222150878	1.144145317161467	8.209810079006003	0.026858663638810634	8.20307565419206	0.026765299390852773	9.134810573819971	1.1519674103510624e-11	-1.2992704134795474e-11	False	False
132	8.203115504695065	0.022672668131537677	2.631158038673232	8.276060384209622	1.0172747386839727	2.0979796171135368	-0.24863816908539407	0.9173783593452066	4.677316053420492	3.55074918596416	8.213705155315033	0.02277009256398798	8.203115504706584	0.022672668133147562	9.326385721791329	1.1519674103510624e-11	1.6098858357516121e-12	False	False
206	8.202985379547135	0.018108243318463547	2.8663432733482166	8.895142446841582	1.0687043723549872	0.9693572577695294	-0.052107169423717556	0.9637576029897275	7.361555900055369	1.5738846415289616	8.202042876518307	0.018112395566268723	8.202985379548618	0.018108243319345803	9.519603151698007	1.4832579608992091e-12	8.822560737531404e-13	False	False
212	8.202854217669017	0.01940845713788166	3.9707573953173396	9.24306859761651	1.0801732668694484	1.063226114913467	-0.07036181410190565	0.9741002520628685	2.753739378060981	0.3740702937595392	8.202338426611322	0.01941064111022847	8.202854217753938	0.019408457138591625	9.63092244879854	8.492051506436837e-11	7.099633381191239e-13	False	False
261	8.202963541453776	0.007627208813711749	4.121689328502908	9.007152909065063	1.0801732668694484	1.063226114913467	-0.07036181410190565	0.9741002520628685	9.242573271523804	3.356371828488676	8.202089022153883	0.007627474894856724	8.202963014530672	0.007626022143095	9.497107245192232	-5.269231042603906e-07	-1.1866706167490068e-06	False	False
281	8.203159865928063	0.02444492015591241	3.2238014883350687	8.452847237427115	1.0976765255513727	1.8167801273657938	-0.05980737135824635	0.989884690742228	2.471655914637991	0.26742075415870564	8.20789546339624	0.024513373958922217	8.203159865408614	0.024444920143289518	9.23260811083291	-5.194493724047788e-10	-1.2622892314739786e-11	False	False
320	8.203467913568467	0.01739133442517396	3.720286349920055	8.189998859236788	1.0161336619080434	1.2721334660574917	-0.1418314752588165	0.9163493363086737	0.14873438298416705	0.06017600674240747	8.20507773587515	0.017427238728612737	8.203467913559127	0.017391334427656918	9.030885537297618	-9.340084261566517e-12	2.4829582834229313e-12	False	False
352	8.203331862517565	0.022356484032178527	3.16906574089636	8.18036278130806	0.9657727709527105	2.0905062982601414	-0.24689383554674724	0.8709338848451544	0.14030583797704288	0.9433315630319224	8.214842022749401	0.022452880799844494	8.203331862505257	0.02235648403001423	9.797609635099038	-1.2308376540204335e-11	-2.1642965197798958e-12	False	False
370	8.203200978665569	0.014355509708109476	3.3080325438972245	8.255883534554792	1.0481101904123762	2.20917850535123	-0.11362422694732721	0.9451857697138809	0.05342727812575103	0.3807915543364126	8.21650142223162	0.01443075038584864	8.203200978072429	0.014355510023449546	8.741350016390626	-5.931397595304588e-10	3.153400700284248e-10	False	False
404	8.203116517728311	0.015700169290795363	2.8313768309242073	8.645193523625112	1.1366922492377864	3.415320903611878	0.05772419761180532	1.025069070362636	5.856565603641034	109.61751766310307	8.220746018936289	0.015791533657246965	8.20311651776816	0.015700169290254022	9.335089989736156	3.984901297826582e-11	-5.413412773602744e-13	False	False
430	8.203073525711131	0.018001581035884364	4.090005739861747	8.719146529678286	1.1898270982769317	3.1147858685192347	0.21598290330542935	1.072986077226137	7.240349130804791	1.2362790107402635	8.216091585318173	0.018085117041502025	8.20307352572449	0.01800158103562709	9.461543784513516	1.3358203432289883e-11	-2.572733692751683e-13	False	False
437	8.20307858787955	0.024139879181245057	3.8379118128838723	8.491833363236445	1.103117658294312	2.85828335773899	0.1710219649985274	0.9947915042498107	1.0544182572357061	0.14563085815151897	8.21704225943506	0.024257367097571602	8.203078587855387	0.024139879176536046	9.699188108048675	-2.4162005729522207e-11	-4.7090109589476015e-12	False	False
447	8.203040917443802	0.02203051904088598	3.7320374643497587	8.160645578521626	1.0015415513695887	2.362823004633757	-0.04527713789773523	0.9031901710250951	2.3906847407318668	2.2673021112128273	8.219632205878591	0.022159686158473156	8.20304091744647	0.022030519041044368	9.113487816980111	2.668087972779176e-12	1.583871922505864e-13	False	False
525	8.203099132677545	0.028614198806896127	3.231724757358237	8.400593219400161	1.069710996952432	1.8704977155757923	0.05356862359180971	0.9646653770517033	0.46753381800384547	0.19556481456468328	8.209490671828213	0.028698605485209555	8.203099132668308	0.028614198672176794	9.712054639494209	-9.237055564881302e-12	-1.3471933291153704e-10	False	False
528	8.202890206799259	0.030244967668188776	3.369423188783204	8.446367853470097	1.0856439348244944	1.9980753746744142	-0.18919585039650041	0.9790337004247291	0.4727560322969705	1.0111697038631804	8.208230171793778	0.030341983176072528	8.20289020682009	0.030244967682444935	9.058522808163518	2.0831336655646737e-11	1.4256158753500614e-11	False	False
559	8.20287375915647	0.017346895549052714	3.511573077354618	8.813364224658269	1.176483451230704	1.8330334255637042	0.023333297131191047	1.060952776319849	1.653182991308854	3.496905123085508	8.203698966258	0.01737186539967666	8.202873758799702	0.017346895657749165	9.710669023986458	-3.567670603388251e-10	1.0869645114541804e-10	False	False
587	8.203060660781011	0.01155360462389854	3.5346240704830816	8.755428321797737	1.1725697072592416	1.5388146375503076	0.0966388091866074	1.0574233620063842	6.070581484631992	3.672056582088233	8.203022768634515	0.011566807836261829	8.20306066176256	0.011553605195178835	9.597996024507605	9.815490642495206e-10	5.712802939039641e-10	False	False
593	8.203370328324207	0.015869584511783885	2.8990725091473184	8.699502677949303	1.1984721809530179	1.2828089364878483	0.26627101044991314	1.0807822127834317	1.6428631457631855	0.27062698193281537	8.20215175504557	0.015884238040493905	8.203370328307988	0.015869584512000132	9.146890223895955	-1.6218137943724287e-11	2.1624715906831682e-13	False	False
607	8.203156714311248	0.01002931161200875	4.107937856120643	8.840109472178293	1.1987674195696953	2.4558078342886853	0.07362621249270314	1.0810484589679512	0.8017576964014765	0.48802464068242474	8.208013579990059	0.010054986568385943	8.203156714306896	0.010029311613479709	9.789002622504926	-4.352074256530614e-12	1.4709587714545336e-12	False	False
617	8.203213610909796	0.0032546120276149178	4.155678075808813	8.596401794344034	1.1675527429745707	2.254361757635093	0.0886561843170001	1.052899063614468	1.479038533414994	1.844745039621512	8.210318629377618	0.0032658895460325036	8.203213636839585	0.003254612027722921	9.061603472755616	2.5929789870815512e-08	1.0800301625257802e-13	False	False
661	8.20285281683058	0.00908607562241839	4.059110478017096	8.104275888273943	0.9688561449640469	1.8243241287681435	-0.16800810595642587	0.8737144715285776	7.995815476409757	5.406090034684892	8.21273456873011	0.00912325779949646	8.202852816833493	0.009086075624255306	9.362341152244166	2.9132252166164108e-12	1.836916035946601e-12	False	False
670	8.202750308768247	0.009264035444460314	3.7984279652749873	8.63775875360292	1.0801732668694484	1.063226114913467	-0.07036181410190565	0.9741002520628685	3.905568501361047	0.48845155480185076	8.2010008155628	0.009265285310676599	8.202749608720982	0.009260874135036462	9.19649878137279	-7.000472646012668e-07	-3.1613094238526485e-06	False	False
677	8.20292774444074	0.015329358354106051	3.918380256675557	9.037813422896482	1.0868693079612135	1.0491326397223144	-0.041740014503029985	0.9801387419194224	9.20981977904713	2.358125270581635	8.202086831301393	0.015332088032223098	8.202927744421777	0.015329358353782506	9.471984914812001	-1.8962609260597674e-11	-3.2354501022791027e-13	False	False
Iteration_step	Porb	eccentricity	Wdisk	logQ	primary_mass	age	feh	secondary_mass	posterior_probability	acceptance_ratio	inital_orbital_period	initial_eccentricity	current_orbital_period	current_eccentricity	current_spin	delta_e	delta_p	bad_solution_flag	gsl_flag	
1	8.203	0.011	4.1	8.442844284428443	1.044975209491866	5.327761315229749	-0.10134764748374189	0.9423586439197649	4.954782449715711e-06	0.0	8.249018927309388	0.011146578340966436	8.203000000479626	0.011000000463500116	8.282341915336783	4.79627004779104e-10	4.6350011675966307e-10	False	False
9	8.203179531646448	0.010174548251647195	3.3469999224518867	8.381520635109458	1.0350619051662386	4.830727280038326	-0.15290333080112833	0.933418826078914	3.726132108756333e-06	0.7520273890067819	8.246698006483077	0.010304580850509146	8.203179531957026	0.010174548287809523	8.286803061087488	3.105782298007398e-10	3.6162328340139105e-11	False	False
14	8.203325275034041	0.0009531632329834779	3.460944439939371	8.789908227940561	1.1164610615362955	5.4951381936220445	0.043077997833076115	1.0068245852934314	0.8690660951514162	233235.4489281604	8.233134197243574	0.0009614139631240989	8.203325379602438	0.0009531632314406599	9.270572384240808	1.0456839660832884e-07	-1.542818065143614e-12	False	False
27	8.203447505085409	0.004290304286991101	3.294739815083696	8.724232566780397	1.070414943815862	3.9778590992582488	-0.339768417919766	0.9653001963331445	0.29579431351273244	0.34035882329662925	8.2202117314471	0.004306845067227445	8.203446940503834	0.004282659947076109	9.570234160801068	-5.645815743804405e-07	-7.644339914992214e-06	False	False
64	8.203304714000966	0.005027178714553572	3.819144589650212	8.98742935795036	1.1687313029693074	4.096570424007743	-0.11857009256869397	1.0539618890177214	1.533641925375494	5.184825587627392	8.212426716543733	0.00505259981739355	8.198496737652983	0.005027701774452416	9.303086682370466	-0.004807976347983356	5.230598988442345e-07	False	False
108	8.203139766158543	0.009808699053079002	3.984257773998042	8.880578210362694	1.1883014972307424	3.624579625495651	0.0032831159522029307	1.0716102902026836	5.208497048995863	3.396162404546044	8.217024799740509	0.009857300363254986	8.203139765878035	0.009808698651931623	9.289706495557596	-2.8050806122337235e-10	-4.0114737920315946e-10	False	False
131	8.203249311843328	0.007335834199011194	4.020807245453649	8.620637535273524	1.0760517892022239	4.040605681827971	-0.1953713383781072	0.9703835035025655	2.2428195317075974	0.4306078146170759	8.225481221094757	0.007387359038143003	8.203249311310602	0.0073358342025307555	9.222182324920846	-5.327258634224563e-10	3.519561378451108e-12	False	False
155	8.203085389437815	0.01614388526344271	4.119779254108225	8.416964049874853	1.0460370770643335	2.7799894805069307	-0.14430374579703958	0.943316236096616	3.6199262885179304	1.6140069396318555	8.21764414774415	0.016226371895945498	8.203085389454273	0.016143885263765995	9.593215027267028	1.645794611704332e-11	3.232865364299897e-13	False	False
159	8.202879843319824	0.026551908122379085	3.701999660423868	8.281162079696992	1.0227371479112712	1.6232176754934942	-0.34701207773784426	0.9223043599863845	1.2957482305363388	0.3579487888044383	8.205452732897063	0.0266196813374001	8.202879843817454	0.026551908130559725	9.068601648792054	4.976303813464256e-10	8.180640193033994e-12	False	False
164	8.202895726528695	0.02457253195718851	2.882624386985207	8.210799652931675	1.0025555801158395	2.3357643040887	-0.11631828394992938	0.9041046221484641	3.2294961326011333	2.492379350010282	8.217979750055225	0.024704289439594816	8.202895726544076	0.024572531965747248	9.329885315613385	1.538147387236677e-11	8.558737052410947e-12	False	False
178	8.202996752011195	0.012122965923247216	3.1169265025147928	8.525455989355379	1.0878614110831086	2.726777214808601	-0.05125834782884792	0.9810334205147474	2.574873980848159	0.7972989826045334	8.215528517586145	0.012177877551049284	8.202996752185738	0.012122965924732759	9.677186482863284	1.745430466826292e-10	1.4855425917170706e-12	False	False
214	8.20322065795527	0.013779415630684317	3.2289399575710815	8.859334591844688	1.1056815466567884	4.484572578337998	-0.25970403311114515	0.9971036187750918	2.0402398844344383	0.7923649466380436	8.22270420010365	0.013865971030932612	8.20322065794478	0.01377941563103874	9.149056043167082	-1.049116349349788e-11	3.5442308810029743e-13	False	False
230	8.202991990457644	0.019253414057197327	2.8095858248502674	8.563654293498942	0.9934807850986636	5.219033882740847	-0.3914027216531121	0.8959209720019748	3.9874339287343017	1.95439465680264	8.233417130129954	0.01942325571910732	8.202991990468416	0.01925341405429937	9.543510036803953	1.0771827874123119e-11	-2.897956180580863e-12	False	False
255	8.202909255817866	0.010853995828940099	2.3837551294820933	8.427218422893949	1.0369727143167602	4.098436464462278	-0.1679348565799215	0.9351419937708544	1.3652655993210192	0.34239203049425426	8.232656488113316	0.010952080409275219	8.202909330998377	0.010854078511862632	9.011317429931832	7.518051070576348e-08	8.268292253296727e-08	False	False
287	8.20273390701562	0.014776166597741024	2.4207013330350255	8.438973148710232	1.0405644285768836	4.308110466657916	-0.050613286716678405	0.9383810016906337	2.1834430660298656	1.5992808044938263	8.232639216767105	0.014908482793914383	8.20273390732917	0.014776166581535456	9.299965163690462	3.135500747930564e-10	-1.620556813741736e-11	False	False
339	8.202836912215066	0.0027159186239122373	3.217237780396692	8.469434507231535	1.0196693369279062	5.50125098233737	-0.13826751744167667	0.9195378080415858	0.41109691253898384	0.1882791994601799	8.243631907352098	0.002779854289677408	8.202918855644505	0.0027476887505325388	8.955675164858121	8.194342943923516e-05	3.177012662030146e-05	False	False
382	8.202850118509287	0.00858244611168634	4.17508454310811	8.137666162625921	0.919655005023694	6.403763023009854	-0.21744740241749305	0.8293448835303673	0.5546038802493543	1.3490830588438483	8.268398280290473	0.008740737874965052	8.202850118509225	0.00858244611172802	8.93630590142989	-6.217248937900877e-14	4.1680200957294744e-14	False	False
407	8.202833433683677	0.013455651787803731	3.83871417602184	8.885795186918097	1.1467411109712784	6.078775619374091	0.12986302854795734	1.034131133873899	2.2514627063886956	4.059587007174239	8.235085637485136	0.013579795075558886	8.202833433701258	0.013455651785504733	9.09555218391454	1.758060363954428e-11	-2.298997797689495e-12	False	False
426	8.202884229169944	0.007668932020068665	4.215578420976452	8.855878176484618	1.0419923265351136	7.133904970435088	-0.10738092840158123	0.9396686800693655	2.544039068558888	1.1299494596734758	8.202884229169944	0.007668932020068665	8.169560213110067	0.007598096255598125	9.61917333771302	-0.03332401605987734	-7.083576447054069e-05	False	False
437	8.202523302433947	0.015041099824646392	4.067107956656363	8.769074200645889	1.0222415952538748	8.223833286180113	-0.024825844786818985	0.9218574705999444	0.23915406134984757	0.09400565592938014	8.24393774252282	0.015212803953152287	8.202523032022818	0.015041099886844694	9.58826829771355	-2.704111299323131e-07	6.21983020643313e-11	False	False
440	8.202612054564517	0.01206056312458584	3.6468273848750963	8.972677202093369	1.121593425658034	7.273226970399202	0.030809840276728145	1.0114529512584152	0.4203136474963775	1.7575016084778918	8.248302798095494	0.012213060903991668	8.202612054597132	0.01206056312492678	9.073162770244354	3.2615687928228e-11	3.409408172450057e-13	False	False
460	8.202937686801405	0.018985279600643792	3.5047201089445617	9.04329756153146	1.1009334185526582	6.586795966537724	-0.1629333121240757	0.9928217568507872	0.33323325191728326	0.7928204423106562	8.240736237143313	0.019184914517699513	8.20293768680471	0.018985279600795685	9.827607760881326	3.304023721284466e-12	1.5189238755652923e-13	False	False
466	8.2030428539797	0.01781436645218135	4.3674195086643355	8.874676319877628	1.0635800951926495	6.622078296977071	-0.12655313567721732	0.9591365298447314	3.2943902929730973	9.886139135331089	8.235857768376022	0.017978171756914994	8.203042853993974	0.01781436645173965	9.170777972944832	1.4274803561420413e-11	-4.416987609001666e-13	False	False
Iteration_step	Porb	eccentricity	Wdisk	logQ	primary_mass	age	feh	secondary_mass	posterior_probability	acceptance_ratio	inital_orbital_period	initial_eccentricity	current_orbital_period	current_eccentricity	current_spin	delta_e	delta_p	bad_solution_flag	gsl_flag	
1	8.203	0.011	4.1	8.442844284428443	1.044975209491866	5.327761315229749	-0.10134764748374189	0.9423586439197649	4.954782449715711e-06	0.0	8.249018927309388	0.011146578340966436	8.203000000479626	0.011000000463500116	8.282341915336783	4.79627004779104e-10	4.6350011675966307e-10	False	False
4	8.202787185779469	0.010153204422606091	4.179521107878248	8.121746243841526	0.9380630115302486	5.6870251198060755	0.00799851975678989	0.8459452237979782	3.206092662797359	647070.3195013767	8.258762286569533	0.010315538252444611	8.202787185679028	0.010153204455374007	9.282029963299905	-1.0044054477020836e-10	3.276791511741539e-11	False	False
21	8.20266542542618	0.011430376938215562	4.283619015257325	8.328637577289387	0.9920390627161486	5.479197506768064	-0.03623107821674665	0.8946208267574228	1.225922864534445	0.38237287361021277	8.246437638628274	0.011574336255573806	8.202665425477733	0.011430376939529922	9.26387122937071	5.155342819307407e-11	1.3143600791076793e-12	False	False
34	8.202917909324073	0.010814038024319668	3.8791899038493485	8.626348413611254	1.01087532880459	5.974123587370932	-0.1828523859006888	0.9116073715159793	0.39275868266043146	0.3203779732174136	8.23548100886076	0.01091421959153976	8.202917909330726	0.01081403802452713	9.832762522335452	6.652456363553938e-12	2.0746251938597027e-13	False	False
36	8.20309488308609	0.01713106587359242	4.066237501128208	8.491383354228825	0.9909813377477055	6.287190011775946	-0.08341455980572494	0.8936669703808808	0.2910476751585417	0.7410343501181708	8.242360457140794	0.017321127811670035	8.203094883086802	0.01713106587353576	9.841341492304217	7.123190925995004e-13	-5.666300761930643e-14	False	False
40	8.20327273731144	0.017145593629022588	4.178094806689484	8.011596048029825	0.884474886325439	5.846907611619431	-0.32867505882750037	0.7976194524882809	0.5292649946599078	1.8184821245234226	8.269443758095568	0.017465741706412373	8.20327273701478	0.017145593577977753	9.009981327030683	-2.9666047396403883e-10	-5.1044835025493285e-11	False	False
Iteration_step	Porb	eccentricity	Wdisk	logQ	primary_mass	age	feh	secondary_mass	posterior_probability	acceptance_ratio	inital_orbital_period	initial_eccentricity	current_orbital_period	current_eccentricity	current_spin	delta_e	delta_p	bad_solution_flag	gsl_flag	
1	8.203	0.011	4.1	8.442844284428443	1.044975209491866	5.327761315229749	-0.10134764748374189	0.9423586439197649	4.954782449715711e-06	0.0	8.249018927309388	0.011146578340966436	8.203000000479626	0.011000000463500116	8.282341915336783	4.79627004779104e-10	4.6350011675966307e-10	False	False
7	8.203123947201474	0.003884669498568934	3.9026305604445857	8.91433281565637	1.0680625146237315	6.6168866118111165	-0.0346518877007303	0.9631787756876811	4.22478747578705e-05	8.526686123281667	8.229722174404529	0.003913779988052037	8.203123947193733	0.0038846694988297274	10.340662486160927	-7.741363106106292e-12	2.6079355688879424e-13	False	False
22	8.203042972865864	0.02021948215368524	4.412374855371252	8.899414706733896	1.1150058999973504	6.561327822652911	0.0073867826522454605	1.0055123206176106	0.01559075554632464	369.0305284154012	8.240704548782166	0.02043325989210959	8.203042972868747	0.020219482152936858	8.674933249909934	2.8830271503466065e-12	-7.483805242181063e-13	False	False
79	8.203205340156286	0.012300249096067337	3.974866447432648	8.789564452393599	1.0681050915118893	6.898849988645143	-0.035271675058464944	0.9632171715254217	0.34382306935460877	22.053008805956267	8.242497424702119	0.012435458061422306	8.203205340257282	0.012300249102628216	8.907833586331025	1.0099654446094064e-10	6.560878576533646e-12	False	False
88	8.20316029695251	0.019170411259384054	4.327601008154181	8.938745734875617	1.1273951995687477	6.557947474456905	0.05268840295655747	1.0166849909710967	0.8393822067974814	2.441320206852577	8.237888058339067	0.019357654503725147	8.203160296949063	0.019170411258824446	9.007251475545083	-3.446132268436486e-12	-5.596079155623102e-13	False	False
106	8.202805484123818	0.010106788635616055	3.6321689804414983	8.917830168764711	1.081950632312475	6.432530338537816	-0.18643888961547178	0.97570308021939	3.2813170083949244	3.909204867368139	8.24000928586974	0.010212527607679607	8.202805484119105	0.010106788635024889	9.235875047432229	-4.7126746949288645e-12	-5.911660050372802e-13	False	False
140	8.203068734041343	0.005099404011789232	3.6114749680301963	8.584691476444645	0.9388677123747371	7.2138755764708495	-0.4906195476764456	0.846670903019538	9.172543531975846	2.795384752070221	8.203068734041343	0.005099404011789232	8.161726665988095	0.005041220955478525	9.324987403547302	-0.04134206805324858	-5.818305631070681e-05	False	False
222	8.203123097754974	0.009340020214084076	3.967682958330834	8.272396592582716	0.888635981115892	8.019458017018469	-0.40285136003760813	0.8013719277703115	8.317240344660126	0.9067539789444335	8.267440830925855	0.009504597985346903	8.203089580635984	0.009338737944226636	9.320412854596198	-3.3517118989578876e-05	-1.2822698574402325e-06	False	False
227	8.20303082594156	0.000645122400472653	4.212955416684978	8.639527406518857	0.9588813199576958	8.619007440068343	-0.20926855580462977	0.8647191743378501	2.810631044256746	0.3379283185030526	8.249826989798787	0.0006534156348179748	8.203031764516915	0.0006451223924538749	9.600430599241102	9.385753543256214e-07	-8.018778132820592e-12	False	False
245	8.202930223244628	0.0061792221246967215	4.445458422715491	8.32841563002407	0.9112427998977312	9.162828430475072	-0.16804912183450518	0.821758756947774	9.135655549098411	3.250393027489767	8.224712398476436	0.006306187377403748	8.152285265965283	0.006182389504809697	9.296000261834456	-0.050644957279345704	3.1673801129750503e-06	False	False
276	8.203128233458328	0.0026523759624596036	3.3175716824740356	8.479575835794314	0.9094680341743581	9.672084638110881	-0.3091378703065902	0.8201582732184362	4.061383559020206	0.4445639984118075	8.26709214208016	0.0026987653461601935	8.203062902573128	0.002652417626722158	9.119215699661398	-6.533088519944386e-05	4.166426255435354e-08	False	False
Iteration_step	Porb	eccentricity	Wdisk	logQ	primary_mass	age	feh	secondary_mass	posterior_probability	acceptance_ratio	inital_orbital_period	initial_eccentricity	current_orbital_period	current_eccentricity	current_spin	delta_e	delta_p	bad_solution_flag	gsl_flag	
1	8.203	0.011	4.1	8.442844284428443	1.044975209491866	5.327761315229749	-0.10134764748374189	0.9423586439197649	4.954782449715711e-06	0.0	8.249018927309388	0.011146578340966436	8.203000000479626	0.011000000463500116	8.282341915336783	4.79627004779104e-10	4.6350011675966307e-10	False	False
2	8.203194014291288	0.014672794382125178	3.309825833411339	8.546287820852946	0.9801542613042142	6.128366137756885	-0.2677178283429112	0.8839031128441405	0.540638440292979	109114.46582765688	8.239247543673068	0.01482225771263528	8.203194015461792	0.01467279438209482	9.766542165836073	1.170503693970204e-09	-3.0357660829594124e-14	False	False
6	8.203080623260172	0.011827619807007746	3.4404417038438218	8.920394460482848	1.0809773256457738	6.77536654697248	-0.19260471231443937	0.9748253522673588	1.3995864206007316	2.5887660149401834	8.249017586697052	0.01197870876682682	8.20308062327689	0.01182761985248648	9.007726614841308	1.6717294215595757e-11	4.547873362625854e-11	False	False
11	8.203029708156125	0.01285245817939789	3.3074517072030636	8.716653271971879	1.0318155341397948	7.387934677485593	-0.03226956301604346	0.930491248687267	5.834238679708165	4.168544788541167	8.243190292456049	0.012996051870453842	8.203030026533305	0.012852460546144579	9.509228434633096	3.183771806192226e-07	2.3667466892557387e-09	False	False
