Iteration_step	Porb	eccentricity	Wdisk	logQ	primary_mass	age	feh	secondary_mass	posterior_probability	acceptance_ratio	inital_orbital_period	initial_eccentricity	current_orbital_period	current_eccentricity	current_spin	delta_e	delta_p	bad_solution_flag	gsl_flag	
3	3.8440035833434276	0.04577377178109153	3.6784102961195706	8.004402388168629	0.9708322938926326	6.542065254896339	-0.12901354383051927	0.6783205237427824	nan	0.7681192366130305	4.3216960552054555	0.02112928615078022	3.590427222882497	0.010922162155402043	nan	-0.2535763604609307	-0.034851609625689485	True	False
4	3.8440158581898385	0.03834291851615775	2.7043879580028873	8.895412739348123	0.8704076017162025	6.345121298276111	-0.2870529164446519	0.6081537913191106	0.0	0.0	3.934848173442596	0.040297304485535326	3.8440158581931656	0.03834291853084357	7.309048734525547	3.327116360196669e-12	1.468581506403055e-11	False	False
5	3.8439942115987815	0.041424855899399246	2.459288021876304	7.76947760489135	0.9305565288651003	6.674026126934856	-0.20681784537493858	0.6501798467180456	490.01715114319126	0.7418329477430625	4.608348742453313	0.03239586218646523	3.844262564255643	0.01566066524214889	3.8442625642556436	0.0002683526568616479	-0.025764190657250358	False	False
6	3.8440044476684103	0.02967658355852144	3.037862184757165	7.681368304847881	1.0789310602790112	7.2916641468634715	-0.15356364624631585	0.7538491318169451	nan	0.7418329477430625	3.970383105754355	0.044265930937579384	2.5633773319172564	9.956220982534372e-09	nan	-1.280627115751154	-0.029676573602300457	True	False
7	3.8440042779964427	0.05872685787132561	2.4117136049295587	7.230800631000264	0.954567141988537	7.563690217758529	-0.1290686016558466	0.6669560621073908	nan	0.7418329477430625	4.068422767007156	0.07117448866825525	2.1631956140455157	9.999117190888685e-09	nan	-1.680808663950927	-0.058726847872208415	True	False
8	3.843988300843568	0.04088347647360883	3.8398910806270194	8.400628043028986	1.1791946075469246	5.969877943628132	0.03950038668754577	0.8239032722930362	nan	0.7418329477430625	nan	nan	3.843988300843568	0.04088347647360883	nan	nan	nan	False	True
9	3.8440074111191898	0.05751472177422384	2.6428147894958545	8.762803444030693	0.9910548976132193	6.8549627622913585	-0.2788178069956277	0.6924500569623563	78.66452003912244	0.11908957196145738	4.132177083325948	0.06708929832735185	3.8440074111564955	0.05751472176995251	3.91276188775306	3.730571407345451e-11	-4.271333287064749e-12	False	False
10	3.8440163201766926	0.04279904540051426	3.5541998426232215	8.582739127741142	0.9398020947992668	8.074915046796683	-0.29183265706403594	0.6566397236362477	34.6695663967594	0.05248597233194868	4.168013951379822	0.03870667620153559	3.7693285879008536	0.03113675647007838	3.7706545984446915	-0.07468773227583902	-0.011662288930435881	False	False
11	3.844006886398697	0.05747319602425599	2.8554284250502797	7.423606937201107	0.9427066887455635	6.547929845591325	-0.15871560043797	0.6586691634265253	nan	0.05248597233194868	4.46490563353665	0.045300577681877806	3.4753917432501815	0.0048882567967711826	nan	-0.3686151431485154	-0.052584939227484806	True	False
13	3.8439980648406804	0.032644545620703236	4.079710268107744	8.61012644239906	0.9072620610777935	6.084624331583056	-0.47277872080270533	0.6339040020750543	6.122247092396658e-74	2.1023816288405e-76	3.970151061461142	0.032660045008186346	3.7508044151003492	0.028840696238887836	4.7614673230771425	-0.09319364974033117	-0.0038038493818154002	False	False
14	3.844014031410993	0.028300484617518953	4.044420969554292	7.9465452717607485	0.8735447358030034	4.438385045157063	-0.385051608984892	0.6103457069055584	nan	2.1023816288405e-76	4.151896664323464	0.03652554800378657	3.6630673173577453	0.027402525252298676	nan	-0.1809467140532477	-0.0008979593652202779	True	False
15	3.8440174926910937	0.05189531587367281	3.393835940832216	7.711726792337411	0.7913266353564818	5.353164697246312	-0.5525430388659895	0.5528999201235738	nan	2.1023816288405e-76	3.844056153710657	0.028764474934301103	2.609814079938184	0.010600889946719008	nan	-1.2342034127529096	-0.0412944259269538	True	False
16	3.8440175488237536	0.04153246049335957	4.688711827002872	8.500795446874346	0.8994950348396678	6.2415867585819385	-0.42500411687812656	0.6284771808424758	0.0	0.0	4.0808067216140085	0.04153479882007698	3.8257628826959063	0.03609640499381359	4.6585099162036485	-0.01825466612784732	-0.005436055499545976	False	False
17	3.8440103557481087	0.01746327364205171	4.501606431245465	8.06615449531568	0.8543965633561315	6.060316182229735	-0.5711637130877312	0.596966878816929	0.0	0.0	4.309881989179256	0.01766938105666757	3.844082625962612	0.01371499182686369	3.85910379690069	7.227021450351145e-05	-0.0037482818151880187	False	False
18	3.84400796297129	0.048253417132614926	5.0060467307017396	7.26790395109842	0.9868919575029915	5.998002643380939	-0.11400986512523384	0.6895414107073402	0.0	0.0	4.501270249561315	8.75231259376863e-06	3.8440060234848605	5.870656688665492e-07	3.844006023484861	-1.93948642968067e-06	-0.048252830066946056	False	False
19	3.8440272565673927	0.04342678776973685	4.2323279284985444	7.249815398728622	0.8692307883720628	6.042496512945653	-0.31833977415976217	0.6073315518355603	nan	0.0	4.055555853359746	0.0021550002603796595	2.50655623617126	1.5840937719901197e-05	nan	-1.3374710203961326	-0.043410946832016954	True	False
20	3.844019361160104	0.04890651635946319	3.7927752769295275	8.436629963466126	0.839764694532743	6.13537779679467	-0.4873341156605907	0.5867435920700276	2.2141905062183176e-224	7.603537349558575e-227	4.0576729994353045	0.054941242794417505	3.844019361158731	0.048906516362991106	5.438094332508435	-1.3726797476465435e-12	3.5279140719879365e-12	False	False
21	3.844003827850229	0.04357589811642537	3.4211662915510965	7.851013625860217	1.1004074789793807	6.441875994048746	0.12845215431076873	0.7688547055628933	nan	7.603537349558575e-227	4.605794851144395	0.21692820818665098	3.607190767795002	0.04084475733219712	nan	-0.23681306005522718	-0.0027311407842282517	True	False
22	3.8440121279377424	0.0440798516994944	3.2243371526966005	7.3264448488846545	0.9497052952033016	6.394223473974781	-0.23559953637029632	0.6635590897585468	nan	7.603537349558575e-227	3.9597538428246413	0.006142757507329039	2.4832336021300856	2.692938466659466e-06	nan	-1.3607785258076568	-0.044077158761027746	True	False
23	3.844022789526991	0.03239818839072169	3.930057130392464	7.3900781083051745	0.901973831009806	5.87133922704767	-0.403836575346967	0.6302091157265515	nan	7.603537349558575e-227	3.9656638349826165	0.016684967933401674	2.4781822811498517	0.00016013544565055785	nan	-1.3658405083771394	-0.032238052945071136	True	False
24	3.844009375583053	0.030275248754465522	4.845660286870792	8.443423655183048	1.0025903864242813	6.844687895022298	-0.3559723289909977	0.7005099029946453	0.0	0.0	4.325388992130181	0.030937674380922122	3.8440362648167663	0.02136009927140141	3.8440362648167663	2.6889233713411897e-05	-0.008915149483064114	False	False
25	3.8440167137946424	0.03329571602452626	4.649669834215996	8.472338195914961	0.9738192881235515	5.17116109626451	-0.2279048489260966	0.6804075366119254	0.0	0.0	4.115857077527681	0.03873955173075404	3.8375929581834907	0.03317186004713484	4.051262410491115	-0.006423755611151716	-0.0001238559773914169	False	False
26	3.844007500316677	0.03584955931995485	4.465391562028216	9.031595002328853	0.9920064268542133	3.791288347243777	-0.19332566461072065	0.6931148904430388	0.0	0.0	3.90122413196022	0.0370608811378484	3.844007500321562	0.03584955931092366	6.532719344954359	4.884981308350689e-12	-9.031192460540183e-12	False	False
27	3.8440113841967722	0.04598253805794642	4.906445707946547	7.851902981640281	0.95174314460837	6.351682588269879	-0.13955993982008774	0.6649829351378681	nan	0.0	3.88444895311577	0.0033262766813304152	2.489035572368978	0.00039445609892733145	nan	-1.3549758118277944	-0.04558808195901909	True	False
28	3.844009724037613	0.03755385580339175	4.628973974624773	7.657486966698438	0.915340032637304	5.673639296709772	-0.26419447665856666	0.6395480808036843	nan	0.0	nan	nan	3.844009724037613	0.03755385580339175	nan	nan	nan	False	True
29	3.843994897491469	0.034884949846959376	5.153531415593564	8.397750129951818	1.0151813175192084	4.896874751837073	-0.12300120686327265	0.7093071865506708	0.0	0.0	4.1291366061772115	0.04180948088951591	3.7756157923860973	0.0339770759397122	3.7756157923860987	-0.06837910510537171	-0.0009078739072471767	False	False
30	3.8439983633070582	0.030787705423093344	3.609641480067543	8.415388150865224	0.9110347364475914	6.882241044262107	-0.36879622739867424	0.6365399703559321	1.4600714717420491e-05	5.013890149577314e-08	4.20059953596443	0.03148338606114299	3.844025346310774	0.025912136237905618	4.1144132525946455	2.698300371584139e-05	-0.004875569185187726	False	False
33	3.844020418543888	0.05992693038751029	3.607410584414182	8.344241875205716	1.0258728052506076	4.15755136791516	-0.24452661272871923	0.7167773290285996	nan	1.0073108691195074	3.844020418543888	0.05992693038751029	3.421054634216976	0.043748642370886104	nan	-0.4229657843269119	-0.016178288016624187	True	False
34	3.8440249591520566	0.03686459660082575	3.4133379958848877	8.523120361349253	0.9180954380336294	4.773231913564235	-0.2239443338085166	0.6414732825540969	2.743572317613557e-150	1.4303621140523167e-152	4.017374448773786	0.04061197850225242	3.844025923508405	0.03686460480780993	5.1413892705848525	9.64356348553963e-07	8.206984182523858e-09	False	False
35	3.8440177251396146	0.04295125066212955	2.8672433017215178	9.04115360539268	1.0287206779121332	5.152327175707115	-0.17197610157763463	0.7187671376572075	2.3450260447584588e-194	1.2225799150087902e-196	3.9531157186722	0.0456718185554884	3.8440177242375992	0.042951250158646495	5.327572568074294	-9.020153513006335e-10	-5.034830538597213e-10	False	False
Iteration_step	Porb	eccentricity	Wdisk	logQ	primary_mass	age	feh	secondary_mass	posterior_probability	acceptance_ratio	inital_orbital_period	initial_eccentricity	current_orbital_period	current_eccentricity	current_spin	delta_e	delta_p	bad_solution_flag	gsl_flag	
3	3.844003937735096	0.06697905341137698	4.276420402354887	7.500800359124077	1.0365865917317767	6.954604227739699	-0.05346982297239118	0.7242630516429923	nan	0.5172200275544103	4.450844008779572	0.22985191832354007	3.076834169831016	0.0008678542470669929	nan	-0.7671697679040799	-0.06611119916430999	True	False
4	3.843991342787469	0.05915921212258012	4.233601929628742	8.372330237984096	1.0371473629470287	6.705014765001836	-0.03907561581452407	0.7246548624910889	nan	0.5172200275544103	nan	nan	3.843991342787469	0.05915921212258012	nan	nan	nan	False	True
5	3.8439962678993154	0.051403991983690854	3.9857870987992463	7.857870897444191	0.9848426469147057	7.988803328286019	-0.10663367732481682	0.6881095573993049	nan	0.5172200275544103	nan	nan	13.843996267899316	0.15140399198369087	nan	nan	nan	False	True
6	3.8440035153732075	0.05398944673046816	4.153684557407167	9.336340963200497	1.020782766868038	8.218636759420034	-0.045275470984219524	0.7132209192106982	5.325031909314182e-264	1.1972100673543313e-266	3.958043632947571	0.05735836217249185	3.8429290517336128	0.05389097329938704	5.578662518124941	-0.001074463639594736	-9.847343108112389e-05	False	False
7	3.844004244464749	0.0908990585682492	4.485576852146233	8.74984292196308	0.9694737992057911	8.076825649681792	-0.21314305160450722	0.6773713435050862	0.003517883688538816	7.90914653550439e-06	4.189037345185728	0.1081647275360745	3.8440042446686937	0.09089905861456543	3.9523957149095312	2.039448609991723e-10	4.631622863016105e-11	False	False
9	3.8439962453105685	0.08185150753290082	4.590672117068371	7.670936778127344	1.0708053430361142	8.812721397279317	0.15089917209102877	0.748171693179333	nan	1.0423048590959032	4.589982388728515	0.10727609768845159	3.4512338139074688	0.0018915191980092933	nan	-0.39276243140309974	-0.07995998833489153	True	False
10	3.8439876054097524	0.05927606113044736	3.6170656126118907	8.049155335633987	0.9689935431292035	8.237580932271284	-0.20732485206649084	0.6770357885843745	nan	1.0423048590959032	3.9801413311542193	0.06147140203534651	2.3156121646027024	0.0023895564890522784	nan	-1.52837544080705	-0.05688650464139508	True	False
11	3.843988487457385	0.038634385225525265	3.542654312827139	8.72982550607362	1.0625085597577786	6.909848922824498	0.029300750948814236	0.7423747307027598	nan	1.0423048590959032	3.8605130455603955	0.047239231742271556	3.3884679271375076	0.034947147676276685	nan	-0.45552056031987753	-0.00368723754924858	True	False
12	3.844000853866205	0.06288665914952411	3.40356339481361	8.650265000313059	0.9874882787951242	9.394849100023075	-0.13447160433496458	0.6899580603941533	nan	1.0423048590959032	nan	nan	3.844000853866205	0.06288665914952411	nan	nan	nan	False	True
13	3.8439893886121372	0.06946608932105565	3.8477664812501495	7.501969748792794	0.8966792371504942	8.67836790308577	-0.2934420936647809	0.6265097829970503	nan	1.0423048590959032	4.723468207087361	0.07644512711245147	3.234820589598503	0.005860542792069273	nan	-0.6091687990136343	-0.06360554652898638	True	False
14	3.84400942250228	0.06338495909881268	3.997763989135951	8.043870206019745	0.8943948187651386	9.226360712125048	-0.3960976396650906	0.6249136598712023	nan	1.0423048590959032	4.082881999103618	0.039525482322783974	2.3710407689830006	0.0038192577966454067	nan	-1.4729686535192794	-0.059565701302167276	True	False
15	3.843998885689094	0.07076178763706582	3.504159719875762	7.460281729403147	0.9698853221079797	6.762990665153226	-0.22791151042094024	0.6776588745568455	nan	1.0423048590959032	4.031151713253438	0.029439595525319596	2.5693365056589728	3.95004852607657e-05	nan	-1.2746623800301213	-0.07072228715180506	True	False
16	3.843993906487377	0.06648554775520549	5.193167528273509	8.27833902306711	0.9841760916507627	6.969750695868305	-0.38638906965348846	0.6876438352363878	0.0	0.0	4.455375547157281	0.10879792027054473	3.8439939064251765	0.06648554774645449	3.843993906425177	-6.220046699922932e-11	-8.750999924700409e-12	False	False
17	3.84398762708018	0.050342823272139334	4.388407433773025	9.076231328304273	1.1320819171234937	6.777709265999571	0.22944207627139868	0.790985635494185	1.3424686219389325e-15	2.8957264081061726e-18	4.040309171820162	0.05604139951158966	3.843987627445511	0.05034282326561465	4.277386048026416	3.653308766615737e-10	-6.52468357120739e-12	False	False
18	3.8439949247264913	0.06560534068683417	4.2097307624372595	9.656550173527496	1.063774366661472	7.654141866253968	-0.07393303927711498	0.7432591499863705	nan	2.8957264081061726e-18	nan	nan	3.8439949247264913	0.06560534068683417	nan	nan	nan	False	True
19	3.843989108975062	0.06160141573645197	4.565715823887901	7.799292441219788	0.9479499549137299	7.127281919411792	-0.1857217521614214	0.662332633498223	nan	2.8957264081061726e-18	3.939458089280691	0.022828531657673914	2.1405572382591065	0.0003860775962220238	nan	-1.7034318707159555	-0.06121533814022995	True	False
20	3.8439891054227844	0.07122970414182973	3.9803852222944083	8.303086278231309	1.0929949115616804	7.070191272029277	0.017127322778860185	0.763675544708146	nan	2.8957264081061726e-18	4.325348024384639	0.0797706108811293	3.680129777351814	0.035052090118334156	nan	-0.16385932807097037	-0.03617761402349558	True	False
21	3.8439961549423565	0.04695838100217194	4.355013538111453	7.830025973029179	0.9851798141961334	7.977457675601557	-0.18394290007260028	0.6883451361788384	nan	2.8957264081061726e-18	4.157820048721709	0.036954395765145066	2.5655974473845005	0.0005792991575987481	nan	-1.278398707557856	-0.04637908184457319	True	False
22	3.844001167812526	0.06291468209038968	4.3492540127475285	7.535024173077725	0.9684864046710648	7.440178139445152	-0.2133984870181646	0.6766814509436729	nan	2.8957264081061726e-18	4.578660123296459	0.198155475079479	3.1325705337507066	0.0051239289766088275	nan	-0.7114306340618195	-0.05779075311378085	True	False
23	3.8440019845750193	0.0725238324287528	3.8906925734687796	9.182428575221858	0.9258298258260835	7.511776881982057	-0.4115803840006924	0.6468772993046845	0.0	0.0	3.9422572790252466	0.07640693079876741	3.8440019845679454	0.07252383243185657	6.364457755885923	-7.0738970237016474e-12	3.103781121005511e-12	False	False
24	3.8440025646237874	0.06333857457343305	5.70999928505408	8.609788363161677	0.9703438489231064	6.7554912444363096	-0.11836284200672538	0.6779792472425744	nan	0.0	nan	nan	3.8440025646237874	0.06333857457343305	nan	nan	nan	False	True
25	3.844001672711058	0.06955717372382533	4.434113778438529	8.762965752180216	0.9087003616400842	7.854478654536266	-0.38439403592330823	0.6349089426779267	6.796599949005523e-107	1.466037539800586e-109	4.070944188143984	0.07843436076028724	3.8440016724316513	0.06955717376490878	4.943547772891089	-2.794067199829442e-10	4.1083442203770915e-11	False	False
26	3.8439947304464717	0.04589621935618949	4.620417777133215	8.188209751248905	0.9767441328239094	7.152933338993968	-0.050116474510054465	0.6824511256040655	0.0	0.0	4.45943016041623	0.06772044969689701	3.8439947304468554	0.04589621935766051	3.843994730446856	3.836930773104541e-13	1.4710177520527168e-12	False	False
27	3.843968274431759	0.05310657805394595	4.069575118909702	7.974916812507371	0.9798092192901564	7.830692398587106	-0.09956624165459978	0.6845927015180323	nan	0.0	4.84963572761676	0.05365777248565162	4.1944429811054444	0.03037729225506115	nan	0.3504747066736855	-0.022729285798884804	True	False
28	3.843988632340735	0.07816312797655332	4.225088642012982	7.784566258605314	0.9947552681168147	7.006286555576478	-0.1804637882826706	0.6950355058332184	nan	0.0	4.53855092809106	0.15962476163798872	3.410537040379548	0.027956605749692404	nan	-0.433451591961187	-0.05020652222686092	True	False
29	3.844000906970543	0.03489143254082091	4.173839555774824	8.78923128661196	1.0380378492321047	6.493707571530695	-0.16898177994386054	0.7252770452584716	nan	0.0	3.8637739055880522	0.03410290794712079	3.48492609368988	0.027012127105507697	nan	-0.35907481328066293	-0.007879305435313212	True	False
30	3.8439819071333408	0.05465651926139681	4.427906860719325	8.246999751096318	0.9300214113586307	7.06653581791292	-0.22041605962077315	0.6498059601162752	33.400521011621386	0.07204546099421368	4.377608502804206	0.07287039398502446	3.843981907090668	0.054656519240964686	3.8439819070906682	-4.267297626370237e-11	-2.0432121272673243e-11	False	False
31	3.843992137546155	0.04779675685258604	4.894013589727493	8.982074204580028	0.8996392365339408	6.555929201384788	-0.21041411403115146	0.6285779345662644	0.0	0.0	3.9326800809974394	0.050161647362810084	3.8439921374427852	0.04779675672113112	7.203432290409511	-1.0336975719837938e-10	-1.3145491639665607e-10	False	False
32	3.843982970137202	0.06807746623802739	3.5556193061098984	8.703999395669602	1.0991494558026484	6.089508198166659	0.030804334578164755	0.7679757247693104	nan	0.0	3.843982970137202	0.06807746623802739	3.361064142045174	0.04829433910816329	nan	-0.482918828092028	-0.019783127129864103	True	False
33	3.8440003841931794	0.06676298474144833	4.49506863779671	8.687048042598258	0.9989467726946947	7.075799901350475	-0.16010547484227014	0.6979641100817832	nan	0.0	nan	nan	3.8440003841931794	0.06676298474144833	nan	nan	nan	False	True
34	3.843985128658696	0.06120770220869526	3.9891729898956054	7.221534538494523	0.7631777220730441	8.199171693461428	-0.3905644635455766	0.5332322744124359	nan	0.0	nan	nan	53.843985128658694	0.5612077022086952	nan	nan	nan	False	True
35	3.843990202620731	0.050516904974236485	4.73319173834595	8.752972947894067	0.9485162676279982	7.421969153356303	0.0045697047232480595	0.6627283161916824	0.0	0.0	4.0437852162781285	0.05630276011227459	3.8439902024523454	0.05051690497749651	5.36342071454924	-1.683857497880581e-10	3.26002419503979e-12	False	False
36	3.8440052581492448	0.08020715402668209	4.195535529867877	7.761240990885906	0.9181465444362222	9.313645925876731	-0.042524604179030284	0.6415089905975885	nan	0.0	3.9825043321347993	0.08380649732198375	0.5574203682602306	9.986702839504104e-09	nan	-3.2865848898890144	-0.08020714403997925	True	False
37	3.843993140526386	0.04566677594843549	4.384450730624855	7.974735678136225	0.8775898223113486	6.41184647622008	-0.2557685307517639	0.6131720088489393	nan	0.0	4.15930329905407	0.005407559900281446	3.3695157131201436	0.0032506027128685016	nan	-0.4744774274062422	-0.04241617323556699	True	False
38	3.843992688201594	0.07128949129247779	3.999928315200276	8.68352720204041	0.8105587210779133	9.08029386115916	-0.4903289223884987	0.5663373784171379	0.0	0.0	4.033529336996317	0.07874449095027952	3.843992688218179	0.07128949130123886	6.408065743060374	1.658495563106044e-11	8.761075198648882e-12	False	False
39	3.8440013910887303	0.06449212296646756	4.576789976528935	8.256472061663578	1.035587850612292	7.410148795568059	-0.2067014879989266	0.7235652312228084	nan	0.0	nan	nan	3.8440013910887303	0.06449212296646756	nan	nan	nan	False	True
40	3.843987578088071	0.044512613640229085	4.839761212732477	8.66367846901065	1.0435261946022016	7.148062145757046	-0.23540649495920174	0.7291117521685583	0.0	0.0	4.286288002216035	0.06248165218174731	3.8439875781132695	0.04451261363885266	3.843987578113271	2.5198509945312253e-11	-1.3764267503546534e-12	False	False
<<<<<<< HEAD
=======
41	3.843987030753728	0.06268610055262942	3.8735095101977333	8.319986679534665	0.8584022944345003	6.8729711581202135	-0.539670001115816	0.5997656831213853	nan	0.0	nan	nan	3.843987030753728	0.06268610055262942	nan	nan	nan	False	True
42	3.8440021844187435	0.05903263501770845	5.030418432942783	8.538729994167912	1.0268418594397062	6.918548761180689	-0.1728264183400707	0.7174544071905227	0.0	0.0	4.305842157742864	0.07937481758487276	3.8440021840393457	0.059032634930358416	3.844002184039346	-3.793978464727843e-10	-8.735003692583732e-11	False	False
43	3.8440024318532555	0.0465888916375326	4.083753133123317	8.177356444662959	1.1425830246094046	7.039256918142927	0.10211923457283983	0.798322759294591	nan	0.0	3.8449938856495396	0.04115938146424961	2.722803516486939	0.0008732725382008772	nan	-1.1211989153663167	-0.04571561909933173	True	False
44	3.843995040602804	0.0604631402167405	3.7831226738298684	8.805805156564748	0.8767197074699677	7.480016640245307	-0.16259843118714512	0.6125640596092664	0.0	0.0	3.9834025698644817	0.06518109449447201	3.8439950410622092	0.06046314020734297	6.598773302988444	4.594054026085814e-10	-9.397531364196965e-12	False	False
45	3.8439892152432353	0.0646197215046816	4.5048795557058785	8.629289325493934	1.076004651245202	5.545496612814008	0.07184898496943189	0.7518044498250226	0.0	0.0	4.1417066098686	0.0766494409773303	3.8211643007436367	0.06426821951219	3.821164300743638	-0.02282491449959867	-0.000351501992491593	False	False
46	3.8439879754367094	0.03989072327703089	3.961970762486785	8.429991220531518	0.9580100064657457	7.396394803791613	-0.21205541384679805	0.6693615915176165	nan	0.0	nan	nan	13.84398797543671	0.1398907232770309	nan	nan	nan	False	True
>>>>>>> cec1569ca75f595500d13f8bd2a41e2518dbecf2
Iteration_step	Porb	eccentricity	Wdisk	logQ	primary_mass	age	feh	secondary_mass	posterior_probability	acceptance_ratio	inital_orbital_period	initial_eccentricity	current_orbital_period	current_eccentricity	current_spin	delta_e	delta_p	bad_solution_flag	gsl_flag	
2	3.844000476646377	0.03599820677317559	4.839385185715514	7.623392168607314	0.8745712034668633	7.324297019681636	-0.5451190091100937	0.6110628998622974	nan	0.0	4.020603605585353	0.027470598070369334	1.79654459066494	2.0772142969194453e-05	nan	-2.047455885981437	-0.0359774346302064	True	False
3	3.843984598931689	0.052647978111673155	4.22629205097418	8.041413353770592	1.0507810100841186	6.490994564803958	-0.07606067057313358	0.7341806917457737	nan	0.0	3.9603841017805195	0.05735411737090382	2.9400250169016133	0.008249901309952234	nan	-0.9039595820300756	-0.04439807680172092	True	False
4	3.844000427314752	0.0556004060420557	3.5892991350161667	7.87516548183748	0.8741004552693682	6.5913631929014596	-0.257402688749168	0.6107339880967075	nan	0.0	4.266540798977055	0.1509714437446759	3.1453401807922976	0.06810486706889335	nan	-0.6986602465224543	0.012504461026837652	True	False
6	3.844002235335884	0.05473465088962952	3.0728266588588586	7.35934549126365	0.8653804842731044	5.160267590072963	-0.3644660569857916	0.6046413443616181	nan	0.9793022988373133	nan	nan	3.844002235335884	0.05473465088962952	nan	nan	nan	False	True
8	3.843987116551113	0.06529874525228703	2.8493083307817315	6.604163317880325	0.7682817642674277	5.799894070802749	-0.7360168145781952	0.5367984686936517	nan	0.5434009138896835	nan	nan	3.843987116551113	0.06529874525228703	nan	nan	nan	False	True
9	3.843983736413804	0.0530386728462944	3.5061350763499486	6.460926481149233	0.8375123389417283	4.855118803433925	-0.5538720722190272	0.5851698712185855	nan	0.5434009138896835	3.889053503920896	0.07982124865352497	2.573254057468121	1.39253912990335e-08	nan	-1.270729678945683	-0.0530386589209031	True	False
10	3.8440051751802526	0.05176562324230105	3.5810906187890663	6.371788374618541	0.7797265707558554	4.9202651499554575	-0.5426342555816239	0.5447949549871162	nan	0.5434009138896835	4.063997133288489	0.14064609642747855	2.4959197462681817	1.2280225695002562e-08	nan	-1.348085428912071	-0.051765610962075354	True	False
11	3.844001643617827	0.06721817224157299	4.032105652659074	7.5584335492762715	0.8692307883720628	6.042496512945653	-0.31833977415976217	0.6073315518355603	nan	0.5434009138896835	4.13432097629057	0.0374239550820923	2.746044432684622	0.005559658068813563	nan	-1.0979572109332052	-0.06165851417275943	True	False
12	3.843983400194556	0.06981250692626577	2.9300139323516805	6.855029759198804	0.9040719913069782	5.752111458766141	-0.4543194407433377	0.6316751003261857	nan	0.5434009138896835	3.9015950013210863	0.003137831957438355	2.4799093521900386	1.7982867246644335e-08	nan	-1.3640740480045173	-0.06981248894339852	True	False
13	3.843996809898374	0.05511730150743017	3.790066495455732	7.476634776238267	0.9810893822337077	5.015621127901804	-0.2726111358917037	0.6854871513666916	nan	0.5434009138896835	4.457746155216656	0.21908714682851052	3.4784980097752096	0.029330397292958502	nan	-0.36549880012316427	-0.025786904214471666	True	False
14	3.8439806108334986	0.0485209342596962	3.403104432140787	7.489712662721597	0.9208391248811796	5.0800774097239545	-0.12909572604098246	0.6433902965544802	nan	0.5434009138896835	nan	nan	3.8439806108334986	0.0485209342596962	nan	nan	nan	False	True
15	3.8439937564820954	0.04254491546901276	3.1689267360021702	7.685321530591479	0.9513858128333698	5.524573170022521	-0.188184130920374	0.6647332674266755	nan	0.5434009138896835	nan	nan	3.8439937564820954	0.04254491546901276	nan	nan	nan	False	True
16	3.843998969552453	0.06325274002519836	3.4723563780144047	6.51584533535527	0.8086365421040941	4.729627654717519	-0.5651995403773242	0.5649943519681305	nan	0.5434009138896835	3.843998969552453	0.06325274002519836	2.3714380871230523	1.1718911184873663e-08	nan	-1.4725608824294008	-0.06325272830628717	True	False
17	3.843987850827035	0.05529533123441569	3.328004655822027	6.835554687492592	0.7933521294770578	5.518347667569391	-0.4391284323553504	0.5543151328656203	nan	0.5434009138896835	4.475300925076481	0.06446968351156923	3.415430706674957	0.0021491313824137555	nan	-0.4285571441520779	-0.05314619985200193	True	False
19	3.844001591668053	0.04363759919588892	2.981387658925666	6.181939043351733	0.9297890126296668	5.268466615399968	-0.20978047246749965	0.6496435831243482	nan	1.5070197746234777	3.9579972854560226	0.03260558984735953	2.9941229159881275	1.8228050843301792e-08	nan	-0.8498786756799257	-0.043637580967838076	True	False
20	3.8439900226843	0.04912709515738827	3.935195907672228	6.924623002023223	0.8779918320291905	5.517549828561761	-0.4623868737453104	0.6134528930387954	nan	1.5070197746234777	4.316241620667018	0.045269216360292	3.435793415200705	0.00045510568072701965	nan	-0.4081966074835952	-0.04867198947666125	True	False
21	3.8440030982691336	0.049862984442720276	3.543208681458016	7.225192338239461	0.9630169242909719	5.534410098075652	-0.2156257876760014	0.672859925002102	nan	1.5070197746234777	nan	nan	13.844003098269134	0.14986298444272028	nan	nan	nan	False	True
22	3.843989483132285	0.03507141046465765	3.703497912635783	6.634822090973055	0.8832899790966467	7.018682036336495	-0.4826077082076645	0.6171547083948271	nan	1.5070197746234777	4.503753054675645	0.07581149955652748	3.4422356201468145	3.094756371136217e-07	nan	-0.40175386298547044	-0.03507110098902053	True	False
23	3.8439986617122153	0.045404152313584405	3.3637139456665337	6.609641082408218	0.8541696727716788	5.689149436578891	-0.5770661793019862	0.5968083503655719	nan	1.5070197746234777	3.9605232215787685	0.025885666351127882	2.4728191619361515	1.573647440794642e-08	nan	-1.3711794997760638	-0.045404136577109996	True	False
24	3.843984384547163	0.04507013008117271	2.6924779443371856	6.289626832563354	1.0213145910854176	5.581166635145167	-0.11155100671660956	0.7135925047913813	nan	1.5070197746234777	nan	nan	3.843984384547163	0.04507013008117271	nan	nan	nan	False	True
25	3.8439934946123375	0.04988217496164944	3.978487458180885	7.026635058126339	0.9468032954456558	5.436888378255456	-0.32214777512974135	0.6615314625278796	nan	1.5070197746234777	3.901728582939785	0.11183561124688846	2.7553774252347236	3.82870719231626e-06	nan	-1.088616069377614	-0.049878346254457126	True	False
26	3.8439937560359705	0.03263149539988233	3.0018516878650017	6.82372013765094	0.9133412566512755	6.687751549917291	-0.07286208339067407	0.6381515360222462	nan	1.5070197746234777	4.339993252377071	0.18597766838275856	2.8400428885841795	5.246704784672816e-07	nan	-1.003950867451791	-0.032630970729403866	True	False
27	3.843992714940544	0.06187723472220443	3.09643082868801	6.331550019770047	0.8324975878531591	6.850070872603183	-0.4673748464973282	0.5816660646330022	213.48606254164525	0.30955435374502605	4.825156676930937	0.10323035396321392	3.8439943986484737	5.93957428919476e-07	3.843994398648474	1.6837079295228818e-06	-0.06187664076477551	False	False
28	3.8440090597900003	0.03552901351500659	3.069587224730032	5.93607118737492	0.8489830461592347	6.710023876150908	-0.5066042087856444	0.5931844543514573	nan	0.30955435374502605	4.318802962251888	0.02675653662923696	2.9941529846903636	2.0625761840042208e-08	nan	-0.8498560750996367	-0.03552899288924475	True	False
29	3.8439983442667898	0.04682577668967856	3.269821675058319	6.302854258418409	0.8911377467815569	6.644680429277097	-0.26422929837987974	0.6226379436762738	nan	0.30955435374502605	4.044517090459974	0.0073617013339428335	2.534713505488916	2.346027244006956e-08	nan	-1.3092848387778737	-0.04682575322940612	True	False
30	3.8439986884058928	0.05567516476762688	3.6231570543571747	6.243762040450674	0.8685941196744736	8.009620138938338	-0.5182002270765682	0.6068867114165547	nan	0.30955435374502605	4.458339639607972	0.14581700393519598	2.641333058510068	2.2274763889420544e-08	nan	-1.202665629895825	-0.05567514249286299	True	False
32	3.8439897957579015	0.05402644831188115	2.2496554916818274	5.901736996694776	0.8341151260632151	6.6284452160095455	-0.5207035759350398	0.5827962385803684	25.947532571096616	0.031842077035140914	5.321113576963738	0.24994802132175287	3.940948664907948	2.3899215120492078e-08	3.940948664907949	0.09695886915004648	-0.05402642441266603	False	False
33	3.8439929416574428	0.02955471336833665	2.432259161789304	5.764657457418602	1.0635227385650725	6.509219437908568	-0.3657013553114374	0.7430833374354161	98.24024833241913	0.12055765020357996	4.495063007687383	0.02722503187076144	3.843992297660512	9.946723038677719e-09	3.843992297660512	-6.439969308935645e-07	-0.02955470342161361	False	False
34	3.8439979483122295	0.05066678240680297	3.0967985794091604	5.789458561744676	0.8784084865656004	8.447981349812908	-0.2742736369024357	0.613744009563385	nan	0.12055765020357996	nan	nan	13.843997948312229	0.15066678240680298	nan	nan	nan	False	True
35	3.844007903854883	0.038461635335415675	3.311109765665451	5.848969412755024	0.932608492139495	8.38860787889231	-0.39527954074811333	0.6516135534578652	nan	0.12055765020357996	nan	nan	13.844007903854884	0.13846163533541567	nan	nan	nan	False	True
36	3.8439959362219724	0.05918548452571275	2.585395501856352	5.7967521714327175	0.922348051202657	6.629519495328919	-0.5168832725379173	0.6444445833752964	nan	0.12055765020357996	3.973960768970376	0.008422482876075277	2.2717754203095417	9.82520277132512e-09	nan	-1.5722205159124307	-0.05918547470050998	True	False
37	3.843984539813259	0.06372072068024445	2.5698149423819747	6.059582827112923	0.8578458941089864	5.6644527933698345	-0.5481605437582165	0.5993769262139488	nan	0.12055765020357996	nan	nan	3.843984539813259	0.06372072068024445	nan	nan	nan	False	True
Iteration_step	Porb	eccentricity	Wdisk	logQ	primary_mass	age	feh	secondary_mass	posterior_probability	acceptance_ratio	inital_orbital_period	initial_eccentricity	current_orbital_period	current_eccentricity	current_spin	delta_e	delta_p	bad_solution_flag	gsl_flag	
2	3.844010310641419	0.055659812649816155	4.474723359150643	8.048338741973847	0.8869341155633294	6.934357286200392	-0.32130851641196717	0.6197008665440982	234.98040845085563	0.2732468304881785	4.470761495047141	0.07460599149397863	3.841536052906796	0.05285308321563829	3.8415360529067972	-0.0024742577346232864	-0.002806729434177868	False	False
4	3.844009748935166	0.04283663822959849	4.6619407395864005	8.048872106815004	1.119064227571807	3.9561871552845673	0.03690467936814773	0.7818901758044215	0.0	0.0	4.175390604722555	0.08263601816800151	3.7933816082704173	0.04839475388061178	3.7933816082704177	-0.050628140664748855	0.005558115651013287	False	False
5	3.8440000248357333	0.03972818889954764	4.339888102974065	8.641236771299681	0.8993193524042972	5.327590177999094	-0.16085042839324581	0.6283544315248825	0.0	0.0	3.9808168554759464	0.04288714241604519	3.8419108634115875	0.03968961697701286	5.8963232404611805	-0.0020891614241458356	-3.857192253477887e-05	False	False
6	3.8440000109789234	0.03127092886132618	4.579996833606618	8.258478968723452	1.0629263202827601	4.869743745599836	0.03931442390887526	0.7426666199815645	0.0	0.0	4.242233068343602	0.04241446780566897	3.8440000111652197	0.03127092885683848	3.8440000111652206	1.8629631171052097e-10	-4.487701876776384e-12	False	False
7	3.8439963532413453	0.04490620202554101	4.605531552848437	8.53980183668679	0.9816509297212221	5.935647468023554	-0.131609287547117	0.6858795045962179	0.0	0.0	4.137406239594176	0.052722002998994905	3.8439963519199436	0.04490620091113114	4.119049720677168	-1.3214016547635765e-09	-1.1144098699400473e-09	False	False
8	3.8440015912845915	0.039734317663734565	4.397416853692471	8.265730455565574	0.9558136311352254	6.126467288796107	-0.007052575852690056	0.667826984074182	nan	0.0	nan	nan	3.8440015912845915	0.039734317663734565	nan	nan	nan	False	True
9	3.8440082450920885	0.05572949466818444	3.9538280872769938	7.8264320860312475	0.9476594424078961	6.618178113604408	-0.21991869366670502	0.662129652410397	nan	0.0	4.469885686585476	0.28028751628997167	2.686931318021273	0.035828298261100316	nan	-1.1570769270708157	-0.019901196407084126	True	False
10	3.844014173268789	0.04510179000678643	4.599096670860923	7.723244622977712	1.0745635532398685	5.749736302381285	0.1590727579575006	0.7507975546486961	0.0	0.0	4.557663878359564	0.151663852732519	3.844014172743584	0.04510178992859626	3.844014172743584	-5.252052126536455e-10	-7.819016961674308e-11	False	False
11	3.844008437038517	0.05106165115131739	4.286708263548455	8.941202330710036	0.9764537221134031	5.766446331579871	-0.07396961819720384	0.6822482156406348	0.0	0.0	3.9573312671457543	0.05436909905217445	3.844008437082169	0.051061651131820686	5.936512946785011	4.3652192971421755e-11	-1.9496702863275317e-11	False	False
14	3.8439986889998905	0.05384390675315347	4.720944756960268	8.015262827206753	0.8735447358030034	4.438385045157063	-0.385051608984892	0.6103457069055584	0.0	0.0	4.232687172845127	0.05454870309541663	3.843084730493843	0.04409452794230955	3.8630539666314556	-0.0009139585060475852	-0.009749378810843916	False	False
15	3.8440081121161906	0.01955402568010596	4.158124222504812	7.9801779268216615	0.8770153261314891	3.1548525689548885	-0.2276362196924201	0.6127706083680714	0.1276522438350137	0.0002560853234440129	4.118189590450154	0.021351989366699284	3.8440154869394023	0.01824380566758544	3.980191719897323	7.374823211669934e-06	-0.0013102200125205202	False	False
17	3.843998664083891	0.043205340351883725	3.12711568150743	7.6422581362325985	1.0773189988593643	5.662761406199241	0.04296614953983349	0.7527227845030379	nan	1.2055346588547045	nan	nan	3.843998664083891	0.043205340351883725	nan	nan	nan	False	True
18	3.8439846818893897	0.06292729731690483	3.0854755958373086	7.64040406556541	1.06103973787732	4.373731814567014	-0.2327195602791134	0.7413484648548835	nan	1.2055346588547045	nan	nan	3.8439846818893897	0.06292729731690483	nan	nan	nan	False	True
19	3.8439986228143503	0.03237151694846158	4.387549437333773	7.743566098114368	1.049029476157099	4.549758945169987	-0.08473633013391482	0.7329568949909651	nan	1.2055346588547045	nan	nan	3.8439986228143503	0.03237151694846158	nan	nan	nan	False	True
21	3.844012407730387	0.039547072943239045	4.751447268209145	7.383259163504364	0.9173056212919074	5.770532764430467	-0.3876138773303618	0.6409214375966557	nan	1.5656522760698501	3.911016610442548	0.027452104143825137	2.47497317242997	0.00014777637603817796	nan	-1.3690392353004168	-0.03939929656720087	True	False
22	3.8440051512865745	0.03875089133587943	3.2395138366037393	7.655303846517358	0.8774048793314179	6.063312891653635	-0.35338095751020815	0.6130427891888617	nan	1.5656522760698501	3.854284149922379	0.025916226580045058	2.005060737358387	0.000648427891471512	nan	-1.8389444139281874	-0.038102463444407916	True	False
23	3.8439985392493434	0.027734327253948397	3.4709070740402193	7.180912770518771	0.915340032637304	5.673639296709772	-0.26419447665856666	0.6395480808036843	nan	1.5656522760698501	nan	nan	3.8439985392493434	0.027734327253948397	nan	nan	nan	False	True
25	3.843994146482711	0.07670180080123003	3.8325800046761644	7.423650700394198	1.031700065237619	3.032415642759602	-0.17594243747885102	0.7208488355815243	nan	1.0559886723499672	nan	nan	3.843994146482711	0.07670180080123003	nan	nan	nan	False	True
27	3.844005232069425	0.05674223563040972	4.922188966938657	6.818253998469231	0.9796352522294535	1.7462675224832322	-0.19269031045628296	0.6844711507327191	nan	0.8292396263298155	nan	nan	3.844005232069425	0.05674223563040972	nan	nan	nan	False	True
28	3.8440049342809277	0.05589664123877256	4.186828230243804	7.104408649509783	0.9963866453095769	3.1496420359255124	-0.024606921480024024	0.6961753490778013	nan	0.8292396263298155	nan	nan	13.844004934280928	0.15589664123877256	nan	nan	nan	False	True
30	3.844011066423716	0.05295369615336913	4.730057211583874	8.125519651309393	0.9011298077270953	2.186737117234872	-0.27394419286540805	0.6296193966589214	nan	1.5380395669079328	3.847115882521489	0.05806438387977647	3.67864916081664	0.05233468141618888	nan	-0.16536190560707587	-0.0006190147371802485	True	False
32	3.8440029792026333	0.02986519447449642	4.660475149227352	7.1763785233780215	0.9476611868571849	1.347586055884804	-0.2740434678962088	0.6621308712571151	0.0	0.0	3.888836036696347	0.052785712434296514	3.844002982450196	0.02986519527935458	3.8440029824501964	3.2475626632333388e-09	8.048581592867698e-10	False	False
33	3.8440046417746117	0.05698306796476964	4.516856599024487	7.006319060484102	1.1792965996543687	2.1201710509478553	0.09519989722035005	0.8239745341785074	nan	0.0	nan	nan	3.8440046417746117	0.05698306796476964	nan	nan	nan	False	True
34	3.8439967995626745	0.037191554451944026	4.84808378490499	6.682342299197109	1.0243730901639543	3.221354265935176	-0.12192950953732867	0.7157294780975548	nan	0.0	nan	nan	3.8439967995626745	0.037191554451944026	nan	nan	nan	False	True
37	3.844005597778881	0.04397586459394712	4.689502392017021	7.489183710119357	1.0220588785548745	1.9827607076711486	-0.19191496374669187	0.7141125384462909	0.0	0.0	4.0017681276943415	0.07748072617534339	3.844005597288449	0.04397586445539551	3.8440055972884495	-4.904321393439659e-10	-1.3855160768683206e-10	False	False
38	3.8440159870793598	0.030174896891911974	4.508765818064029	7.775422995295709	0.9116824790345469	1.967209820570761	-0.3491668315213598	0.6369925481014379	0.0	0.0	4.045803050836282	0.03751925456796942	3.8440158618658584	0.03145984583726784	3.844015861865859	-1.2521350134520048e-07	0.001284948945355864	False	False
40	3.8440037664246054	0.06434013657500894	4.309561010640767	7.511260008291725	1.0277882245686598	2.9655828786324943	-0.10804336237590462	0.7181156325061226	nan	1.1047738751805427	3.83897994628787	0.005027970261354556	3.494723445387178	0.0015182906807441941	nan	-0.34928032103742757	-0.06282184589426475	True	False
Iteration_step	Porb	eccentricity	Wdisk	logQ	primary_mass	age	feh	secondary_mass	posterior_probability	acceptance_ratio	inital_orbital_period	initial_eccentricity	current_orbital_period	current_eccentricity	current_spin	delta_e	delta_p	bad_solution_flag	gsl_flag	
2	3.8440041401392464	0.03235859957668419	4.831660571844036	8.658189994909339	0.8990615063440708	9.593354310715474	-0.21230969685673828	0.6281742744826022	0.0	0.0	4.130267158442334	0.037962518573919364	3.8167719630063934	0.03202639522913063	4.689671776123341	-0.027232177132852975	-0.000332204347553558	False	False
3	3.8440072046957283	0.06773539598566915	4.589887377371558	7.483602694540307	0.9741956558181362	6.662269966101121	-0.22671013875905058	0.6806705047201317	nan	0.0	3.9704434580369248	0.01825854144252878	2.494168733755262	1.9235483437531805e-05	nan	-1.3498384709404663	-0.06771616050223161	True	False
4	3.8440103639142458	0.05486756036039061	4.144442713838255	7.90370867164698	0.8198961665104376	7.540744283602304	-0.5847294883066949	0.5728614515408428	nan	0.0	3.8445566322893137	0.004883546859835698	2.1089409791477016	0.0008188071134883237	nan	-1.7350693847665442	-0.05404875324690229	True	False
5	3.8439921433898077	0.044652783051151584	4.534936830730897	7.61641097647218	1.087994470943025	7.218618767425938	0.09772445535639285	0.7601817368478915	nan	0.0	nan	nan	13.843992143389809	0.1446527830511516	nan	nan	nan	False	True
6	3.8439794664590843	0.04167765543198134	4.12062428430016	8.102935842773826	1.053277270279958	6.758756384699105	-0.06809710780148934	0.7359248287446066	16.527779398813355	0.019219318604078783	4.460963387706901	0.04921621000954805	3.841727184232342	0.022365378465731278	3.841727184232342	-0.0022522822267423415	-0.019312276966250062	False	False
7	3.8439999253782333	0.0408930013954599	3.5257959779460104	8.502695189796922	1.0234641146111914	6.83785699955682	-0.23928072655593702	0.7150943768788394	640.7401998726393	0.7450843665469982	4.313753147805796	0.05583199804125061	3.8434562640603187	0.03993881106028959	3.8434562640603183	-0.0005436613179146121	-0.0009541903351703088	False	False
8	3.8440185245690754	0.03283413147959782	3.94599339132175	8.830993526003697	1.1036761747082684	6.384150751855206	0.014797238233545815	0.7711385432686672	nan	0.7450843665469982	4.0511832766274205	0.039327490110430956	3.709868149402569	0.03183233539720788	nan	-0.1341503751665063	-0.0010017960823899413	True	False
9	3.84400585799941	0.045652846918160524	4.292329798574709	8.675717237355553	0.9786522354468467	7.520215428178489	-0.312998015381372	0.6837843169067117	485.4279116525734	0.5644795630581355	4.1781037150774	0.05088904175319703	3.7934674108003716	0.04099452385898404	3.7934674108003725	-0.05053844719903822	-0.004658323059176482	False	False
10	3.843997936312758	0.05822588864506956	4.1459158263766005	7.772445951554177	0.9111248973225589	6.647685615325354	-0.2030178029494027	0.6366029657592719	nan	0.5644795630581355	4.393962085821561	0.07174649330129648	3.4474847137712166	0.029282971620437036	nan	-0.3965132225415413	-0.02894291702463252	True	False
