Step	Time_elapsed
1	0.0
2	1582659752.6810987
3	1582659752.6810987
4	4444.701683044434
5	4444.701683044434
6	1887.2450942993164
7	1887.2450942993164
8	6937.768496274948
9	6807.36049580574
10	19861.97661757469
11	19861.97661757469
12	2441.8826897144318
13	4204.286490917206
14	1885.0842678546906
15	1885.0842678546906
16	17651.160237789154
17	2325.7111978530884
18	2325.7111978530884
19	4559.904502630234
20	4679.654313802719
21	6043.825114488602
22	17626.76354074478
23	8088.8299062252045
24	5121.826559305191
25	6146.459645032883
26	3282.855776786804
27	3084.2537467479706
28	5912.1308081150055
29	3246.2926020622253
30	6591.120177030563
31	2942.865226984024
32	3018.408096551895
33	3018.408096551895
34	6033.668082475662
35	5098.789018392563
36	5296.053445100784
37	5296.053445100784
38	3522.460694551468
39	2390.761385202408
40	2390.761385202408
41	6642.94291973114
42	5798.6266458034515
43	3842.66659283638
44	1582863546.9378614
45	1582863546.9378614
46	1582863546.9378614
47	1582863546.9378614
48	1582863546.9378614
49	16220.462372779846
50	2143.4533388614655
51	5478.9616441726685
52	10971.705274820328
53	4129.511389255524
54	4212.090933561325
55	4212.090933561325
56	5487.884486675262
57	3754.211106777191
58	3307.110922574997
59	3307.110922574997
60	8021.588771343231
61	5257.742179632187
62	3725.6384263038635
63	8865.307865858078
64	16344.771899461746
65	1747.3809840679169
66	5232.559699296951
67	3268.4302916526794
68	3268.4302916526794
69	3268.4302916526794
70	6371.71803188324
71	4778.695484876633
72	5258.515557765961
73	4024.672028541565
74	2898.7225353717804
75	5374.959513664246
76	5374.959513664246
77	7638.869263410568
78	7638.869263410568
79	7638.869263410568
80	7638.869263410568
81	12907.355025291443
82	2575.066439151764
83	2824.2369475364685
84	3036.1065797805786
85	3036.1065797805786
86	7796.576315879822
87	5452.615169286728
88	5568.633423566818
89	4569.23570394516
90	5101.899314165115
91	5202.663819074631
92	5202.663819074631
93	8922.283564805984
94	10344.762198448181
95	10344.762198448181
96	10344.762198448181
97	11891.997237682343
98	11891.997237682343
99	9836.664900541306
100	9836.664900541306
101	7314.06071472168
102	6996.676177978516
103	3780.4380292892456
104	3780.4380292892456
105	6286.038432359695
106	16037.172022819519
107	3738.1953740119934
108	3163.5590591430664
109	16719.296443223953
110	16719.296443223953
111	9368.835289478302
112	4084.330040693283
113	3625.896712779999
114	3625.896712779999
115	8615.2486743927
116	2829.2186312675476
117	2823.3167312145233
118	2368.8987078666687
119	3006.45258975029
120	1583393675.4526463
121	3590.203955888748
122	3590.203955888748
123	3590.203955888748
124	9291.671147823334
125	3996.041235923767
126	3996.041235923767
127	11296.17118024826
128	4036.591738462448
129	26674.555918216705
130	4649.570901632309
131	9000.465602874756
132	9000.465602874756
133	5996.462282896042
134	5996.462282896042
135	9637.06639122963
136	4124.645329713821
137	3216.9494490623474
138	3750.1365983486176
139	6629.87887096405
140	6416.667301654816
141	2713.315842151642
142	2180.8033423423767
143	2180.8033423423767
144	9542.523278474808
145	3173.201767206192
146	3173.201767206192
147	7123.840194702148
148	3884.6973419189453
149	3884.6973419189453
150	3498.796906709671
151	8116.82489824295
152	8116.82489824295
153	12468.081536769867
154	12468.081536769867
155	12468.081536769867
156	5945.8679213523865
157	6552.80467915535
158	6552.80467915535
159	5456.734043836594
160	9666.006346225739
161	4703.229489564896
162	11155.266036272049
163	11155.266036272049
164	15368.674107313156
165	9555.476646900177
166	4940.298254966736
167	5265.910762786865
168	7085.988299846649
169	7085.988299846649
170	7085.988299846649
171	7085.988299846649
172	7085.988299846649
173	7085.988299846649
174	7085.988299846649
175	7085.988299846649
176	7085.988299846649
177	14535.217367172241
178	16795.95360660553
179	4933.779866933823
180	5094.882754802704
181	5094.882754802704
182	1584612877.5601847
183	7316.0211346149445
184	5639.818628311157
185	5639.818628311157
186	5639.818628311157
187	11256.667355775833
188	4629.913281679153
189	7610.43909907341
190	122284.31435203552
191	122284.31435203552
192	122284.31435203552
193	5028.2880074977875
194	5062.867425918579
195	5062.867425918579
196	5062.867425918579
197	2712.8841140270233
198	5010.677256822586
199	5010.677256822586
200	3920.929885864258
201	5007.402162075043
202	8359.223808526993
203	4224.066540002823
204	2944.6195619106293
205	1573.3066358566284
206	3673.622556447983
207	2528.9720165729523
208	2528.9720165729523
209	6269.714989423752
210	2149.4293625354767
211	2139.743360042572
212	2139.743360042572
213	2139.743360042572
214	2781.1659474372864
215	2781.1659474372864
216	4215.66582775116
217	4215.66582775116
218	5485.416310548782
219	2219.849189519882
220	1781.5403499603271
221	2045.2751343250275
222	2045.2751343250275
223	2854.476031780243
224	3881.8167803287506
225	3881.8167803287506
226	5758.233296871185
227	4587.928406238556
228	2711.68811917305
229	2711.68811917305
230	2944.5459957122803
231	2218.2731459140778
232	3028.478320121765
233	4067.4511282444
234	2151.567096233368
235	4111.9621324539185
236	2846.5026454925537
237	3372.1790664196014
238	9257.24448299408
239	9257.24448299408
240	12488.54304265976
241	13015.588012218475
242	13379.447271585464
243	15553.209620714188
244	17237.843018770218
245	17237.843018770218
246	20088.058179855347
247	19545.29219508171
248	16737.167100191116
249	12020.508126497269
250	26760.705548286438
251	26760.705548286438
252	26760.705548286438
253	7182.9051785469055
254	7182.9051785469055
255	7182.9051785469055
256	7182.9051785469055
257	25680.86134648323
258	13696.540376663208
259	3407.818938732147
260	5947.333148956299
261	4712.657693386078
262	2908.471581697464
263	2908.471581697464
264	3650.2106459140778
265	2682.0778410434723
266	8275.83298420906
267	8292.84980559349
268	8292.84980559349
269	7449.209300994873
270	9319.318570137024
271	6001.147353649139
272	0.0
273	5217.296909809113
274	5217.296909809113
275	11818.694092988968
276	55064.288288116455
277	12794.53737783432
278	12794.53737783432
279	12794.53737783432
280	11543.4350233078
281	11543.4350233078
282	41083.43869280815
283	7802.360767126083
284	7802.360767126083
285	7802.360767126083
286	7802.360767126083
287	10224.406060218811
288	5288.198971748352
289	5288.198971748352
290	15897.870765686035
291	6263.204637765884
292	6263.204637765884
293	16525.464990854263
294	5057.567160129547
295	4010.55819773674
296	4010.55819773674
297	11599.784363746643
298	3747.8035321235657
299	5837.679741382599
300	3718.8736720085144
301	5039.650413990021
302	3180.93998003006
303	4552.92831158638
304	6862.5955266952515
305	6862.5955266952515
306	5070.082648277283
307	3961.601282596588
308	3383.908052921295
309	3305.6593532562256
310	7985.2433822155
311	2457.4085187911987
312	2458.604608297348
313	3183.049025297165
314	2968.555095434189
315	2968.555095434189
316	5583.187327384949
317	5583.187327384949
318	16556.662670612335
319	2988.6489429473877
320	3282.7393238544464
321	3282.7393238544464
322	3282.7393238544464
323	3282.7393238544464
324	3876.8796067237854
325	3876.8796067237854
326	2858.8349816799164
327	2858.8349816799164
328	2858.8349816799164
329	4443.856944322586
330	4443.856944322586
331	5607.794588088989
332	3422.9879224300385
333	2940.573310852051
334	2940.573310852051
335	8820.09478187561
336	2414.9427242279053
337	2414.9427242279053
338	17265.253488063812
339	2258.0312333106995
340	2030.1901352405548
341	4732.284899711609
342	2532.930608510971
343	2618.747244119644
344	2541.109256505966
345	3583.386622428894
346	2759.6582787036896
347	2759.6582787036896
348	2759.6582787036896
349	9126.648038864136
350	9126.648038864136
351	9126.648038864136
352	9126.648038864136
353	6538.0393242836
354	23864.551419496536
355	21348.706810474396
356	11672.973489284515
357	19883.101989984512
358	4629.618656396866
359	4629.618656396866
360	4629.618656396866
361	6146.315366983414
362	16571.359615802765
363	15736.597912073135
364	15736.597912073135
365	28452.76226592064
366	0.0
367	143323.07680678368
368	28851.719566583633
369	10649.839129209518
370	5019.165379524231
371	11211.703935861588
372	11111.241192817688
373	11111.241192817688
374	11111.241192817688
375	4093.278646707535
376	2890.3173639774323
377	2260.2224860191345
378	3450.759660720825
379	7760.703222751617
380	3000.858679294586
381	4208.738247871399
382	8095.244443655014
383	2982.889192342758
384	49749.11364722252
385	49749.11364722252
386	49749.11364722252
387	49749.11364722252
388	49749.11364722252
389	3555.2108612060547
390	9315.850532770157
391	4383.314425230026
392	0.0
393	15621.395286798477
394	3194.4651374816895
395	2929.0199570655823
396	3865.2796115875244
397	2961.220206260681
398	2961.220206260681
399	2491.0674097537994
400	2409.5143926143646
401	3733.9438650608063
402	3292.2669281959534
403	4013.02374792099
404	4013.02374792099
405	4013.02374792099
406	4013.02374792099
407	4013.02374792099
408	4542.192330121994
409	4542.192330121994
410	12799.624471187592
411	24645.91892695427
412	24645.91892695427
413	3718.9565818309784
414	3955.8720326423645
415	3955.8720326423645
416	4305.073979139328
417	3306.7008414268494
418	3056.7326986789703
419	22911.348744869232
420	4786.336500406265
421	24674.872632741928
422	25219.368892908096
423	4177.514023303986
424	4977.218720674515
425	4977.218720674515
426	4755.65226650238
427	4755.65226650238
428	18418.442890644073
429	5031.123780012131
430	4110.72342133522
431	2529.208735227585
432	3005.582935810089
433	2810.361178636551
434	1794.697921514511
435	3751.549194097519
436	2273.4863328933716
437	2619.0104579925537
438	3467.3264079093933
439	2131.443268299103
440	1480.9838888645172
441	2876.9860525131226
442	1766.9583842754364
443	1449.41015958786
444	1662.3194136619568
445	2094.476786136627
446	2763.6125371456146
447	2763.6125371456146
448	3502.238388776779
449	3124.6726388931274
450	3124.6726388931274
451	3124.6726388931274
452	7040.493166208267
453	6531.470779180527
454	4068.432784795761
455	3680.7469205856323
456	1993.685994386673
457	14761.91806936264
458	4475.08011841774
459	6956.617172718048
460	6956.617172718048
461	6956.617172718048
462	6405.457772016525
463	3950.069679260254
464	51965.285828351974
465	51965.285828351974
466	51965.285828351974
467	3742.6964218616486
468	7581.631366014481
469	3678.9199628829956
470	3678.9199628829956
471	4387.0121603012085
472	2156.9910521507263
473	3116.740923166275
474	1952.5505924224854
475	2781.6091017723083
476	1511.0054523944855
477	2119.072265625
478	1484.8958747386932
479	6680.563408613205
480	2194.4216074943542
481	2194.4216074943542
482	2194.4216074943542
483	2194.4216074943542
484	2598.4230670928955
485	1261.7901141643524
486	5730.642149686813
487	4060.236379146576
488	4392.565016269684
489	2021.3961064815521
490	2371.8786511421204
491	2878.471817970276
492	2109.0777201652527
493	3692.254553079605
494	5930.972465276718
495	5930.972465276718
496	3842.5683426856995
497	2514.744172334671
498	2142.789731025696
499	1995.6563532352448
500	1995.6563532352448
501	2086.9444031715393
502	3250.4828593730927
503	3250.4828593730927
504	1744.3611533641815
505	1643.4764471054077
506	1757.62930560112
507	4752.654867172241
508	2892.1774220466614
509	3521.198098897934
510	4464.081043958664
511	5607.938452959061
512	7472.747891426086
513	7472.747891426086
514	10690.240234375
515	10690.240234375
516	9117.201283216476
517	9117.201283216476
518	9117.201283216476
519	11038.063343286514
520	11038.063343286514
521	11038.063343286514
522	11038.063343286514
523	11038.063343286514
524	4245.235052585602
525	4245.235052585602
526	4245.235052585602
527	6138.7115433216095
528	3349.123975753784
529	3349.123975753784
530	1949.9255774021149
531	1706.8467991352081
532	1574.295470714569
533	1825.8820238113403
534	2235.5975925922394
535	2374.3667316436768
536	9063.904137134552
537	2587.8425011634827
538	2517.1869473457336
539	3197.099000930786
540	3953.3151185512543
541	1453.0957562923431
542	1453.0957562923431
543	2353.3525907993317
544	2058.7665622234344
545	2018.0987663269043
546	28731.474804878235
547	3394.7744524478912
548	2671.121651649475
549	2671.121651649475
550	2671.121651649475
551	3037.402044057846
552	7961.474199056625
553	13368.914563655853
554	1998.6666538715363
555	2538.8520243167877
556	2153.037794828415
557	1728.8264899253845
558	2926.555813074112
559	1471.6385679244995
560	1352.3773119449615
561	2851.9870114326477
562	2449.6768450737
563	4123.267621517181
564	3470.9468870162964
565	1024.826447725296
566	1389.7756397724152
567	2906.0138182640076
568	1303.2017924785614
569	2138.9946978092194
570	2138.9946978092194
571	1610.9806513786316
572	6463.119352340698
573	4110.414307355881
574	0.0
575	0.4362640380859375
576	49527.26484656334
577	0.45054101943969727
578	0.45054101943969727
579	0.45054101943969727
580	37642.82503724098
581	2304.448591709137
582	43709.77740216255
583	0.438030481338501
584	0.438030481338501
585	0.438030481338501
586	2511.178172826767
587	2035.852970123291
588	45400.568907022476
589	45400.568907022476
590	5467.102404356003
591	53750.71355676651
592	0.44040989875793457
593	5989.265042066574
594	3337.356560230255
595	6810.919600248337
596	6810.919600248337
597	0.4420456886291504
598	0.4420456886291504
599	4686.978752374649
600	0.44002842903137207
601	0.44002842903137207
602	4090.485748767853
603	4335.400546073914
604	3700.0979900360107
605	3700.0979900360107
606	4094.6744589805603
607	2132.5806953907013
608	17983.993550539017
609	2404.600811481476
610	26120.53849339485
611	26120.53849339485
612	26120.53849339485
613	3434.320967912674
614	3434.320967912674
615	696.9112148284912
616	280.7215428352356
617	3469.285477876663
618	3469.285477876663
619	1718.345535993576
620	1718.345535993576
621	3451.2159905433655
622	1731.2500898838043
623	2882.0032935142517
624	0.4380810260772705
625	0.4380810260772705
626	3653.1272599697113
627	4824.037015676498
628	0.43337249755859375
629	2185.750195503235
630	0.43398284912109375
631	1797.3647377490997
632	0.43475794792175293
633	3322.830146789551
634	0.43468570709228516
635	0.43468570709228516
636	0.43468570709228516
637	2578.2483270168304
638	1949.9200139045715
639	17406.563875436783
640	6405.490011930466
641	17009.943468093872
642	17009.943468093872
643	2408.2817027568817
644	1495.0851559638977
645	1495.0851559638977
646	19677.680674552917
647	3318.6750135421753
648	8824.033307552338
649	1641.2963860034943
650	0.428302526473999
651	0.428302526473999
652	13192.409707784653
653	256.77467942237854
654	256.77467942237854
655	432.3116207122803
656	1777.08802652359
657	536.9171950817108
658	281.42825293540955
659	281.42825293540955
660	281.42825293540955
661	339.70950174331665
662	1889.452491760254
663	662.7619013786316
664	662.7619013786316
665	388.354909658432
666	1663.010894060135
667	1663.010894060135
668	14473.158235311508
669	1546.3990104198456
670	4490.133227109909
671	1090.5159287452698
672	2424.1976430416107
673	1988.1343686580658
674	1798.049482345581
675	0.4328036308288574
676	35002.700275182724
677	2969.9936146736145
678	0.43610048294067383
679	34456.344230890274
680	19388.953409194946
681	2316.3801515102386
682	2316.3801515102386
683	6575.771426439285
684	1259.33762550354
685	1259.33762550354
686	1516.6174545288086
687	14956.822418928146
688	1037.873083114624
689	0.43670201301574707
690	8148.602771759033
691	1568.310433626175
692	1568.310433626175
693	1568.310433626175
694	833.5542662143707
695	1616.4489574432373
696	4248.409895896912
697	4248.409895896912
698	1403.1538624763489
699	846.1030628681183
700	992.8425135612488
701	0.43320536613464355
702	0.43320536613464355
703	0.43557167053222656
704	805.7998094558716
705	1502.7627279758453
706	1366.9427156448364
707	3033.826085090637
708	1208.6033744812012
709	1208.6033744812012
710	941.934885263443
711	1895.2726168632507
712	1164.9440121650696
713	2361.738651752472
714	2785.509939432144
715	2601.8553216457367
716	2601.8553216457367
717	2601.8553216457367
718	2718.4188702106476
719	2718.4188702106476
720	1618.3854699134827
721	1924.8958985805511
722	1172.6982707977295
723	960.0170767307281
724	0.43567991256713867
725	0.4317588806152344
726	0.4317588806152344
727	1527.9110038280487
728	1599.355392217636
729	1824.895030260086
730	848.5781474113464
731	1504.8294034004211
732	1395.6801400184631
733	1395.6801400184631
734	1716.3445692062378
735	1614.4601783752441
736	0.0
737	1157.1889789104462
738	760.893970489502
739	759.511528968811
740	1281.4726059436798
741	2880.4030175209045
742	1680.8746962547302
743	830.2345094680786
744	941.4819617271423
745	1755.672396183014
746	6190.523719787598
747	1711.159096479416
748	3548.610655069351
749	1989.630068063736
750	1360.5038468837738
751	3700.1296968460083
752	2054.5400536060333
753	2054.5400536060333
754	1647.9767799377441
755	1731.508143901825
756	1796.4075391292572
757	1717.868403673172
758	3709.359595298767
759	1770.0075764656067
760	1770.0075764656067
761	1770.0075764656067
762	5368.758768558502
763	2001.9318702220917
764	10312.082130908966
765	3673.2643105983734
766	3673.2643105983734
767	1624.8014075756073
768	973.3465242385864
769	1181.008147239685
770	0.4360651969909668
771	1286.6081595420837
772	873.486494064331
773	1380.047649860382
774	1380.047649860382
775	0.43361616134643555
776	2079.325438261032
777	2079.325438261032
778	0.4317617416381836
779	2959.502677679062
780	1797.8314170837402
781	0.4331369400024414
782	13099.546493768692
783	0.4296858310699463
784	0.4296858310699463
785	1759.7455685138702
786	1759.7455685138702
787	1759.7455685138702
788	2062.4735708236694
789	2702.67716383934
790	2467.2944457530975
791	7638.660277605057
792	2524.51434469223
793	2069.3391728401184
794	2069.3391728401184
795	2487.7394104003906
796	1883.0319809913635
797	2396.0564794540405
798	1688.709038734436
799	1946.080708026886
800	4057.3405017852783
801	2322.113298177719
802	2208.65465593338
803	2446.8304669857025
804	4180.1231145858765
805	1491.5354390144348
806	1968.1865730285645
807	1381.9543330669403
808	2435.0240230560303
809	8742.353213787079
810	8742.353213787079
811	2545.6410763263702
812	2376.1624608039856
813	2393.3804638385773
814	2393.3804638385773
815	2972.2447516918182
816	1396.9089436531067
817	3113.3622131347656
818	1431.3831799030304
819	2312.039997816086
820	3436.366297006607
821	8632.31656742096
822	2373.8028721809387
823	2828.824556350708
824	3822.977647781372
825	1643.8776216506958
826	1822.8346858024597
827	1079.3820188045502
828	2258.9915556907654
829	2109.17747426033
830	1346.6118638515472
831	1531.377163887024
832	1531.377163887024
833	4097.65381860733
834	7733.235421657562
835	0.4284942150115967
836	1003.584799528122
837	23211.939645528793
838	3181.9906237125397
839	1761.9004156589508
840	3979.1315269470215
841	3028.2634761333466
842	0.4290146827697754
843	0.4267704486846924
844	3991.0470411777496
845	4367.151149749756
846	0.4306483268737793
847	2724.7096168994904
848	2612.6220602989197
849	0.43096351623535156
850	0.4314122200012207
851	0.4314122200012207
852	0.4314122200012207
853	0.4320099353790283
854	0.4309709072113037
855	0.43148136138916016
856	0.42808055877685547
857	4042.086900472641
858	4042.086900472641
859	0.43128180503845215
860	0.4338972568511963
861	0.4303126335144043
862	0.4254937171936035
863	0.4254937171936035
864	0.4254937171936035
865	0.4333491325378418
866	0.4333491325378418
867	0.43889331817626953
868	4874.592704772949
869	6562.802138328552
870	3872.12797665596
871	8859.947495222092
872	8859.947495222092
873	8346.761674404144
874	0.4309084415435791
875	5342.699739933014
876	0.4379081726074219
877	0.43373799324035645
878	7369.8366577625275
879	7404.938346624374
880	7404.938346624374
881	8765.807117700577
882	0.42325782775878906
883	2077.735127925873
884	2184.3597555160522
885	2184.3597555160522
886	2456.1405813694
887	2300.385162115097
888	3490.420556783676
889	5352.6367020606995
890	2242.815568447113
891	1271.2200977802277
892	2365.2872326374054
893	2365.2872326374054
894	3914.8852496147156
895	4134.042904376984
896	0.42065858840942383
897	0.42065858840942383
898	5338.98415184021
899	0.42024707794189453
900	0.4190490245819092
901	4557.554166555405
902	4557.554166555405
903	4513.843040704727
904	4513.843040704727
905	5463.467091560364
906	4604.44490981102
907	0.4201040267944336
908	0.4192194938659668
909	0.4180285930633545
910	6301.563498497009
911	4700.955332040787
912	4700.955332040787
913	3463.1525163650513
914	3000.6658885478973
915	6166.24455165863
916	0.4180567264556885
917	0.42308783531188965
918	0.425234317779541
919	3663.9147124290466
920	0.4254138469696045
921	0.42486572265625
922	0.42486572265625
923	0.4203643798828125
924	3984.035647392273
925	3984.035647392273
926	3697.8819591999054
927	3697.8819591999054
928	3697.8819591999054
929	3697.8819591999054
930	5290.398195266724
931	0.41701388359069824
932	6481.868787765503
933	6481.868787765503
934	0.42696356773376465
935	0.42696356773376465
936	4769.047127485275
937	4769.047127485275
938	4769.047127485275
939	4887.385234594345
940	2073.93315410614
941	0.4218931198120117
942	15168.21371293068
943	0.41742944717407227
944	0.4228506088256836
945	0.4208097457885742
946	0.4140963554382324
947	0.4215881824493408
948	0.41974472999572754
949	0.41974472999572754
950	1213.9567172527313
951	7793.201009273529
952	0.4228799343109131
953	2077.8260531425476
954	0.4177572727203369
955	1865.9291021823883
956	0.41535329818725586
957	2526.070939064026
958	3305.576853990555
959	4057.5413525104523
960	1624.1149394512177
961	1624.1149394512177
962	1405.237632036209
963	4417.504761695862
964	0.42156505584716797
965	1102.3386898040771
966	1205.5440163612366
967	1267.3852446079254
968	1982.0301492214203
969	2174.7356190681458
970	2192.7145421504974
971	3649.883295059204
972	3649.883295059204
973	2349.7302668094635
974	3739.7219824790955
975	3218.548689842224
976	1525.7598662376404
977	4755.719016075134
978	3024.610607147217
979	2984.1901528835297
980	6452.285169363022
981	2325.776009082794
982	13253.593596220016
983	2649.740973472595
984	2649.740973472595
985	1951.0026364326477
986	1129.492164850235
987	1592.2760963439941
988	2191.4012451171875
989	1208.1501252651215
990	1439.4570682048798
991	1875.1592252254486
992	2616.8641715049744
993	2498.9078285694122
994	2331.028035402298
995	2639.577300786972
996	0.42520618438720703
997	3055.16335439682
998	0.41233086585998535
999	12706.54736328125
1000	0.4160463809967041
1001	4192.078147649765
1002	4351.469664812088
1003	31190.875744581223
1004	31190.875744581223
1005	2303.2924115657806
1006	9840.466697454453
1007	9544.412656545639
1008	9544.412656545639
1009	9544.412656545639
1010	26307.049640655518
1011	16424.85222220421
1012	30265.27161717415
1013	20107.262600183487
1014	11657.254177093506
1015	11657.254177093506
1016	1.1380095481872559
1017	0.41164183616638184
1018	4807.07887005806
1019	7216.312728643417
1020	7216.312728643417
1021	9083.542302846909
1022	0.43788814544677734
1023	6273.03600692749
1024	6273.03600692749
1025	5717.819464445114
1026	5409.386550188065
1027	4715.539039611816
1028	0.4380202293395996
1029	1837.6530470848083
1030	1837.6530470848083
1031	40464.13813710213
1032	40293.129722595215
1033	826.9564507007599
1034	1970.0580444335938
1035	1886.4272694587708
1036	2980.3664729595184
1037	1732.4631505012512
1038	1732.4631505012512
1039	2005.4044466018677
1040	2050.527373790741
1041	0.4370112419128418
1042	1813.3062987327576
1043	0.44396519660949707
1044	1779.366686820984
1045	880.0901205539703
1046	839.048889875412
1047	814.9551029205322
1048	827.1518115997314
1049	2019.863040447235
1050	3425.3775386810303
1051	3425.3775386810303
1052	0.4395937919616699
1053	0.4394371509552002
1054	2634.3210833072662
1055	0.4347715377807617
1056	1686.045078754425
1057	1630.348164319992
1058	1141.8055210113525
1059	979.831723690033
1060	965.6854474544525
1061	558.3898639678955
1062	653.3190183639526
1063	2550.029999256134
1064	2927.0094475746155
1065	3918.9784212112427
1066	11254.82591342926
1067	1540.6128385066986
1068	0.4378488063812256
1069	0.4395897388458252
1070	2072.4374265670776
1071	11375.860902309418
1072	11503.022100925446
1073	11503.022100925446
1074	772.0407865047455
1075	1627.6413171291351
1076	1627.6413171291351
1077	1627.6413171291351
1078	545.1250491142273
1079	265.392258644104
1080	467.256409406662
1081	398.3965287208557
1082	417.70615673065186
1083	144.57866835594177
1084	822.2681264877319
1085	260.40662455558777
1086	194.57151126861572
1087	194.57151126861572
1088	353.8288633823395
1089	568.1344740390778
1090	399.4551839828491
1091	208.98373079299927
1092	128.11174249649048
1093	656.5197217464447
1094	544.047000169754
1095	867.1379189491272
1096	470.3039059638977
1097	470.3039059638977
1098	1320.556806564331
1099	527.2283911705017
1100	772.7557725906372
1101	589.1673231124878
1102	659.9006748199463
1103	785.5931396484375
1104	758.9435029029846
1105	770.2215683460236
1106	721.3737807273865
1107	511.7521996498108
1108	1013.4030296802521
1109	387.8875935077667
1110	742.6351113319397
1111	549.8566527366638
1112	280.1500597000122
1113	53.5931556224823
1114	390.49541687965393
1115	803.238254070282
1116	438.8029103279114
1117	265.69158244132996
1118	475.9834909439087
1119	404.1150813102722
1120	249.27428650856018
1121	286.1024136543274
1122	448.9213716983795
1123	415.088538646698
1124	506.8225517272949
1125	205.01696300506592
1126	295.01853919029236
1127	190.9073781967163
1128	211.51118326187134
1129	226.64343643188477
1130	349.62669682502747
1131	319.54180574417114
1132	181.28148865699768
1133	181.28148865699768
1134	179.21569657325745
1135	148.19969296455383
1136	237.8199896812439
1137	258.6465907096863
1138	455.4863905906677
1139	335.32637333869934
1140	131.59883069992065
1141	382.5812442302704
1142	301.64794063568115
1143	283.9040718078613
1144	446.36890602111816
1145	311.10171127319336
1146	156.11755895614624
1147	265.046160697937
1148	291.0221519470215
1149	213.14597821235657
1150	324.3198068141937
1151	149.36863946914673
1152	208.73043012619019
1153	157.70382237434387
1154	179.18632102012634
1155	311.6747920513153
1156	315.39083671569824
1157	456.6926543712616
1158	289.002014875412
1159	317.40978240966797
1160	358.99426770210266
1161	306.16620779037476
1162	322.225789308548
1163	391.59495282173157
1164	322.9657075405121
1165	410.0587899684906
1166	1033.0379660129547
1167	600.7782094478607
1168	195.91766834259033
1169	409.7103862762451
1170	447.76322412490845
1171	340.4169545173645
1172	330.07309007644653
1173	541.5278949737549
1174	341.82317876815796
1175	306.8016300201416
1176	633.2740590572357
1177	380.0425126552582
1178	547.1620707511902
1179	329.32492566108704
1180	971.0107872486115
1181	148.23338198661804
1182	236.75430488586426
1183	487.43603515625
1184	428.76114416122437
1185	464.7308132648468
1186	541.4145040512085
1187	497.28818941116333
1188	1103.6324405670166
1189	0.42690300941467285
1190	852.9641184806824
1191	1012.5681762695312
1192	443.9864675998688
1193	699.2495708465576
1194	319.9841721057892
1195	549.8934650421143
1196	1901.9070925712585
1197	627.8782353401184
1198	1579.4843735694885
1199	1477.7677471637726
1200	594.5613329410553
1201	849.5081119537354
1202	437.7239451408386
1203	366.3989179134369
1204	2362.7559192180634
1205	419.783234834671
1206	1006.8583362102509
1207	942.6130540370941
1208	1107.0940039157867
1209	976.698557138443
1210	1641.712550163269
1211	1059.5448200702667
1212	1903.4291179180145
1213	0.42867469787597656
1214	1039.6715185642242
1215	1186.061930179596
1216	0.42793965339660645
1217	1093.417496919632
1218	1093.417496919632
1219	1093.417496919632
1220	0.430908203125
1221	1213.4257674217224
1222	1213.4257674217224
1223	6157.45582652092
1224	1715.7527213096619
1225	39903.793374061584
1226	39903.793374061584
1227	2291.3140115737915
1228	2485.859370946884
1229	10187.039917469025
1230	6892.953300237656
1231	6892.953300237656
1232	33602.97343969345
1233	2434.027097940445
1234	1673.9604558944702
1235	1673.9604558944702
1236	1673.9604558944702
1237	2019.3635807037354
1238	1471.0633993148804
1239	1471.0633993148804
1240	1415.640278339386
1241	14287.730808973312
1242	16884.11673617363
1243	936.1885266304016
1244	4508.309348344803
1245	1749.159283399582
1246	1749.159283399582
1247	1749.159283399582
1248	0.4197511672973633
1249	928.7795915603638
1250	928.7795915603638
1251	378.53211760520935
1252	1784.2390313148499
1253	97.22876024246216
1254	97.22876024246216
1255	0.42395782470703125
1256	865.9700860977173
1257	0.41935253143310547
1258	2436.6469616889954
1259	258.76619124412537
1260	8492.17694735527
1261	502.6277334690094
1262	64.31203603744507
1263	336.6381621360779
1264	1367.7078490257263
1265	1367.7078490257263
1266	246.13732528686523
1267	13236.527169704437
1268	18672.67689180374
1269	455.6267321109772
1270	0.4232487678527832
1271	152.0787010192871
1272	30.25321102142334
1273	435.5806384086609
1274	818.6148300170898
1275	5159.94374871254
1276	5159.94374871254
1277	730.518581867218
1278	1812.4675312042236
1279	1271.8302001953125
1280	1280.017323732376
1281	1102.2473993301392
1282	948.1320073604584
1283	877.5339345932007
1284	1014.3368690013885
1285	695.4380202293396
1286	2194.5398392677307
1287	988.0116999149323
1288	983.3601212501526
1289	2525.1224069595337
1290	2052.0425283908844
1291	2023.2131412029266
1292	1542.3933198451996
1293	1181.5736105442047
1294	1580.0112228393555
1295	1091.5066463947296
1296	1225.6143321990967
1297	914.8885118961334
1298	7688.4535937309265
1299	0.4229247570037842
1300	2322.64715218544
1301	1726.5743219852448
1302	1253.7254962921143
1303	1300.9438524246216
1304	1354.200299501419
1305	1001.0606563091278
1306	1640.8177208900452
1307	1028.0786197185516
1308	1701.165477514267
1309	58089.44723582268
1310	2145.2460765838623
1311	1178.5146465301514
1312	1178.5146465301514
1313	2106.461100578308
1314	0.4264545440673828
1315	1433.3984270095825
1316	1867.0820055007935
1317	2500.9360485076904
1318	2500.9360485076904
1319	2500.9360485076904
1320	1500.5522668361664
1321	3808.917065382004
1322	3445.813299179077
1323	13335.860948324203
1324	1298.2393431663513
1325	3552.3182549476624
1326	0.42175912857055664
1327	2123.953820705414
1328	1934.3195052146912
1329	2004.486510515213
1330	1052.0838923454285
1331	5123.105804443359
1332	1427.4937524795532
1333	1257.2147071361542
1334	1934.3875341415405
1335	2776.0649769306183
1336	2776.0649769306183
1337	5042.1501121521
1338	3366.8485374450684
1339	2732.5225446224213
1340	3690.597849369049
1341	2237.1191849708557
1342	1398.5039348602295
1343	2166.4865827560425
1344	2222.3317699432373
1345	934.5950479507446
1346	934.5950479507446
1347	2776.223908185959
1348	1922.3129680156708
1349	1620.0482621192932
1350	0.41754937171936035
1351	1046.2170162200928
1352	2079.495449781418
1353	1879.8154544830322
1354	1320.6587579250336
1355	4195.622716665268
1356	0.41765308380126953
1357	3041.105854511261
1358	0.4174234867095947
1359	2472.5735051631927
1360	2472.5735051631927
1361	3410.320043563843
1362	0.4164104461669922
1363	2127.785078048706
1364	7820.96821475029
1365	2988.6646690368652
1366	1631.3356821537018
1367	3136.306443452835
1368	0.41657209396362305
1369	2742.2551436424255
1370	6560.634315252304
1371	2580.4994316101074
1372	4580.2926433086395
1373	4828.55557179451
1374	2342.5456206798553
1375	2342.5456206798553
1376	0.42371082305908203
1377	1536.4515416622162
1378	0.42100977897644043
1379	0.4205160140991211
1380	0.41931986808776855
1381	0.41931986808776855
1382	2641.5380494594574
1383	1430.8924021720886
1384	2647.084248781204
1385	2647.084248781204
1386	2232.8883917331696
1387	1973.379231929779
1388	3136.5886418819427
1389	3205.7807066440582
1390	3648.222985982895
1391	5594.752068758011
1392	5594.752068758011
1393	3179.9839022159576
1394	3179.9839022159576
1395	2192.294070005417
1396	5028.624074935913
1397	5486.479854345322
1398	3689.687203645706
1399	3689.687203645706
1400	3689.687203645706
1401	4381.443088293076
1402	2873.286988258362
1403	3831.4961750507355
1404	4102.646270513535
1405	3535.6150789260864
1406	2917.2930405139923
1407	2917.2930405139923
1408	4964.972332715988
1409	16798.262986660004
1410	10200.83295917511
1411	10912.326255559921
1412	5969.906708717346
1413	6548.616282939911
1414	0.4178280830383301
1415	7452.928645133972
1416	6481.944694519043
1417	9172.022845029831
1418	5621.412570714951
1419	4218.295906305313
1420	9189.864390850067
1421	13009.847168445587
1422	3175.3691082000732
1423	3175.3691082000732
1424	12250.680228710175
1425	12250.680228710175
1426	4354.754904747009
1427	4354.754904747009
1428	11744.031912088394
1429	10716.29305768013
1430	10716.29305768013
1431	4326.788853645325
1432	3229.251877307892
1433	3229.251877307892
1434	9426.390106916428
1435	2825.4763128757477
1436	12659.524063825607
1437	12659.524063825607
1438	5009.337589740753
1439	2205.4240803718567
1440	3479.3560588359833
1441	1850.7788643836975
1442	4710.458518266678
1443	1801.472214460373
1444	1298.956493139267
1445	803.9744906425476
1446	2367.466680288315
1447	1933.0602974891663
1448	1950.1742715835571
1449	1320.204344511032
1450	1320.204344511032
1451	1320.204344511032
1452	1320.204344511032
1453	1682.4278569221497
1454	1340.2434327602386
1455	3305.640147447586
1456	1381.8754878044128
1457	1522.1060395240784
1458	1361.3940443992615
1459	1235.7717485427856
1460	3258.82848238945
1461	1244.8782160282135
1462	2048.0989224910736
1463	973.020824432373
1464	1962.6276860237122
1465	2434.30623960495
1466	4219.6986610889435
1467	2435.8228216171265
1468	2435.8228216171265
1469	2552.3811423778534
1470	3869.268889904022
1471	19195.965510606766
1472	19195.965510606766
1473	3156.9988355636597
1474	1993.820955991745
1475	7684.747871875763
1476	1717.5231232643127
1477	2228.869777917862
1478	2159.043986082077
1479	0.41065406799316406
1480	0.0
1481	0.0
1482	0.43872618675231934
1483	0.43872618675231934
1484	0.43021321296691895
1485	2940.5920057296753
1486	21183.0855615139
1487	3684.7044541835785
1488	7559.792530298233
1489	7559.792530298233
1490	6548.239246845245
1491	0.43106675148010254
1492	9599.592999458313
1493	7196.775337934494
1494	4517.290488958359
1495	4957.22509765625
1496	0.43443775177001953
1497	0.43408870697021484
1498	0.43408870697021484
1499	5942.204462051392
1500	0.43555283546447754
1501	8996.608952999115
1502	13614.513206720352
1503	0.43252134323120117
1504	0.432039737701416
1505	0.4319920539855957
1506	0.4319920539855957
1507	2975.946276664734
1508	4434.318302631378
1509	6277.055558681488
1510	4995.227840423584
1511	2300.2617089748383
1512	0.4328951835632324
1513	0.4328951835632324
1514	4864.461477994919
1515	0.43324756622314453
1516	3991.51655626297
1517	1577.2422189712524
1518	1985.424275636673
1519	9046.788665294647
1520	0.43346738815307617
1521	0.43346738815307617
1522	1249.0491933822632
1523	1893.3293974399567
1524	1893.3293974399567
1525	1893.3293974399567
1526	1893.3293974399567
1527	1893.3293974399567
1528	1893.3293974399567
1529	1893.3293974399567
1530	39079.93187689781
1531	5267.59272480011
1532	7096.488876819611
1533	7729.873334169388
1534	0.43120813369750977
1535	13267.391395807266
1536	13267.391395807266
1537	0.44464969635009766
1538	3863.289259672165
1539	0.43248939514160156
1540	79168.11917114258
1541	5348.053668022156
1542	5348.053668022156
1543	5348.053668022156
1544	4681.661448717117
1545	0.4352684020996094
1546	0.43129706382751465
1547	0.0
1548	1.1303529739379883
1549	1.1303529739379883
1550	1.1398191452026367
1551	1.1316328048706055
1552	1.1316328048706055
1553	166950.65278863907
1554	1.1357638835906982
1555	13995.611120700836
1556	1.123861312866211
1557	16396.682723283768
1558	16396.682723283768
1559	10446.54576420784
1560	5215.877327680588
1561	7217.036692142487
1562	5061.121718168259
1563	1.1309075355529785
1564	6730.048869132996
1565	3068.1481404304504
1566	5718.418405294418
1567	1.1225264072418213
1568	5565.666357517242
1569	27300.1116437912
1570	14640.747240304947
1571	4486.461149692535
1572	21823.432641506195
1573	21823.432641506195
1574	4188.371052742004
1575	2939.6707940101624
1576	5413.630170583725
1577	3638.766272544861
1578	2681.4616482257843
1579	3056.71625828743
1580	2338.583915710449
1581	5463.13992524147
1582	5463.13992524147
1583	5001.188154697418
1584	4721.0572011470795
1585	4279.500014305115
1586	2788.2283520698547
1587	4063.200751543045
1588	2827.0594379901886
1589	4414.364018917084
1590	3059.7721226215363
1591	9052.51758480072
1592	5055.525579214096
1593	1.144780158996582
1594	1.1465556621551514
1595	1.1465556621551514
1596	4485.4706292152405
1597	4485.4706292152405
1598	1.1411118507385254
1599	1.1394779682159424
1600	1.1373627185821533
1601	1.1362736225128174
1602	1.880462646484375
1603	1.14005446434021
1604	3596.272408246994
1605	2263.530101299286
1606	2263.530101299286
1607	6443.544329881668
1608	11578.736766576767
1609	11578.736766576767
1610	11578.736766576767
1611	11578.736766576767
1612	11578.736766576767
1613	2272.9846951961517
1614	1.1464121341705322
1615	1.1460983753204346
1616	1.1464862823486328
1617	1.1464862823486328
1618	1.1467669010162354
1619	1.2689354419708252
1620	1.1454555988311768
1621	6158.935592889786
1622	109650.10761499405
1623	7462.014746189117
1624	6764.287753820419
1625	4888.037770986557
1626	6272.306730270386
1627	33067.6109457016
1628	12688.2979991436
1629	12688.2979991436
1630	20831.100331544876
1631	4975.445065975189
1632	4975.445065975189
1633	4211.068093061447
1634	4486.744098901749
1635	3836.1220710277557
1636	3501.871259689331
1637	2755.388654232025
1638	13154.504516363144
1639	2730.8470182418823
1640	2618.0246670246124
1641	3514.404590368271
1642	3548.5542562007904
