Iteration_step	Porb	eccentricity	Wdisk	logQ	primary_mass	age	feh	secondary_mass	posterior_probability	acceptance_ratio	inital_orbital_period	initial_eccentricity	current_orbital_period	current_eccentricity	current_spin	delta_e	delta_p	bad_solution_flag	gsl_flag	
1	11.028	0.0405	4.1	8.598859885988599	1.0803563623748549	4.45798515468177	-0.21523052437085785	0.8926984622303427	8.528959963133916	0.0	11.036312325494468	0.04058504652271419	11.028000000141962	0.04050000001529142	13.290665069900115	1.4196110953434982e-10	1.529142090728186e-11	False	False
3	11.027960941995564	0.03987284670716012	3.641276075372618	8.73731868422136	1.1648712231758405	4.020148014959703	0.11847268376487499	0.962533091710197	5.210019415822966	0.6108622198184848	11.033486876014894	0.03993315335168186	11.027960942012356	0.03987284670814715	14.225408844312721	1.6791901202850568e-11	9.870299022551876e-13	False	False
12	11.028004536640587	0.04903021050503428	2.7599535582031294	8.893144265630864	1.1898520686589689	4.077921657113228	0.08237920392665102	0.983174764332906	2.0994887513994556	0.4029713872127334	11.032753988745156	0.04909425547149731	11.028004536631995	0.04903021050430585	14.584235761678617	-8.592238032179011e-12	-7.28431204244373e-13	False	False
34	11.027959969439983	0.034344577175123875	2.616264581190977	8.885947904335213	1.1809559704878392	3.719135603743218	-0.025351174391978447	0.9758239184141015	5.052676568367029	2.406622357466344	11.031309812156461	0.034383050870463665	11.027959969417795	0.0343445771712206	13.96926382640542	-2.218847328094853e-11	-3.903273537719798e-12	False	False
36	11.027958814071676	0.02775449248546956	2.046794597126583	8.836722003380354	1.1955881035150158	3.181458836913624	0.0211615034913106	0.9879144499344575	3.2144880604817523	0.6361950971899712	11.03009769074838	0.027780692127138462	11.027958814070905	0.02775449248542195	13.554810653820851	-7.709388682997087e-13	-4.7607751074707494e-14	False	False
72	11.027934889498225	0.03533246685065627	2.5858067995855403	8.618682459207164	1.1116640478107187	3.7134973726868665	-0.16292789183220557	0.9185680027059969	1.0887067185098251	0.338687435767505	11.033351526181585	0.03538952490929096	11.027934889481983	0.035332466829678805	13.274063294391027	-1.624123058263649e-11	-2.097746282236912e-11	False	False
106	11.027939070875806	0.030103856142285106	2.970453482504866	9.212561296961114	1.1720162798034013	3.5700086420879176	-0.13593306188757248	0.9684370520015505	1.250280083379187	1.1484085310785226	11.02855795548701	0.0301171830752353	11.027939070842995	0.03010385619995107	13.975943646430308	-3.2811087180562026e-11	5.7665965752518034e-11	False	False
112	11.02792909320312	0.038589502267805595	2.6829671137985818	8.953706659801625	1.173985440160015	3.819809942726951	-0.04631474339852758	0.9700641692042203	0.27155297603424516	0.21719371494769957	11.031013037654589	0.03862792615265354	11.027929093158251	0.03858950226643101	14.561956485751919	-4.4868997406410926e-11	-1.374587943470118e-12	False	False
120	11.027983119160323	0.04615120075626105	2.3763613900480616	8.603583324862075	1.156333333577974	4.31104402397024	0.03895913253008828	0.9554782335354799	0.15775814883502098	0.5809479650671415	11.037800957365732	0.04626610028473208	11.027983119567114	0.046151200937740035	12.342329946102826	4.0679104529317556e-10	1.8147898461773337e-10	False	False
135	11.02794167664072	0.04996255039844161	2.2040508566466923	8.854814007508748	1.1871316347692822	3.1336174071647505	-0.048295618878541766	0.9809268698098579	0.8085638370084905	5.125338012517273	11.029349019110608	0.049986354041184684	11.027941743002902	0.04994405692955691	13.074521504456898	6.636218152777928e-08	-1.849346888469633e-05	False	False
142	11.027940674148022	0.05733372839180463	2.1901787036326934	8.681535171672284	1.083054454280748	2.2319535053826876	-0.12326882631174901	0.8949278955721822	0.2485445469087754	0.30739013486966704	11.028638086309309	0.05736136461148352	11.027940674146711	0.057333728389649855	14.429359691840222	-1.3109513474773848e-12	-2.154776357343735e-12	False	False
147	11.027977256772385	0.05922201173909738	2.543425662204894	8.451006218185071	1.075708954973166	2.4052437295073648	-0.015220142138474085	0.8888583094943271	2.228091383081744	8.96455549233809	11.03015412807484	0.05927592966843446	11.02797725676947	0.05922201173930402	13.891589521605656	-2.915001573455811e-12	2.0664026045835726e-13	False	False
149	11.027958823319205	0.044150661882839747	2.6924482864463926	8.464938232441794	1.0299342945173955	1.4571510832907226	-0.15634197464009827	0.8510347075597239	1.8059215003459919	0.8105239821214892	11.027353980529764	0.04416285281797046	11.027958822447342	0.044150661880384905	12.888435202582935	-8.718625821302339e-10	-2.4548418853242993e-12	False	False
154	11.027943671732723	0.032552221140720844	3.264053540157711	8.67203522455093	1.0280711219644716	1.9104942107275478	-0.2739049706104997	0.8494951680792429	1.2436350470502988	0.6886429154379268	11.027989738852401	0.032561518650219674	11.027943671807378	0.03255222115477488	14.353392069879147	7.465494888947433e-11	1.40540357129737e-11	False	False
162	11.027997277991986	0.0352554332457057	2.606965248910012	8.686975445957518	1.0614887880068993	2.066316237121331	-0.32888882910957107	0.877108185530101	6.9490682408138635	5.587706986302718	11.027574216047821	0.03526674156262038	11.027997277989538	0.03525543324692193	13.10105535439957	-2.447819724693545e-12	1.2162285067951473e-12	False	False
168	11.027977672786687	0.03819021810688432	3.847041856952888	9.01683799427449	1.1424218001244115	2.2512588109978653	-0.032648458314160494	0.9439831334428013	11.618637999775993	1.6719706293192536	11.027884773458146	0.03819906939123312	11.027977672775476	0.038190218105424806	13.979024292556677	-1.121058801345498e-11	-1.4595130659600386e-12	False	False
171	11.027974353273864	0.03785325061481263	3.418743315606699	9.267572118587532	1.0734594224454568	2.3785030010626578	-0.34250392920370387	0.886999520766681	12.863524250363177	1.1071456267603126	11.02779987790307	0.037857151213068055	11.027974353244694	0.03785325061731309	13.765914352583819	-2.916955565979151e-11	2.5004581738485854e-12	False	False
177	11.028021380055083	0.02732243422930823	3.590896987818599	8.90274636001245	1.169844344543697	2.634251264298447	-0.015304542948105002	0.9666423818964569	5.670593750619505	0.44082738449063885	11.028321825720152	0.0273349628149385	11.028021380077687	0.02732243423186089	13.789038094604173	2.2604140781368187e-11	2.5526594726876795e-12	False	False
200	11.028013727371068	0.026302241304597004	3.2219916648392446	8.801153739107365	1.1757577649146995	2.2545960767117186	0.038444782671070765	0.9715286411490163	2.654175928647834	0.4680596151607349	11.027808050853789	0.026313410105734108	11.028013727369514	0.02630224130447526	13.086508119980168	-1.5543122344752192e-12	-1.2174289354405232e-13	False	False
212	11.027957070482776	0.04434642828384119	3.1690859642396503	8.846814563051993	1.0895091579890988	2.045351490217804	-0.02543165678222193	0.9002614172463923	1.2164728838798098	0.45832413396181315	11.02811235622165	0.0443582935563377	11.0279570704824	0.04434642828390338	14.600370292485515	-3.765876499528531e-13	6.219330606072049e-14	False	False
213	11.027968406943229	0.036243612900167865	3.887487503124519	8.379545619826189	1.0232112502273452	1.8856180707768795	-0.2140372137907479	0.8454794560628554	10.107732999423936	8.309049164488078	11.028331711837323	0.03626346325386933	11.027968406933082	0.03624361289973252	13.603481473103724	-1.014655026665423e-11	-4.353462035311395e-13	False	False
246	11.027933198951024	0.03619234079674805	4.449012643709952	8.31095950801883	1.0156457802050312	1.5911593355243023	-0.16608092926395301	0.8392281081834173	0.6763406628297608	0.06691319041255908	11.027539877685154	0.03620799114517042	11.027933198608647	0.036192340796817525	12.983016367655253	-3.423767935828437e-10	6.947220576591917e-14	False	False
259	11.027966727258688	0.04657089226056291	4.384033895575236	9.037468098521362	1.130315132562232	1.945238855287303	-0.026515117759710827	0.9339793940361724	6.412403993829408	9.48102686448035	11.02762814444509	0.04657782582117405	11.027966727263738	0.04657089226005069	13.298788440940463	5.050182494414912e-12	-5.122152701986238e-13	False	False
263	11.027982201105962	0.025427731341149628	3.175671962582697	8.587014105333084	1.1082114078657415	2.554461093424167	-0.05208680740492222	0.9157150863194622	4.202808444734699	0.6554185370695638	11.02953210956021	0.025447900480726468	11.027982201114522	0.02542773134139345	13.896339446315311	8.560263609069807e-12	2.4382232344244414e-13	False	False
272	11.02800350502675	0.035547632873282935	3.484362249400146	8.76606911895854	1.1927899099233905	3.5589603978309765	0.0008735224170051126	0.9856023025696976	1.8361885312132025	0.4368956033467548	11.03154923372246	0.03559560518814575	11.028003505027202	0.035547632874887894	12.78060644522282	4.5297099404706387e-13	1.604959221079838e-12	False	False
275	11.028027313216045	0.03387196558382674	2.7647078276852666	9.220565087907731	1.1602748226251685	4.053542046734959	-0.2155224371209263	0.9587350859351768	5.629683457155453	3.0659615619294938	11.028709209389232	0.033891836849052205	11.02802733459781	0.03387197876969322	13.363368110960772	2.1381765691330656e-08	1.3185866482023911e-08	False	False
280	11.028022988320522	0.026457314144793423	3.6752287063566635	9.453170103206578	1.1720162798034013	3.5700086420879176	-0.13593306188757248	0.9684370520015505	1.4342598883358175	0.2547674126354016	11.028264271116392	0.026463713951810377	11.028022988327994	0.02645731414452198	14.378779934681797	7.471356866517453e-12	-2.7144259062694687e-13	False	False
367	11.028018180702224	0.023449786750194827	3.6609964237291654	9.26990617335129	1.1737912373070671	2.4482607918425394	0.019014927590187858	0.9699036993868296	0.9780691837337759	0.6819330246128803	11.027997915619373	0.023453721455656513	11.028018180699279	0.023449786750212195	14.471293533296821	-2.9451996397256153e-12	1.7368051441479793e-14	False	False
371	11.028007784954767	0.028965940237746485	3.303779200120519	10.068106572879616	1.1424218001244115	2.2512588109978653	-0.032648458314160494	0.9439831334428013	0.2898959652026427	0.29639617526437734	11.027996854544941	0.028966547921928994	11.028007784952507	0.028965940237823014	14.930666443568484	-2.2595258997171186e-12	7.652906086619282e-14	False	False
375	11.027975434250934	0.03160574454545857	3.470480822936407	10.497317161153088	1.1168265953515484	2.556104827849183	-0.2475283850337493	0.9228338157389845	7.066125452847503	24.374694031730137	11.027955575974344	0.031605983650184355	11.027975434245922	0.03160574454549364	13.470780526088832	-5.0111026439481066e-12	3.506916979034713e-14	False	False
395	11.027954354497638	0.04278804568169492	3.6100713369716946	9.856570334013472	1.1705610126302848	2.071739844843262	0.04281187715444046	0.9672345647364043	7.736962443569683	1.0949370337674724	11.02788781501104	0.0427892951635318	11.027954354498634	0.042788045681719795	13.715634547717375	9.965361869035405e-13	2.4875934645507414e-14	False	False
401	11.027989959181859	0.043690068089788904	3.618501707555243	10.662277951581157	1.1032302410666108	2.000547404496389	-0.20138739489648347	0.9115991481933405	5.512959952094937	0.7125483666625329	11.027976804656538	0.043690201265252485	11.027989959183593	0.04369006808989339	13.039114267228584	1.7337242752546445e-12	1.0448586440503504e-13	False	False
405	11.028026535052147	0.04645597044784868	3.524338581951182	10.749191687853358	1.0993122643772126	2.066885291141408	-0.1539923590997016	0.9083617240548908	3.069986944583611	0.556867267540554	11.028022181260612	0.04645611592224467	11.02802653505004	0.04645597044788885	14.438321189854774	-2.106759211528697e-12	4.0169256809718945e-14	False	False
406	11.028046161156707	0.045515441311382375	4.096510351327564	11.269853971965704	1.0591374841405903	2.186594457436655	-0.3563252457504319	0.8751653031453698	6.310340103928742	2.0554941170229073	11.028044073696408	0.0455154771917893	11.028046161151511	0.04551544131138427	13.808619626734439	-5.195843755245733e-12	1.8943180357666733e-15	False	False
445	11.028045266345206	0.059437686749247695	3.902611570834832	10.992553072740193	1.0965785282830154	2.5720094863977634	-0.28668194570278926	0.9061028379202557	0.6325960409106652	0.10024753507609178	11.028041793954117	0.0594378307093068	11.028045266345027	0.0594376867492226	14.190121572531979	-1.794120407794253e-13	-2.5097979250432445e-14	False	False
458	11.028027389839039	0.056848296268788484	4.225816614187441	11.238503126775074	1.0614887880068993	2.066316237121331	-0.32888882910957107	0.877108185530101	3.284369218437184	5.191890252283448	11.028024974296727	0.056848339651876884	11.028027389838556	0.0568482962687612	13.531430230868283	-4.831690603168681e-13	-2.7283730830163222e-14	False	False
472	11.028025245618128	0.062386996115192606	3.9041867790474507	10.893772226959923	1.070097748980342	1.6803251687382663	-0.15868895180830778	0.8842217699824567	1.0414110067734392	0.3170809788763574	11.02802066541551	0.06238707861905173	11.028025245617659	0.06238699611518222	13.418558454721973	-4.689582056016661e-13	-1.0387524174149121e-14	False	False
498	11.028013283511378	0.07256853228933922	3.8563705318759745	11.246868006069764	1.1705610126302848	2.071739844843262	0.04281187715444046	0.9672345647364043	0.11016729616699932	0.10578656788766436	11.028010678223733	0.07256861995528835	11.028013283511322	0.07256853228933453	13.734719913689888	-5.5067062021407764e-14	-4.690692279041286e-15	False	False
509	11.028060884713778	0.05490934739541392	4.241058456377541	11.547670988229337	1.1342309453465826	2.3679508530938116	-0.18331692026226284	0.9372150301398813	0.11587076803124331	1.0517710070291484	11.028058333114757	0.05490937784248052	11.028060884714122	0.054909347395417876	12.73444502300786	3.446132268436486e-13	3.95516952522712e-15	False	False
547	11.028058210036955	0.04774334389857187	3.412744124734247	11.633075327995746	1.0923932823597469	1.940667180766099	-0.05948744288824862	0.9026445692138588	0.10855222945718138	0.9368387842903694	11.028057948507367	0.04774336220130663	11.028058210036967	0.04774334389857307	14.915114718014864	1.2434497875801753e-14	1.2004286453759505e-15	False	False
563	11.028003865767065	0.03880797743678997	3.7480611535503088	11.22056641768855	1.1879575742266921	2.0374017127968087	0.02809973108635927	0.9816093435835157	1.5820811007811408	14.574376857042772	11.027997969082497	0.03880801977156461	11.028003865767221	0.03880797743679302	12.666781349406211	1.5631940186722204e-13	3.0461744238152733e-15	False	False
565	11.02796483531194	0.047514821861741906	3.2933242242158998	11.583472268375852	1.130315132562232	1.945238855287303	-0.026515117759710827	0.9339793940361724	7.006235738533903	4.428493416092655	11.027963917236177	0.04751484333405275	11.027964835311941	0.047514821861746256	13.997206644532412	1.7763568394002505e-15	4.350686477749832e-15	False	False
598	11.027974246698797	0.04639579207052124	3.8345252350684302	10.51861550659709	1.0440110717854532	1.6429806213625735	-0.2090937930140009	0.86266634861632	11.72398907082501	1.673364914963356	11.027965914724899	0.046395924691375524	11.027974246702401	0.04639579207050293	13.771817890179769	3.604228027143108e-12	-1.8311741012411176e-14	False	False
615	11.027961287777813	0.0474757222153253	3.0616830768026597	10.304388381819365	1.0597189331225123	1.9165852419831382	-0.29963990976407584	0.875645754439132	7.438466511924768	0.6344654935268826	11.027945083291822	0.04747602351070988	11.027961287778858	0.04747572221537193	13.781089720761045	1.0444978215673473e-12	4.6629367034256575e-14	False	False
618	11.027943310868272	0.05004328655066669	2.7417304775527462	10.451037807149941	1.1506643521379083	2.0411446094339496	-0.06447908321379121	0.9507939541715537	1.992104803793532	0.2678112216543484	11.02792260709921	0.05004362588689709	11.02794331087042	0.050043286550637486	13.36599772579793	2.147615418834903e-12	-2.9205804441545524e-14	False	False
639	11.027947235352686	0.046812544948197185	2.2462346885635176	10.192592085899893	1.0877973492875284	1.686014531790135	-0.06127768182901086	0.8988469497162848	3.793729289764964	1.9043823811581742	11.027929880011206	0.046812920445110526	11.027947235352336	0.04681254494816551	13.986873441316837	-3.4994229736184934e-13	-3.16760506713365e-14	False	False
656	11.027995568720918	0.04899844889579389	1.7618186652236663	9.511813825873542	1.1352078382484878	2.337804131790102	-0.22141800397065958	0.9380222367447255	0.7538069346839223	0.19869813502971995	11.027759192242963	0.04900205370588986	11.027995568819668	0.048998448896636515	12.630338803273583	9.874945305909932e-11	8.426245812209743e-13	False	False
670	11.028009610877318	0.06080859430475497	1.7251929435384636	9.420515422484556	1.0597189331225123	1.9165852419831382	-0.29963990976407584	0.875645754439132	1.098815498719313	1.4576882331018297	11.027957036021025	0.06081212806295758	11.028009610889704	0.06080859430391899	14.28072823898994	1.2386536241137946e-11	-8.359840597549351e-13	False	False
683	11.02802376175719	0.05872725230312615	2.093930413096686	8.603320273170864	1.1424218001244115	2.2512588109978653	-0.032648458314160494	0.9439831334428013	0.546425196089732	0.4972856650880873	11.028550225969548	0.05876753787832361	11.028023761746873	0.05872725230131821	12.891085593920868	-1.0317080523236655e-11	-1.8079426844508362e-12	False	False
705	11.028021163516847	0.03835688054694232	1.3745660528051258	8.673321442062221	1.0851232827146724	3.3030843334141946	-0.3324595556204669	0.8966373685071338	12.189878182620106	22.30841159934054	11.030833848735867	0.03839866612938674	11.028021163521688	0.03835688054658699	13.714946773631848	4.8405723873656825e-12	-3.5533381792518526e-13	False	False
