Iteration_step	Porb	eccentricity	Wdisk	logQ	primary_mass	age	feh	secondary_mass	posterior_probability	acceptance_ratio	inital_orbital_period	initial_eccentricity	current_orbital_period	current_eccentricity	current_spin	delta_e	delta_p	bad_solution_flag	gsl_flag	
1	17.081	0.219	4.1	6.678678678678679	0.7434448475545768	5.372540635221831	-0.5539170225677931	0.5188501591083392	19.28376528165202	0.0	17.132010827254213	0.2207353384697209	17.08136103533825	0.21901219651386875	17.08136103533825	0.0003610353382512699	1.2196513868745207e-05	False	False
2	17.081025358168034	0.21849592654127128	4.456941739693301	6.712005235581312	0.7614882211150272	5.387636018938578	-0.6240153725455783	0.5314426295161775	16.558875200267785	0.8586951229915201	17.13065489796428	0.2202149593297623	17.08102569443016	0.21849593790825947	17.08102569443016	3.362621256997045e-07	1.1366988184047244e-08	False	False
3	17.08097809576948	0.21799250922343194	4.059425456796271	6.629364403019883	0.7434448475545768	5.372540635221831	-0.5539170225677931	0.5188501591083392	11.176504392099641	0.6749555303079341	17.134573932707074	0.2199172910948191	17.08097809511349	0.21799250921000915	17.080978095113494	-6.559908172221185e-10	-1.3422790656747452e-11	False	False
4	17.080899422184192	0.21756992987573187	3.5940706499556665	6.788802405632268	0.7850186943667129	4.514598740407726	-0.3129704058679013	0.5478645467985289	3.5702932901588347	0.3194463281992333	17.115792881832768	0.21883249559626314	17.080899454349694	0.21756993098999833	17.080899454349694	3.2165502261705115e-08	1.1142664568808414e-09	False	False
5	17.08106391080351	0.21625304027466496	3.668712903432233	7.105238383081955	0.8584521404308135	5.905657165301222	-0.0789729561736657	0.5991137488066647	0.7703258978154346	0.21575983685675426	17.115984400119206	0.21736584671474782	17.081063911825726	0.21625304030121112	17.081063911825726	1.0222152013739105e-09	2.65461541637535e-11	False	False
9	17.081243078419412	0.21864584692123568	3.495706322519054	6.7929773076874405	0.7973892805745605	5.172314039908947	-0.14900262506458495	0.5564979789129857	0.29718771598288485	0.38579478740839274	17.124304418735363	0.22021029267758646	17.081243078378055	0.21864584691997935	17.081243078378055	-4.135713993491663e-11	-1.2563283746658271e-12	False	False
11	17.081080615803675	0.2199533506705233	4.356145157409982	6.1729224556199	0.8057946641753279	4.486570211591272	-0.34291185089471443	0.5623640961279612	8.009915551009302	26.952377639560968	17.155275087070432	0.22612045995320648	17.08108061679894	0.21995335069651256	17.081080616798946	9.9526431540653e-10	2.598926629460152e-11	False	False
12	17.08114222409997	0.22006427106016202	4.41147224943988	5.984119436198576	0.813345754794847	5.3304342456880915	-0.19638360675251748	0.5676340022713238	3.4628873914198812	0.43232508125301455	17.224932780191317	0.2324898330596969	17.081142225036107	0.22006427109351134	17.08114222503611	9.361365016502532e-10	3.33493233029003e-11	False	False
18	17.0811323237703	0.21862675301896026	4.1531205752617115	5.922635690885795	0.7587180407001284	6.241527154244356	-0.2551148079629295	0.5295093206046195	6.559651997238939	1.8942723963510975	17.25650520397415	0.23245527364067822	17.08113232464425	0.21862675304090068	17.081132324644248	8.739498014165292e-10	2.1940421701671653e-11	False	False
19	17.081112840874674	0.21937015662073467	4.4460757342582875	5.825020105674278	0.7358907971308015	6.563095406400163	-0.42182597276905465	0.5135781873175863	7.229890646820456	1.1021759462031875	17.299604037548388	0.23629639097891111	17.081112838435185	0.21937015652515304	17.081112838435185	-2.439488611116758e-09	-9.558162594736075e-11	False	False
23	17.08111837683348	0.21981842072460406	4.158285992250047	5.777856633413328	0.762807364079069	5.744713770952892	-0.5256566710983107	0.5323632593907822	4.631513677747954	0.640606325046533	17.300902913940032	0.23803427141196054	17.08111837544859	0.21981842067226565	17.081118375448593	-1.3848904245605809e-09	-5.2338411382635286e-11	False	False
30	17.08109116310892	0.21798024797185497	3.7260559383278724	5.7071178879048565	0.6992302689772494	6.2813255108761625	-0.4898910167554522	0.4879928047192223	6.182406370396396	1.3348565502677203	17.30852914669456	0.23579362881174512	17.081091165063835	0.21798024802487043	17.081091165063835	1.9549162288967636e-09	5.301545313862732e-11	False	False
31	17.0810784555578	0.21903703812994718	3.5207530894116585	5.714172669924031	0.779307817015719	6.409958753336284	-0.41745836924900764	0.5438789254952703	13.097069285931731	2.1184419951178315	17.40805390134556	0.2456474581195309	17.0810784579589	0.21903703819486492	17.081078457958906	2.4010979871036398e-09	6.491773785199939e-11	False	False
33	17.08111386500724	0.21792988520894277	2.7933307107371155	5.9674503593028	0.763199294190027	6.177068158836937	-0.37183531819209764	0.5326367874152198	4.553020766444069	0.3476366099196493	17.243992251894944	0.23045707460024237	17.08111386529366	0.21792988520298867	17.081113865293663	2.864197767848964e-10	-5.954098325489099e-12	False	False
35	17.081168433419723	0.21852613268487897	2.312494332333362	5.588948118040932	0.7403595133636246	5.780427021705247	-0.7576756406559381	0.5166969043764735	2.185336698411938	0.47997512212506255	17.391975967948028	0.24401472096062474	17.081169847509432	0.2185262027941337	17.081169847509432	1.4140897093284366e-06	7.010925473505125e-08	False	False
36	17.081064654258753	0.21839597438827502	2.1783875602631997	5.9755062525705505	0.7122944775986813	6.2452116117314285	-0.5921338409043797	0.4971103159161196	11.813776355285931	5.405929605204947	17.224706664320628	0.22818371321314737	17.081064654542608	0.21839597439834887	17.081064654542615	2.838547175088024e-10	1.0073858414116899e-11	False	False
37	17.080921541123242	0.21986009780665933	2.6366108608731205	6.272364515312455	0.6945138940082259	6.299503550719413	-0.764804872511895	0.48470124662834085	9.743942181107242	0.8247948740579834	17.17465110545512	0.22426244029133102	17.080921541224782	0.2198600978117814	17.08092154122479	1.0154010965379712e-10	5.122069435259391e-12	False	False
38	17.080931787638313	0.22002966725735393	3.170552994640098	5.927701745648313	0.7494816125588173	8.06584519820689	-0.6061866634280717	0.5230632174047986	7.662321789463892	0.7863677397758525	17.3424179237116	0.23865597708883385	17.080931786781964	0.22002966721089545	17.080931786781964	-8.563496578517515e-10	-4.645847595519115e-11	False	False
39	17.08092574498414	0.220217846683624	3.3234323463539117	5.4942729683004465	0.7342859392963382	9.137250202837096	-0.4524606737699366	0.5124581570349144	7.053186764883888	0.9205025524485806	17.963687473449657	0.2781832445946114	17.080925743327224	0.22021784662824678	17.08092574332723	-1.6569146055189776e-09	-5.537723057891242e-11	False	False
40	17.080889122453513	0.2194852104747573	2.3902258321985275	6.498093888341863	0.7125512920232033	8.625999934410368	-0.5030374521993712	0.4972895467029936	6.824520977797542	0.9675797912760772	17.19468315059789	0.2237356553859868	17.08088912209207	0.2194852104642358	17.08088912209207	-3.6144243154012656e-10	-1.0521500337645762e-11	False	False
42	17.08092556584222	0.21957477214096158	2.2746928779833935	6.321453043169138	0.7807035765835204	9.422700570926393	-0.39929121072970764	0.5448530260976389	14.327695936628425	2.099443460316296	17.25855130416972	0.23002563472112586	17.080925566699335	0.21957477217284102	17.080925566699335	8.571134912926937e-10	3.1879443529447826e-11	False	False
43	17.080890413449037	0.21835394283522297	1.8382035672881591	5.74169128741149	0.7314010898170875	10.643961202007205	-0.24287383926036693	0.5104448205833454	16.13611934555962	1.1262187177149678	17.62856548237069	0.2563832145267183	17.08089041537353	0.21835394290565538	17.08089041537353	1.924494341665195e-09	7.043240990434185e-11	False	False
47	17.081004014132436	0.2175635593233043	1.498419497806156	6.040201281198441	0.7042604819551089	10.853031837949858	-0.6030571705138363	0.4915033903564705	9.549841859637795	0.5918301454721048	17.355096140014076	0.23391447419466946	17.08100401413502	0.21756355932527285	17.08100401413502	2.582822844487964e-12	1.9685642005384807e-12	False	False
48	17.080953867832438	0.2183420315913879	2.1971210111923556	5.576605495680974	0.7043657120521002	10.57690838589721	-0.7254365347255717	0.4915768304411607	16.767087449503755	1.7557450370324452	17.83317218672355	0.2677191808641407	17.080953868018813	0.2183420316089363	17.080953868018813	1.8637535958987428e-10	1.754840717183015e-11	False	False
49	17.080972072337385	0.21902548136830743	2.35577712778096	5.638418675410276	0.6947797477508513	10.297776160921769	-0.7777413679339977	0.4848867859553191	22.830291828694776	1.3616134523930374	17.647416547571787	0.25760979106199755	17.08097215950159	0.2190254856972355	17.080972159501595	8.716420651921908e-08	4.328928077113048e-09	False	False
51	17.081018154463973	0.22004898626255187	1.7476646455184033	5.406438748022219	0.708975159938779	10.373080194126796	-0.7126459516874688	0.49479376412127385	13.31638646710972	0.5832771025017172	18.282604569702258	0.2931466810843264	17.081018153876343	0.22004898623050784	17.08101815387635	-5.876295006146393e-10	-3.2044034092848506e-11	False	False
53	17.08100521020176	0.22069831584589955	1.7836260597593971	6.578030276413363	0.6821755832340614	11.342033627769561	-0.9947732888206902	0.4760903395390514	10.52415660664818	0.7903162492799307	17.218730448425795	0.2248268851455241	17.08100521006791	0.22069831584251334	17.081005210067914	-1.3384848784880887e-10	-3.386207980682343e-12	False	False
62	17.080998888970424	0.2198360523757297	1.2022527136578511	6.919751280612906	0.6660543916104944	11.230837483940457	-0.9892097354902802	0.464839359904964	29.654106341981716	2.817718079494277	17.15979572579268	0.2214674106711747	17.080998889068937	0.21983605237292128	17.080998889068944	9.851319759945909e-11	-2.808420163091796e-12	False	False
69	17.080939837155093	0.2192040135333981	1.7297413409644224	6.740099752745922	0.6800017824189378	11.112460696711091	-0.6625812568284966	0.4745732439501767	20.91208732712218	0.7052003889767083	17.188010485537284	0.2219771497582474	17.08094097103173	0.21920471424044485	17.08094097103173	1.1338766370272424e-06	7.007070467468512e-07	False	False
77	17.081023893974173	0.21826426850667513	1.5145737047044547	6.571719230367487	0.7398057525489656	11.09048583720081	-0.2706997399707089	0.5163104347039231	40.0899263412309	1.9170695738839898	17.226820292163758	0.22382987155761436	17.081023894076523	0.21826426851196973	17.081023894076527	1.0235012837256363e-10	5.29459809328614e-12	False	False
78	17.080923630398033	0.21724211595002343	2.5036498256344806	6.662101254661089	0.6895951105260113	9.289799325726255	-0.45573866073004926	0.4812684276361033	3.1387040665156856	0.07829158975749109	17.175953913522477	0.22002812916068942	17.080923630310814	0.21724211594700973	17.080923630310814	-8.72191208145523e-11	-3.0137004003449874e-12	False	False
79	17.080995189203474	0.21722236436661357	1.8866354951520066	6.093723021264793	0.749195287349895	8.080080972830363	-0.6133609849305472	0.5228633910414917	3.8715854460933237	1.2334980820256873	17.268576113942963	0.22948418571562426	17.08099518946936	0.21722236436517164	17.080995189469366	2.658850917214295e-10	-1.4419299088075377e-12	False	False
80	17.081034104853327	0.2185265959786649	2.2203333085044465	6.435123866457891	0.6974451478817733	7.952046613899012	-0.7003441799669856	0.48674696870668954	15.941290490965711	4.1175096644325615	17.188595262469654	0.22257221645827455	17.081034105003177	0.21852659598261961	17.08103410500318	1.4984991025812633e-10	3.95472543601727e-12	False	False
82	17.080959842842393	0.21829351392910082	2.8064349709181053	6.599214269610911	0.7125512920232033	8.625999934410368	-0.5030374521993712	0.4972895467029936	13.924800688627961	0.8735052345052905	17.18144983694882	0.22159374456054776	17.08096027117911	0.2182935283663478	17.08096027117911	4.283367154300777e-07	1.4437246981247043e-08	False	False
84	17.08087663452008	0.21850616828989458	2.163017017331163	6.183788249025364	0.7379856122616467	7.0196701316340855	-0.5599186033732932	0.5150401587974032	5.080775042080924	0.3648723709367177	17.21035290251452	0.2263192738507423	17.080876633676812	0.2185061682719648	17.080876633676816	-8.432685660864081e-10	-1.792976878078889e-11	False	False
86	17.08083439729612	0.220003915997126	1.7958010456506193	6.7548558088496655	0.7499300292491783	7.261841961544091	-0.6471921758660539	0.5233761674130015	1.324250320769917	0.2606394319374444	17.155670856923976	0.22221690537247707	17.080834397395165	0.22000391599991276	17.080834397395165	9.904610465127917e-11	2.7867708141116054e-12	False	False
88	17.08088206518893	0.22066545370515295	1.5919038738369131	6.631722841837397	0.730273517662636	8.119923146675703	-0.4745210742168668	0.5096578879767537	1.6676315589524775	1.2593023636066927	17.174830856737653	0.22381878681959486	17.080882065619438	0.22066545371656948	17.080882065619438	4.305071854560083e-10	1.1416534384522947e-11	False	False
89	17.081037420184828	0.22045502553209662	2.379380554740645	6.853335579646168	0.7072040008102796	8.53416821547441	-0.5885776464988175	0.49355767216549407	5.988884598620035	3.5912516565601287	17.15118787830735	0.22220632521158634	17.08103742045056	0.22045502553883647	17.081037420450564	2.6573232503324107e-10	6.7398586711675534e-12	False	False
91	17.080991841012878	0.21887474479118887	2.413849333335286	6.128346917199327	0.7058159304161522	8.725629698123077	-0.5202777616793974	0.49258893783743257	19.967089754102705	3.334024796320761	17.25896074634043	0.22898191747818789	17.080991841283844	0.2188747447993413	17.08099184128385	2.709654722821142e-10	8.152423180973756e-12	False	False
93	17.081046144297233	0.21895522626349365	2.37061687639977	6.638551561466891	0.7115243261777304	8.511324107618224	-0.657688700559181	0.496572827239438	16.43576431287879	0.8231427070888824	17.118887135324105	0.2199814163223792	17.025259585507033	0.21705071166194637	17.025259585507033	-0.055786558790199336	-0.0019045146015472803	False	False
96	17.081005133483945	0.2198885241161131	2.807007283924463	6.786369291673786	0.6538290085361949	9.821328205742542	-0.9372248285211239	0.45630726505741037	20.096422681389452	1.2227251680435836	17.16316930013894	0.22165219021797314	17.08100513308364	0.21988852410393814	17.081005133083636	-4.0030556647252524e-10	-1.2174955488220007e-11	False	False
101	17.08097246504955	0.2199499144039899	3.037946863370275	7.167721876355798	0.678256894472113	9.649142309983727	-0.8640235331363182	0.47335548665208765	5.246707434712881	0.2610766860298804	17.120252846169596	0.22077045041825022	17.080972464651676	0.21994991439619158	20.171193894641323	-3.978719576025469e-10	-7.798317547269562e-12	False	False
104	17.08104454465411	0.21947772656881226	2.3701639404114765	6.512234094491653	0.6802793205347893	9.286204782719988	-0.9505244770559813	0.47476693780122947	23.37767994863418	4.455685825736059	17.19797076592903	0.22311569226950242	17.08104496150537	0.21947774023030103	17.081044961505373	4.1685126106472126e-07	1.3661488773575314e-08	False	False
109	17.0811371298254	0.219012066520009	2.697730395352039	6.224918431162906	0.6585725373670481	10.086405023505732	-0.704433898146191	0.45961777382846286	5.138826434706173	0.219817639988112	17.25694067810191	0.226481761675854	17.081137129775694	0.2190120665188192	17.081137129775698	-4.970601708009781e-11	-1.1898260154907803e-12	False	False
113	17.081106516417506	0.21882279616473516	2.72416739494778	7.065148752052827	0.7400218793621306	9.29265788759854	-0.5034009554048445	0.5164612696068309	8.85343498064787	1.72285152906786	17.14326882948592	0.22020325449565817	17.081106516656096	0.21882279617134603	17.081106516656096	2.3858959252720524e-10	6.610878511281726e-12	False	False
114	17.08105501408548	0.21887035709149746	2.631337428383102	6.411908640815907	0.6796836370998597	9.203032012551095	-0.7488333196412509	0.47435121033199207	16.864990167249946	1.9049092475535199	17.212152079681594	0.22355297030970456	17.08105501421901	0.21887035709534963	17.08105501421901	1.3353229633139563e-10	3.852168584117521e-12	False	False
113	17.081041866118824	0.21906853681383245	2.611360327468521	6.369591741846337	0.6805312342285971	10.10782443741245	-0.9532110207783712	0.4749427483681379	27.191978676999412	1.6123329102084745	17.233078045257308	0.22478787200654698	17.081041866383202	0.2190685368200941	17.081041866383202	2.643787411216181e-10	6.261657858885883e-12	False	False
116	17.08107460661617	0.21904976114855393	2.6386771022500595	5.79325233263217	0.6947797477508513	10.297776160921769	-0.7777413679339977	0.4848867859553191	15.619628070327186	0.5744204294900832	17.473764553660548	0.24532004969399065	17.08107460782304	0.2190497611842971	17.081074607823037	1.2068710475432454e-09	3.574315843302145e-11	False	False
119	17.08099921138027	0.21902548386105591	2.2461458713457887	6.403851479548415	0.6947797477508513	10.297776160921769	-0.7777413679339977	0.4848867859553191	24.282112061419774	1.554589645290519	17.234676298371742	0.22501559939030946	17.0809992111348	0.21902548385152903	17.080999211134802	-2.454711989230418e-10	-9.5268792854597e-12	False	False
122	17.080968909020214	0.21911869608820703	1.4677634901197603	6.726398051338905	0.6538290085361949	9.821328205742542	-0.9372248285211239	0.45630726505741037	27.490757609998383	1.1321402990177536	17.170380241322952	0.22115075665707656	17.080968908922276	0.21911869608496073	17.08096890892228	-9.793765798349341e-11	-3.2462921240039577e-12	False	False
123	17.08087251973542	0.2197125401307112	1.0244302035607613	7.2195234582666625	0.7027020008827634	9.324302904942492	-0.8058054161187755	0.4904157264160805	2.3520829650747737	0.08555904491403764	17.11904850381945	0.22051210178576552	17.08087251972218	0.21971254013098016	19.602720645232	-1.3237411167210666e-11	2.6895152771544417e-13	False	False
128	17.08104459059373	0.21983556259126372	1.4398975286407474	7.320192448157859	0.6808118678666739	9.783645165469936	-0.9264299662757047	0.4751386025841517	0.8010039885395747	0.34055090761397117	17.109480883024172	0.22042846153996987	17.08104459093427	0.21983556260150097	22.544765760486932	3.405382642540644e-10	1.0237255487766106e-11	False	False
131	17.081078019143852	0.21953859236256937	1.9123147820394044	7.175732143299938	0.6673226982059932	9.097648109663421	-0.9084129353400349	0.46572451107796264	2.383555826287857	2.975710309050595	17.114650480035557	0.2202407168647184	17.081078019244732	0.21953859236666887	21.203336883580402	1.0087930490954022e-10	4.0994985184283905e-12	False	False
133	17.081036300761227	0.22001461995369365	2.373486605197889	6.734821814188751	0.73743203282807	9.37305646038173	-0.6951918100545706	0.51465381571071	11.368483554293299	4.76954784482583	17.179305900016455	0.2230896637103787	17.081113345195792	0.22001680596129214	17.081113345195792	7.704443456546528e-05	2.186007598492523e-06	False	False
138	17.0810997567332	0.21893800624741053	1.9491879485710695	6.536776554854939	0.7553728965051659	8.412423169603326	-0.3711103712383177	0.5271747444709552	10.801419431343069	0.9501196337891452	17.189297310810755	0.22355969921248028	17.081099756756497	0.2189380062485433	17.0810997567565	2.3298696305573685e-11	1.1327605520250472e-12	False	False
139	17.08102105437802	0.21848649773073126	2.3360002651324714	6.018111779506998	0.7023217944509577	8.708458995608966	-0.4772490812309283	0.49015038034732333	17.77041856027853	1.6451929001769094	17.28983013598442	0.23140794383879779	17.081021054100795	0.2184864977211071	17.0810210541008	-2.772253537841607e-10	-9.624162577992479e-12	False	False
141	17.080945530041248	0.21895650276281778	1.9311704606173805	5.706157334745407	0.7072040008102796	8.53416821547441	-0.5885776464988175	0.49355767216549407	15.234638588465934	0.857303306435296	17.463451222142805	0.24649846388878408	17.080945631796475	0.21895650575006778	17.080945631796478	1.0175522646704849e-07	2.987250002917108e-09	False	False
144	17.08096662323431	0.21933334220027123	2.5391057824715237	5.6959105154499845	0.7130025416864542	8.110027834241766	-0.46278236962870084	0.49760447384297635	17.577784592566797	1.1538038457882975	17.45245343958473	0.24674139161298622	17.08096662384109	0.21933334222074993	17.08096662384109	6.06778627343374e-10	2.0478702067450172e-11	False	False
145	17.08103485796805	0.2197936082223186	3.5879875132030863	6.39771097219627	0.7362218225182326	8.283080929024479	-0.7051538360563979	0.5138092099354745	13.09825351532351	0.7451595191843705	17.203152187489273	0.2255434387916658	17.081034857290618	0.21979360820648147	17.08103485729062	-6.774314442736795e-10	-1.583713715724855e-11	False	False
147	17.081047573194123	0.2199760069502936	3.622310568526302	7.158012189551702	0.7338832498620261	8.561154954402172	-0.7857399778057335	0.512177120078708	11.21763471063818	0.856422170903532	17.126496208283157	0.22093808551177632	17.081047573191455	0.21997600694990183	17.2032176958426	-2.668087972779176e-12	-3.917699498146021e-13	False	False
152	17.080963766537376	0.21910277486782317	3.816309068241252	6.745028301272068	0.7378717765472854	8.517607241697894	-0.5742031814319795	0.5149607128523505	17.326905216289987	1.5446130724740141	17.165413177473162	0.22171823753767061	17.08096410208633	0.21910278604579056	17.080964102086337	3.3554895395582207e-07	1.1177967385034293e-08	False	False
153	17.080989404343207	0.219107316127843	3.2956026137216905	6.116641204543974	0.7582181986307043	8.610619098222699	-0.5398592066185739	0.5291604808243685	19.482753195192302	1.1244219871922356	17.286341202289645	0.23253842176845335	17.080989404157787	0.21910731612212106	17.08098940415779	-1.8541967961027694e-10	-5.721950691039979e-12	False	False
154	17.08106739407253	0.2186934415356442	4.144513813379119	5.667597247262847	0.756496890154403	7.441431332615968	-0.5204218336580405	0.5279591796387578	12.758473044492183	0.6548598607531789	17.503324334602365	0.25113653315609585	17.081067395114612	0.21869344156134493	17.08106739511461	1.042081976265763e-09	2.5700719330501443e-11	False	False
157	17.080934923569007	0.2182118106610136	4.122627362300832	5.991943258280148	0.7367540270728525	6.580064770857916	-0.7189846077055335	0.5141806354941437	11.117233838595736	0.8713608438742622	17.23810567027491	0.22928696983870483	17.080934924075574	0.21821181067617668	17.080934924075578	5.065672326054482e-10	1.5163065247847385e-11	False	False
158	17.08095622780764	0.21798059463808175	3.5425269928943615	6.095892691222354	0.7310228077176198	5.387629678138985	-0.42124022805554395	0.5101808175061269	10.427116812428219	0.9379236745230962	17.177873701181877	0.22464253018011468	17.080956227628626	0.21798059463384617	17.080956227628626	-1.7901413684739964e-10	-4.235584105671819e-12	False	False
159	17.080991681425527	0.21927437056008733	3.4456913801711644	5.6939199845816235	0.727628729904071	6.928848734800387	-0.4025142661504385	0.5078120906000512	20.712232838518563	1.9863815866943562	17.389324881819704	0.24338158454852712	17.08099168081785	0.219274370536103	17.080991680817846	-6.076774639041105e-10	-2.3984342290006566e-11	False	False
161	17.08105744425091	0.22011314908735471	3.6014208414659254	5.33142521441288	0.8026035368117145	5.895949199970429	-0.18333901415720766	0.5601370083408955	13.68550650790305	0.6607451072320941	17.940219097508013	0.28385810808711587	17.081057445611105	0.22011314915095567	17.08105744561111	1.3601955117792386e-09	6.360095783364272e-11	False	False
164	17.08106215098655	0.21978695460642494	2.771028505430452	5.671846274565074	0.7722227454092612	6.850827962269493	-0.49791235993100613	0.5389342540211234	10.667865568002608	0.7795009678189239	17.48727323662154	0.25134276654927895	17.081062149756708	0.21978695455562053	17.081062149756708	-1.2298428941903694e-09	-5.080441622951071e-11	False	False
165	17.081040026156987	0.2202194507122316	3.1389648234231635	5.993727400419787	0.6850412277531891	7.082436827442997	-0.7032158984952918	0.47809027284895067	8.449127080744063	0.79201664352488	17.238659064807386	0.22983391303159428	17.081040026114415	0.22021945071343185	17.081040026114415	-4.25721680130664e-11	1.2002621119222567e-12	False	False
169	17.08102287965087	0.22009513792987237	4.461111505786388	5.251494274611822	0.6995455947865933	8.390702317222773	-0.7109403732308268	0.48821287060156343	10.495252654380405	1.2421700554486337	18.24143420230847	0.29460064681616926	17.081022879516517	0.2200951379441869	17.08102287951652	-1.3435297319119854e-10	1.4314521790126378e-11	False	False
171	17.08110088919824	0.2194065952737057	4.137724768073157	6.321183005180558	0.7378717765472854	8.517607241697894	-0.5742031814319795	0.5149607128523505	7.952567765794044	0.7577299973312105	17.220480486145323	0.22665339170179938	17.08110088808016	0.21940659524158618	17.081100888080165	-1.1180780745689844e-09	-3.2119529258523016e-11	False	False
175	17.081126103308247	0.2203765030728226	4.098520085423577	6.996074415609886	0.7159740612522539	8.53906926716595	-0.4982644668840529	0.499678297347948	2.228320154127931	0.28020134122119467	17.14018707413327	0.2216746316291563	17.081126103481523	0.22037650308045387	17.081126103481527	1.7327650425613683e-10	7.631256737639092e-12	False	False
177	17.08111968786279	0.2197650850637257	4.333261624059577	6.09103456695652	0.7179846508435959	8.460882584347356	-0.5527851523603136	0.5010814878237455	4.657522187877692	2.090149469433151	17.26676778777839	0.23106412689773018	17.081119689017363	0.21976508509345852	17.081119689017367	1.154575102191302e-09	2.9732827311335086e-11	False	False
187	17.08114281211593	0.21952603855812228	3.6454649291712866	5.995291594304002	0.6460653401379945	9.602878888731077	-0.8064458774858727	0.4508890008823064	4.094960392998048	0.8792143607294357	17.296313967829523	0.23078773780987374	17.081142812112542	0.2195260385639564	17.081142812112546	-3.389288849575678e-12	5.834110972102735e-12	False	False
188	17.08116332213554	0.21963125227850896	3.6138650210498975	6.0133603830572175	0.6749413934243425	9.487180900668976	-0.8203210358520325	0.4710415984708486	2.3712788326719525	0.5790724708172001	17.3002240736775	0.2319581658193312	17.081163322362197	0.21963125228326208	17.0811633223622	2.2665602728011436e-10	4.753114568600836e-12	False	False
190	17.08115294487233	0.219954851469849	4.163765162228281	6.87360408125904	0.6663151240667897	9.4332241160484	-0.6843831989849685	0.4650213250862125	2.105314112409532	0.8878391201414588	17.152833744513785	0.22147355881943667	17.081152944925936	0.2199548514726282	17.081152944925943	5.360689669942076e-11	2.7791935419685387e-12	False	False
193	17.08110201167828	0.2203983223123841	4.00796803245007	6.701248740632398	0.6778224900496694	9.306788349628508	-0.7604980548750798	0.47305231580566426	3.633697614563508	1.725964592715688	17.171107250565687	0.22277216150502835	17.08110201172373	0.22039832231258324	17.08110201172373	4.544986609289481e-11	1.9914625504213745e-13	False	False
204	17.081070154445968	0.2209294368023804	3.9701390130520635	7.196823701360369	0.732963619163611	8.404591698256766	-0.638469440769849	0.5115353098142841	1.7715418820736826	0.4875314541786621	17.121819143478405	0.22179619754903426	17.08107015444571	0.22092943680309024	17.96350634512773	-2.5579538487363607e-13	7.098488463697095e-13	False	False
206	17.081013122521533	0.22041275537495064	4.057564675835398	7.061010833439865	0.6815318966780034	8.646018014250512	-0.7431913225257991	0.47564111069157855	5.492102752357926	3.1001822807198507	17.12580779464065	0.22135713642409413	17.081013122564105	0.22041275537606184	18.617973615182816	4.25721680130664e-11	1.1111944697717036e-12	False	False
207	17.08089565146406	0.22072653663680042	3.981802735774086	7.300713316087257	0.7443094269073789	9.493586038734861	-0.510873992911444	0.5194535490386597	1.6088209652872447	0.2929335152363144	17.12118241127139	0.22157728849242175	17.080895652135798	0.22072653665604716	18.529115436572695	6.717364442465623e-10	1.9246743088174867e-11	False	False
208	17.08092962569016	0.22066931587474317	3.5202188113087014	6.777970347579373	0.751012543125029	9.137928745871218	-0.4665032504276695	0.5241316538469577	3.774982543013507	2.3464279894807984	17.172180501843503	0.2235462221902043	17.08092996285081	0.22066932701416722	17.080929962850814	3.371606496216373e-07	1.1139424049844138e-08	False	False
211	17.080963924566433	0.22089457834179238	2.7003037019581946	6.4783323223276605	0.6901305924138073	9.218610476927424	-0.6061996206033746	0.48164214044559606	3.0787236688943325	0.8155597102275969	17.206968747793333	0.2252485088642078	17.080963924437544	0.22089457833796328	17.080963924437548	-1.2888889955320337e-10	-3.829103700780934e-12	False	False
214	17.080873605294652	0.22201579850290262	3.040222327226345	5.645471857233942	0.6538290085361949	9.821328205742542	-0.9372248285211239	0.45630726505741037	0.08945752589219043	0.029056692159812273	17.50614446166733	0.2501209503687256	17.080873605565376	0.22201579852836067	17.08087360556538	2.7072388775195577e-10	2.5458052332894e-11	False	False
215	17.080788215801853	0.2210130332350447	2.6616743552604953	5.94411742002463	0.6858360839648545	8.991688230464002	-0.839810648433902	0.4786450029990719	0.09146863342371073	1.022481144112391	17.318939650485344	0.2355508700806796	17.08078821563386	0.22101303323061114	17.08078821563386	-1.6799361901576049e-10	-4.4335646265381e-12	False	False
216	17.080861499225115	0.2213181060121017	2.4223295755971357	6.644182435419873	0.6818253075895596	9.546380949271011	-0.6008754230758909	0.4758458821667536	0.3192605879137654	3.490383270895199	17.182945113706147	0.22427579808639378	17.08086184864188	0.22131811743340077	17.080861848641884	3.4941676574362646e-07	1.142129907316658e-08	False	False
220	17.081051760109773	0.21979447405882502	2.633490715473519	6.972180233600277	0.6538290085361949	9.821328205742542	-0.9372248285211239	0.45630726505741037	12.799998719810878	40.092636562043324	17.136172671619427	0.22094115410094597	17.081051760295715	0.21979447406225341	18.62102457328324	1.8594192852106062e-10	3.428396455618099e-12	False	False
222	17.081036195201765	0.21974473680447187	2.3295521616088575	7.062034175650608	0.6808118678666739	9.783645165469936	-0.9264299662757047	0.4751386025841517	15.487827575123513	1.2099866503230672	17.13234061190079	0.22081429960224316	17.081036195370515	0.21974473680919493	18.410415386357904	1.68750347029345e-10	4.72305528020911e-12	False	False
224	17.08101016011387	0.21947175330040916	1.1580795658735332	6.7093444828796045	0.6604251571024592	11.053530286069245	-0.7731600802977023	0.46091071714180626	25.2773656960987	1.6320794878100982	17.188258209249195	0.22211049688903212	17.08101015980548	0.21947175328730117	17.08101015980548	-3.083897581745987e-10	-1.3107986918114989e-11	False	False
229	17.080938792811477	0.2187978483167116	1.4563226895859298	7.157626195200101	0.7002444061070346	11.243365558197532	-0.6920560290686556	0.48870057102209946	18.2823666591385	0.723270252088025	17.137349857983512	0.21996565450432298	17.080938792749965	0.2187978483146138	18.135598851628203	-6.151168463475187e-11	-2.097794160604849e-12	False	False
236	17.08095125694176	0.21883818181751738	1.404947308851834	7.076387408435473	0.6851581083761968	11.479555469808199	-0.7047160188073731	0.47817184383574773	24.866777974772898	1.3601509278528312	17.145562318922423	0.22017317533169117	17.080951256968074	0.2188381818191151	17.787452226192872	2.631495021887531e-11	1.5977219547380628e-12	False	False
238	17.080988946062895	0.21918461062476272	2.491750840910939	6.401787133013882	0.6792022316367008	11.224750396402015	-0.8040578821382364	0.47401523745925345	30.213808991789534	1.2150270944808832	17.250239931653304	0.22535360913056524	17.080988945545332	0.21918461061157876	17.080988945545336	-5.175628814413358e-10	-1.3183953928574965e-11	False	False
240	17.08103904866895	0.22057770898242673	2.1514737201674827	6.855530710544178	0.6792022316367008	11.224750396402015	-0.8040578821382364	0.47401523745925345	7.9231739770994025	0.2622368460478614	17.175077616924085	0.22268162049976659	17.081039048557834	0.22057770897961895	17.081039048557834	-1.1111467301816447e-10	-2.8077817848526365e-12	False	False
248	17.080986974190257	0.21866686585514347	1.8149249871954634	6.1966075076650196	0.6947797477508513	10.297776160921769	-0.7777413679339977	0.4848867859553191	22.673631725831065	2.8616854547641353	17.277550876697493	0.22852477132839602	17.080986973807256	0.2186668658437913	17.08098697380726	-3.83000298143088e-10	-1.1352169204670304e-11	False	False
250	17.081020577292744	0.21887287144021214	1.7972350080730328	5.972906056301864	0.6673602239623185	10.613899944766947	-0.887409564228735	0.46575070030330207	27.888374542689846	1.2299915108402266	17.346210250646447	0.2337818845604196	17.08102057682098	0.218872871426263	17.081020576820983	-4.717648494079185e-10	-1.3949147392722239e-11	False	False
254	17.080976495247075	0.2187242632739368	1.9465517025544843	6.441863689764049	0.7167081977036763	10.940671692726896	-0.9277736292219496	0.5001906511773957	30.92142186376897	1.1087566905857607	17.24477466153309	0.22544631553402386	17.08097649547448	0.21872426328167519	17.08097649547448	2.2740564986634126e-10	7.73839325951542e-12	False	False
257	17.080957032998455	0.2177907173066788	1.6267771283400352	6.209557477540141	0.678934515869847	11.023962489435702	-0.6129967248991617	0.4738283986255662	11.699303787686864	0.3783559449248707	17.286444067160495	0.22748347466541535	17.08095703219216	0.21779071727951185	17.080957032192163	-8.062954748311313e-10	-2.7166935367972656e-11	False	False
258	17.080990187566822	0.21836320075943183	2.2708727737637453	7.084440804197982	0.7465180825660354	11.03160208972673	-0.3971955977972551	0.520994969822836	31.02821288930761	2.652141824196735	17.156662421294747	0.22006786147207563	17.08099018753272	0.21836320075814766	17.080990187532727	-3.410249860280601e-11	-1.284167217008303e-12	False	False
263	17.081126793420317	0.21912207678459866	1.760893159919185	7.104249945997362	0.6664532156133566	11.978376953816046	-0.46654572133671	0.46511769917656154	9.738228480443556	0.3138507691430521	17.14054628300962	0.22034994887546824	17.081126793481495	0.21912207678667794	19.09657679452018	6.117772954894463e-11	2.0792811916692244e-12	False	False
267	17.0810279012017	0.2196044870444741	1.734698401325283	6.813327729873411	0.7131278964316942	11.27241316168445	-0.3701178053977053	0.4976919589196793	35.33276392341506	3.628253741876235	17.18465464006068	0.22244101588029536	17.081027901132693	0.21960448704257576	17.081027901132693	-6.900791049702093e-11	-1.8983425942309395e-12	False	False
269	17.081173772190308	0.21923287670422048	1.7787618469602102	6.5933127800079925	0.7233246838299419	11.6465800326864	-0.34635313484948915	0.5048082968449163	5.28979548233018	0.1497136055870406	17.231976697137405	0.22447522939574677	17.081173772106066	0.2192328767012274	17.08117377210607	-8.424194675171748e-11	-2.993078007662575e-12	False	False
270	17.08118958126919	0.21869785533732572	2.3409657823686763	6.609204079581433	0.659555074701197	10.616707208864444	-0.5873889363335798	0.46030348663396536	1.4210499433900385	0.26863986483728086	17.196532380375533	0.22193662268080666	17.081189580919332	0.2186978553291913	17.081189580919332	-3.4985703223355813e-10	-8.134409812399213e-12	False	False
272	17.081026194857145	0.2174695863731637	2.2050275205632413	6.915733501312537	0.7041363685661449	9.769056840140754	-0.6061815813524136	0.4914167716223125	6.445905486056549	4.536016144991554	17.15686400860957	0.2191955914019107	17.081026195039115	0.21746958637939945	17.08102619503912	1.8196999462816166e-10	6.235761906836501e-12	False	False
279	17.08103935532645	0.21808667890927044	2.4592336960994867	7.289690400857041	0.689052240019963	10.46258581120443	-0.8042588312633793	0.4808895583099322	2.448719662728455	0.37988761517298064	17.115976009734712	0.2188115976815367	17.081039355273155	0.21808667890788633	21.172888418971553	-5.3294257895686314e-11	-1.3841150448001827e-12	False	False
281	17.08094840744656	0.21852024344381438	2.5682645403793543	7.160526356517826	0.6585725373670481	10.086405023505732	-0.704433898146191	0.45961777382846286	3.146839950467515	1.2850960436039414	17.12007464660184	0.21933323700251292	17.080948407380358	0.2185202434421642	20.985598440652684	-6.620126669076853e-11	-1.6501799926516014e-12	False	False
283	17.081090723562564	0.21795832377631588	1.1923410765505678	6.63448473796702	0.7048517412446557	9.333420536241281	-0.539756181743858	0.49191603021464514	6.512921437785018	2.069670380540776	17.185266188311353	0.22119641190301184	17.081090723357068	0.2179583237706285	17.08109072335707	-2.0549606460917857e-10	-5.687394999398521e-12	False	False
287	17.08106622171533	0.21814465485687018	1.3540197246621593	6.973386983310767	0.7612868571021411	8.923753021521744	-0.4124124150867291	0.5313020975715842	11.560608924233405	1.7750266197230617	17.14936119734446	0.21995943710093172	17.081066221586298	0.21814465485149437	17.081066221586298	-1.290310081003554e-10	-5.3758109075374705e-12	False	False
289	17.081068794047603	0.21889797633266056	1.7129310324920017	6.4743830098920325	0.7092258708859389	9.76311569438078	-0.6245265902587903	0.49496873529129676	14.925350582750282	1.2910522863085256	17.21715301449872	0.22405666394739482	17.081068794004587	0.218897976330297	17.081068794004587	-4.3016257222916465e-11	-2.3635537971244958e-12	False	False
290	17.080986245508676	0.21893875431948112	2.5854205596938673	6.0904834059976904	0.6441178540652337	11.162197114631844	-0.7902003230129213	0.44952985035212656	29.467709216973162	1.9743395006767857	17.30972657277625	0.22964384127671195	17.08098624577817	0.21893875432613846	17.080986245778178	2.694946488190908e-10	6.657341344862289e-12	False	False
291	17.08091319196338	0.21981537171209797	2.9558872113051704	6.3066638067789516	0.6735400301748266	11.063233165552386	-0.9073895533285309	0.4700635870590114	13.232825726130846	0.44906190802605195	17.262657440506498	0.22711413826444948	17.08091319272978	0.21981537173300233	17.080913192729778	7.664020529318805e-10	2.0904361575091457e-11	False	False
292	17.081015772067452	0.22039896587410576	2.973196941325441	6.259461942231243	0.6991238064725943	11.382284639483668	-0.6575406976757113	0.4879185045372235	11.77625660170597	0.8899275820168484	17.291752001909682	0.23053995466916857	17.081015771472533	0.22039896586502095	17.08101577147254	-5.949196690835379e-10	-9.084816232629578e-12	False	False
294	17.0810075579472	0.21966197899675277	2.2506807519690604	6.521310987491624	0.7209566165990687	10.618676850890882	-0.858882616577201	0.50315562272449	22.295182112465593	1.893231683592543	17.227447241914735	0.2251702794672037	17.08100755776131	0.21966197899170284	17.08100755776131	-1.858886378158786e-10	-5.0499326942343714e-12	False	False
295	17.080969742914732	0.21942322572309902	3.0496696449619636	6.90633002396534	0.6757470588262662	10.5127963859311	-0.7479127948214582	0.47160387235485113	20.909800128023484	0.9378618224577084	17.159989159665344	0.2210960059541221	17.080969742950188	0.21942322572418793	17.080969742950195	3.5456082514429e-11	1.0889067425523535e-12	False	False
297	17.081067141098597	0.21921015191917115	3.7098837328380556	6.961125899008163	0.6538290085361949	9.821328205742542	-0.9372248285211239	0.45630726505741037	15.608136718998162	0.7464507849637458	17.137282884834413	0.22037888764564226	17.081067141196666	0.2192101519218756	18.473097864612562	9.806910838960903e-11	2.70444777683565e-12	False	False
298	17.081022543868563	0.21909128051930707	4.297254399158096	6.111904167089147	0.6891313692583326	9.41300254694172	-0.768233310794602	0.4809447826053903	21.35525022007349	1.3682126575736593	17.273613039155208	0.22948716281202314	17.081022543730565	0.21909128051165927	17.08102254373057	-1.3799805742564786e-10	-7.647799060706006e-12	False	False
299	17.081064997587227	0.21854288388885446	4.215175388408522	6.940105857065565	0.7196812624172428	10.105658470047093	-0.563600180244959	0.5022655530409937	15.235523472122658	0.7134322152686173	17.159416157569844	0.2204046292160018	17.08106499835924	0.21854288391219012	17.081064998359246	7.720117878307065e-10	2.3335666732293703e-11	False	False
302	17.08096124419902	0.22064661507579963	4.421007351100315	6.37493611594315	0.7148667906595886	10.533796745568818	-0.4212652143379879	0.49890553320132686	7.1638394790681	0.470206323542227	17.24840076081648	0.2281728356839497	17.080961243833055	0.22064661505709424	17.08096124383306	-3.659650360532396e-10	-1.870539834136764e-11	False	False
305	17.081010077239764	0.2191715677790989	4.122553326785294	5.9033991869522655	0.77252723370648	10.62697735589019	-0.30144232760646045	0.5391467564037524	41.8827217074005	5.846407060037694	17.53274463781095	0.2510310136978445	17.081010078307298	0.2191715678063067	17.081010078307298	1.0675336170606897e-09	2.720779157527886e-11	False	False
