Iteration_step	Porb	eccentricity	Wdisk	logQ	primary_mass	age	feh	secondary_mass	posterior_probability	acceptance_ratio	inital_orbital_period	initial_eccentricity	current_orbital_period	current_eccentricity	current_spin	delta_e	delta_p	bad_solution_flag	gsl_flag	
8	17.080975594488766	0.21771279841391886	4.919166377471633	6.3409549337035545	0.7898551381907835	5.308739332983552	-0.5245893638676331	0.5512399009433477	0.0	0.0	17.15336590435973	0.2224363759103293	17.080975594889026	0.21771279842317956	17.080975594889026	4.0025938119470084e-10	9.260703315305818e-12	False	False
10	17.080867380224245	0.2197170574953649	3.488845806001655	5.679446337855015	0.8216066415128671	6.40291926423754	-0.260319350561352	0.57339927511183	5.392098965779	0.36063136458294903	17.526634660918432	0.2549892150605593	17.08086738003049	0.21971705748348022	17.080867380030494	-1.9375434590074292e-10	-1.188468767843176e-11	False	False
11	17.080873309278463	0.22048939161601092	4.487216784479278	5.74883753143812	0.7898551381907835	5.308739332983552	-0.5245893638676331	0.5512399009433477	1.7835717438997045	0.11928785356431516	17.314201485949066	0.24071755599995906	17.08087330902376	0.2204893916125287	17.08087330902376	-2.547011490605655e-10	-3.4822145167368035e-12	False	False
12	17.080917494874452	0.2203868678742376	4.23432443186885	6.025799328575278	0.7603956443541853	5.410478531080361	-0.5596430205909328	0.5306801201947858	4.312446883403987	0.28842267438405306	17.201102511740658	0.2295360890452817	17.080917494379463	0.2203868678564189	17.080917494379467	-4.949889387262374e-10	-1.781871872275076e-11	False	False
13	17.08100724211477	0.2192457667782115	5.027837877773518	5.480403220645156	0.7509463746076415	5.013996402937164	-0.5916018120098594	0.524085474838673	0.0	0.0	17.42043701725919	0.24880490766766622	17.081007241346857	0.21924576672780352	17.081007241346857	-7.679119562453707e-10	-5.040798334299268e-11	False	False
14	17.080925052496465	0.21780369695367577	4.487115779000838	5.605945359204004	0.753565953985627	5.898791257831501	-0.3369761230806212	0.5259136792865691	7.353774436607823	0.4918310525715565	17.39969800829966	0.24492936291310854	17.08092505148385	0.21780369689201626	17.080925051483852	-1.0126157690137916e-09	-6.165951083048071e-11	False	False
15	17.080888014799225	0.22243347983702974	4.142646945029548	4.49543605234275	0.7751505459095042	4.98932059507778	-0.2819583920008451	0.5409775659902429	nan	0.4918310525715565	17.49219505405715	0.1899773058902623	17.08001975790972	0.06416039736393915	nan	-0.0008682568895039822	-0.15827308247309058	True	False
17	17.080973056925966	0.21853114136369445	2.8623702016931354	5.3683114848018105	0.7368509227503837	6.03578694186566	-0.554658663719304	0.5142482589874927	16.645262143624922	0.8987021196621651	17.692240512747134	0.26475617752816444	17.080973057429382	0.21853114137980248	17.080973057429382	5.034159755723522e-10	1.6108031575257087e-11	False	False
18	17.080927800162257	0.21848395300240764	3.5329770897685835	5.366563940417947	0.7965403145375543	6.811880674927757	-0.31358354794450716	0.5559054855157591	nan	0.8987021196621651	17.14913280277858	0.12807082327694724	17.039259386584217	0.10086858522060187	nan	-0.04166841357804074	-0.11761536778180577	True	False
19	17.080996194549517	0.21684149542275655	5.154322692761217	6.079709187458792	0.7572348278611928	6.652689329295211	-0.5329098924219944	0.5284741863643264	0.0	0.0	17.223940631623943	0.22692991479613212	17.080996194072252	0.21684149540864664	17.080996194072252	-4.772644501827017e-10	-1.4109907686687961e-11	False	False
20	17.080942328863983	0.21901304943274025	3.9207468528760785	5.4370719436884976	0.7075331633234225	7.901513188439954	-0.6133943934673742	0.49378739468341654	nan	0.0	17.080942328863983	0.21901304943274025	16.666590427768927	0.1790272326024623	nan	-0.41435190109505626	-0.03998581683027794	True	False
21	17.080867168039667	0.21776998908737005	3.851151722878071	6.222488709075499	0.7646560477718022	5.460820801041223	-0.4923314775547463	0.5336534557399407	2.272436440783972	0.12269217681935239	17.167600236533357	0.22356943349298358	17.080867167713283	0.2177699890746353	17.080867167713286	-3.263842529577232e-10	-1.2734757692811627e-11	False	False
22	17.080863290275424	0.2181933311758281	3.6918304584386203	5.702123871720626	0.7286678339138668	7.207057330763998	-0.5048149146689364	0.5085372812884876	3.1976906172723036	0.17264800704067498	17.399738461634104	0.2428708863829422	17.08086329103778	0.21819333121148948	17.08086329103778	7.623555120517267e-10	3.5661390507257806e-11	False	False
26	17.08091073002356	0.2216780545491025	2.6718307414586038	5.281614179786589	0.7322920046610817	7.133169362456243	-0.43991628990302745	0.5110665900529688	0.3035643209039963	0.016012779085348424	18.09021161042992	0.289756634000018	17.08090148048996	0.22167754332517686	17.08090148048996	-9.249533601263238e-06	-5.11223925636628e-07	False	False
27	17.080888816709923	0.21975507725521065	2.81376687180563	6.535448152672253	0.7427293433705032	7.109980701159648	-0.5863360628730472	0.5183508087382742	5.380042916901067	0.2837930308854561	17.167514384762093	0.22327162563164046	17.080888816455207	0.21975507724628812	17.08088881645521	-2.547153599152807e-10	-8.922529382004996e-12	False	False
31	17.080965106976187	0.2189248540171103	4.3802912932621005	4.364946454002979	0.7653123451259958	7.060338708512253	-0.6545701408571738	0.5341114856634325	nan	0.8040011504654287	17.62766551274189	0.1927996555846893	17.08064860283297	0.02367262278225292	nan	-0.0003165041432175997	-0.19525223123485735	True	False
32	17.080976583724976	0.21938681920965838	3.9886266623359963	4.701609224294677	0.7387854924375964	6.842585706660406	-0.31658351776233085	0.5155983951721985	nan	0.8040011504654287	17.089182636357553	0.1693790524621586	16.727397821009706	0.06802632347745546	nan	-0.35357876271526933	-0.15136049573220292	True	False
34	17.08093521566604	0.21870133736283598	5.012931632369988	5.136233494062271	0.7236547539706919	5.684699493185656	-0.44588420018467156	0.5050386527961459	0.0	0.0	17.999992057082608	0.2867469808528159	17.080934719750548	0.21870130770854745	17.080934719750548	-4.959154935590959e-07	-2.9654288524749717e-08	False	False
35	17.080956332576005	0.22116263148366408	3.6048152588311777	5.1845279728646965	0.7468316233044314	6.271402023792467	-0.28094296760270165	0.5212137899041627	2.203701186570739	0.1472130319581507	18.16769872986877	0.2974409277553913	17.08095633385402	0.22116263155046145	17.080956333854022	1.2780141389612254e-09	6.67973731882654e-11	False	False
36	17.080896271144816	0.2211447655537479	4.516919813724596	5.230656198967005	0.7115243261777304	8.511324107618224	-0.657688700559181	0.496572827239438	0.0	0.0	18.41673198773489	0.30525511390063487	17.08089620935408	0.22114476192953644	17.080896209354087	-6.179073608336694e-08	-3.624211458719273e-09	False	False
37	17.080967661448994	0.21751886906857207	3.4421863721258443	5.561407439724997	0.7614882211150272	5.387636018938578	-0.6240153725455783	0.5314426295161775	6.0814021071747595	0.406253646460586	17.403597884119577	0.24524329498433625	17.080967661505134	0.2175188690711949	17.080967661505138	5.6139981552405516e-11	2.6228186289500854e-12	False	False
38	17.080934124476002	0.21931512507855533	4.233534125234249	4.741867613506671	0.7440824851391947	6.51632006893028	-0.9066221168959956	0.5192951663786439	nan	0.406253646460586	17.0924609630274	0.12506152880636623	16.956570809937713	0.06064204495210331	nan	-0.12436331453828942	-0.158673080126452	True	False
39	17.08093486360006	0.2203904969869434	4.921887102343989	5.863008474533405	0.7961514246872312	6.256643856224835	-0.2238730875624107	0.5556340792892186	0.0	0.0	17.31222596479398	0.23952046399666854	17.08093486365407	0.22039049699923788	17.08093486365407	5.4008353345125215e-11	1.2294470996820905e-11	False	False
41	17.080887893229562	0.22065475837878715	4.199712157855213	4.189568423256931	0.7523865415681477	4.476701652456386	-0.7054561327938904	0.5250905673604103	nan	0.3914463829257616	nan	nan	17.080887893229562	0.22065475837878715	nan	nan	nan	False	True
42	17.080899898514375	0.22085453644499317	4.318893376797675	5.403916202665519	0.7344014821426296	7.384269243753996	-0.6686798320813331	0.5125387943873412	1.5655707740408025	0.2671738648252624	17.86574402338948	0.27493132881752996	17.080899897490575	0.22085453641196393	17.08089989749058	-1.0237997116746556e-09	-3.302924600490087e-11	False	False
43	17.08091818130585	0.22098930253091137	4.809989067092354	4.874633330473572	0.7147169337658178	7.157135578581325	-0.7719548772940384	0.49880094807516423	0.0	0.0	18.52677978155781	0.28597131014714655	17.080813749370726	0.16429106071199084	17.080813749370726	-0.00010443193512443827	-0.056698241818920525	False	False
44	17.08071960200149	0.21983961661407078	4.407188372765031	5.164047024574445	0.729018718564123	6.7116715685590504	-0.5710604070586138	0.5087821636859015	nan	0.0	nan	nan	17.08071960200149	0.21983961661407078	nan	nan	nan	False	True
45	17.0808028578927	0.2187729964951723	3.5737242666515026	4.888320596383279	0.6998071345273972	7.889764010501878	-0.8091129683782748	0.48839539918667046	nan	0.0	nan	nan	17.0808028578927	0.2187729964951723	nan	nan	nan	False	True
46	17.0808542384876	0.21885475792509138	4.282439617422484	4.927579804879065	0.7344014821426296	7.384269243753996	-0.6686798320813331	0.5125387943873412	nan	0.0	17.0808542384876	0.21885475792509138	16.307501272131116	0.11210540193203918	nan	-0.7733529663564838	-0.1067493559930522	True	False
