Iteration_step	Porb	eccentricity	Wdisk	logQ	primary_mass	age	feh	secondary_mass	posterior_probability	acceptance_ratio	inital_orbital_period	initial_eccentricity	current_orbital_period	current_eccentricity	current_spin	delta_e	delta_p	bad_solution_flag	gsl_flag	
1	14.2	0.0241	4.1	8.7002700270027	0.9909114025933997	6.648065754068082	-0.0721854801531252	0.9661386175285647	10.083840224939607	0.0	14.20427368658231	0.024118907086736766	14.199999999994313	0.024100000000062405	23.960011756088957	-5.686118242920202e-12	6.240494232478966e-14	False	False
51	14.199999799008536	0.024604331732017	3.8038278833503467	8.67295527950043	0.9964498194729171	6.666450633855769	-0.008308299315781892	0.9715385739860941	10.039095845742404	0.9955627639669914	14.204399347401832	0.024624369816456528	14.199999799011886	0.0246043317320562	23.73136743161017	3.3502089991088724e-12	3.9201281110123887e-14	False	False
61	14.199964552185746	0.034051145426843496	3.404573646397837	9.062070705744922	1.0986665548401922	5.846483940905025	0.08380810719794235	1.0711998909691873	3.2602653052403436	0.32475686608999027	14.202274055937236	0.03406690297133239	14.199964552218068	0.03405114542957496	24.432194003462698	3.232258904972696e-11	2.731460890803561e-12	False	False
62	14.199953941180414	0.03398766368028685	4.107691646380245	9.022208755239873	1.1145946069407349	6.060145778562141	0.17184253676871578	1.0867297417672164	4.542335389209667	1.3932410291606039	14.202591848574837	0.03400568024012203	14.199953941178016	0.03398766367985519	23.89569993188145	-2.398081733190338e-12	-4.3166165086816477e-13	False	False
71	14.199955838312578	0.03726914253049693	4.198160371078362	9.278391207748234	1.1804517749224446	5.829455024675003	0.15925715513595579	1.1509404805493835	1.5715261511111427	0.3459731650032511	14.20214570005603	0.03728578770364954	14.199955838384849	0.03726914253049556	24.60570216288935	7.227107801099919e-11	-1.366962099069724e-15	False	False
126	14.199992801091968	0.032790251762284915	4.2498168099507705	8.987798193385224	1.0876476319297705	6.201400865715509	-0.059792656468289025	1.0604564411315263	2.582320542691251	1.6431928548344101	14.203920861526425	0.03281426426983415	14.199992801070932	0.032790251761416624	22.95724563424308	-2.1035617692177766e-11	-8.682915497715271e-13	False	False
129	14.20001345450957	0.03262793608448082	3.418260738799924	8.861408469211735	1.0273553232507415	5.1120261561759275	-0.21045770397599317	1.001671440169473	4.617163067572576	1.7879899072330678	14.20233551973752	0.032643597331855206	14.200013454512286	0.03262793608411392	23.149344028223815	2.716049607442983e-12	-3.669009540629986e-13	False	False
147	14.20003627101824	0.033677162212656264	3.643761132661369	8.602816467812605	0.9353518499450525	4.194945320927968	-0.2624097689577283	0.9119680536964262	6.420948433563348	1.3906696253938229	14.20166086154371	0.03368954550475155	14.200036271015598	0.033677162212734604	24.185577638129818	-2.6414426201881724e-12	7.834011217511261e-14	False	False
188	14.199963971162273	0.032466863138924384	3.2633262506372396	8.869821486241904	0.9277978779805216	2.9338980731652406	-0.10829996845622866	0.9046029310310085	1.2778866824536914	0.19901836865313677	14.200220947712692	0.032470181883097866	14.199963971152588	0.032466863138669755	22.62888206854646	-9.684697488410166e-12	-2.5462965069777965e-13	False	False
199	14.199916946336556	0.022059935524787258	2.7187224550600835	8.611108470966792	0.9216495931007762	3.7235351837938953	-0.3570065185487985	0.8986083532732568	4.174067953279482	3.2663834834437626	14.201076217652558	0.022066273930838202	14.19991694642543	0.022059935524312006	24.03515209572713	8.887468538887333e-11	-4.7525178237251e-13	False	False
210	14.199980011690824	0.016630214153649316	1.9720247008913683	8.519279541329594	0.9087212701392392	3.8588762646542065	-0.3863899341347532	0.8860032383857582	13.576941372345294	3.252688150818954	14.201509598523186	0.016636164553251925	14.199980011686288	0.01663021415373789	24.097061295544854	-4.53681536782824e-12	8.857498068337577e-14	False	False
225	14.20000073724903	0.022610910990663043	1.7350525575627336	8.488983065114484	0.904019367619207	3.6393382304475463	-0.3666184696206856	0.8814188834287268	20.051446745193704	1.4768751072341118	14.201410188912504	0.022618658631085736	14.20000073726981	0.022610910992265452	23.72215964242357	2.078159866414353e-11	1.6024091775701521e-12	False	False
229	14.200020391531845	0.020178225020244276	1.7986224739137047	8.680983170288835	0.9392506651185999	3.5292414023313157	-0.5186632817383119	0.9157693984906349	16.43343659997936	0.8195636359216038	14.200931644030817	0.02018332043440888	14.200020391531623	0.02017822502051446	23.215741338549087	-2.220446049250313e-13	2.701831813833877e-13	False	False
230	14.200035914876713	0.028826917485904192	0.9625072076150633	8.817334566242202	0.9392506651185999	3.5292414023313157	-0.5186632817383119	0.9157693984906349	17.996867004160773	1.0951371549504976	14.200769404689602	0.02883248077272478	14.200035914879024	0.02882691748549279	24.23588794401506	2.311040248059726e-12	-4.114035501157076e-13	False	False
236	14.200017846561538	0.028074025262457804	1.05751330410377	8.766110495039152	0.9332282870173142	3.251923766997928	-0.30849588312789844	0.9098975798418814	15.71421791402935	0.8731640851930679	14.200629303512564	0.02807894428452979	14.20001784656421	0.028074025262361788	23.65056890415596	2.6716406864579767e-12	-9.601694439531627e-14	False	False
240	14.200030298918465	0.015662846614433765	0.7714785489498668	9.105510441493601	1.09617142693029	4.107610637082753	0.3218380614800066	1.0687671412570328	0.5135948313696661	0.032683448465554155	14.200543414844612	0.015665490229773114	14.200030298939836	0.015662846614446824	22.282284065143017	2.1371349134824413e-11	1.3058998327153404e-14	False	False
256	14.199976514579841	0.013075349815515041	0.5199523514441391	9.27098495160349	1.0840628111362256	4.338270410359413	0.1007688947596194	1.05696124085782	5.477243816098447	10.66452285255989	14.200560232274546	0.013077335322385742	14.199976514574919	0.01307534981545934	24.149997107316825	-4.922284801978094e-12	-5.57002360901393e-14	False	False
267	14.199950363649156	0.011638722247244843	0.5445734794977249	10.1588854107411	1.112687464005971	4.02235337503425	0.14414466808761392	1.0848702774058216	3.7327003633837306	0.6814924602064929	14.20001135411002	0.011638944391474884	14.199950363649194	0.011638722247239965	23.917606978902555	3.730349362740526e-14	-4.8780424144467815e-15	False	False
275	14.19997480338776	0.014472271731078443	1.364928110456694	10.181070045503114	1.1152368545229359	4.016280410597586	0.07775514206091716	1.0873559331598623	6.987861901329216	1.8720661239989402	14.20003209502997	0.014472542569580407	14.19997480338923	0.014472271731074241	23.69506076732062	1.4690471061840071e-12	-4.201500258815827e-15	False	False
277	14.199925386493671	0.009979596145216417	0.853589426045759	9.355082136487104	1.0816341232118771	4.331489395090543	0.12246855350776495	1.05459327013158	1.1305736029829347	0.1617910626951399	14.200358410570589	0.009980762358357194	14.199925386493964	0.009979596145216993	24.27825711841699	2.9309887850104133e-13	5.759281940243e-16	False	False
280	14.199976507225166	0.019663051452787857	1.1593211608875729	9.486238152434762	0.9889551270619262	3.3704942128414843	-0.06423331671230363	0.964231248885378	11.279385305968244	9.976692606486143	14.200097830483378	0.019663854785528758	14.199976507227335	0.019663051452782576	23.93897892961196	2.168931700907706e-12	-5.280498260873401e-15	False	False
285	14.200029801921	0.018562739266758433	1.6690952449008432	9.536711724728628	0.9673927626890563	3.1734988872435266	-0.07629591620234621	0.9432079436218298	9.778313146565202	0.8669189748656975	14.200107622691725	0.018563286541552464	14.200029801923211	0.018562739266773876	23.63355505474679	2.211564265053312e-12	1.5442508383145537e-14	False	False
287	14.19999116115131	0.01666276568549043	2.2088792708124516	9.753327548536074	0.9438007009878491	3.0347360519019237	-0.1886738741473855	0.9202056834631528	12.186198834591723	1.2462475533290047	14.200030431206397	0.016663023025159224	14.199991161152974	0.016662765685499074	23.86547199812341	1.6644463585180347e-12	8.642392357316453e-15	False	False
294	14.200056003920041	0.026598976229636986	2.2187129411006796	10.404211150577105	1.0716457843157654	3.767774434501796	0.0740582272746193	1.0448546397078713	5.748674103238297	0.47173644392869424	14.20007711296119	0.026599181911421146	14.200056003919851	0.026598976229622213	23.50498953956886	-1.900701818158268e-13	-1.477290512141849e-14	False	False
306	14.199997289201619	0.012367444117237088	2.5337993743653304	9.802685017124128	0.9800854275880977	3.4483297304151	-0.1409870895284322	0.9555832918983952	3.9227336638688577	0.6823718988799756	14.200055433812008	0.01236768568824091	14.199997289201947	0.012367444117238821	24.56013936440899	3.2862601528904634e-13	1.7329887525008303e-15	False	False
315	14.20003030559757	0.0036243512118299265	2.8937616785639992	9.360445405185294	0.9709186180521688	2.845230062683871	-0.1166772054876081	0.9466456526008646	0.017732219515471718	0.004520373044644341	14.200092698793005	0.0036244850613246986	14.200030305597334	0.003624351211825185	21.95338667684953	-2.362554596402333e-13	-4.741432940713608e-15	False	False
316	14.199981404382003	0.024389531577015646	3.1467327206312485	9.787593430379907	0.9709186180521688	2.845230062683871	-0.1166772054876081	0.9466456526008646	0.36335295601812834	20.49111537904748	14.200004499779604	0.024389868305041168	14.199981404381507	0.024389531577018234	22.130537360828683	-4.956035581926699e-13	2.588207426157396e-15	False	False
319	14.199994337557582	0.005772959823955513	2.661984257509833	10.636485703121584	0.9933917930001408	3.0569991263970135	-0.08207785306368318	0.9685569981751373	0.4851850299902789	1.3352995261336806	14.199999117299832	0.005772973748595055	14.199994337557577	0.005772959823956386	22.66931944105432	-5.329070518200751e-15	8.734332701543224e-16	False	False
327	14.199939276808957	0.007217547210718847	2.101184185799489	10.812464714275475	0.9616877188403425	3.2116839878470813	-0.15146511973524573	0.9376455258693339	1.258837964958095	2.594552360742286	14.199943572816593	0.007217558627318975	14.199939276808898	0.007217547210718348	24.315786721181112	-5.861977570020827e-14	-4.996003610813204e-16	False	False
334	14.200003066018335	0.018100264919901153	1.786506159623384	10.388041923485032	0.9624534796042195	3.3246043570634893	-0.20320719819070673	0.938392142614114	3.290211984787343	2.613689828537122	14.20001712039631	0.018100348568764045	14.200003066019576	0.018100264919899838	24.908212134562643	1.241673430740775e-12	-1.3149203947904198e-15	False	False
335	14.200070722597548	0.020031802907021244	1.8453770211260088	9.964990698633454	0.9738991305389219	3.2412086036245147	-0.07138258314692118	0.9495516522754488	4.465498671757877	1.3572069800987296	14.200101761062651	0.020032035595715	14.20007072259143	0.020031802906993853	23.90950899178064	-6.117772954894463e-12	-2.7391283685673784e-14	False	False
344	14.20003978638934	0.02954913454267516	2.34231469506489	9.69955071260855	0.8399071730410599	2.461751163427036	-0.4514662556376964	0.8189094937150334	14.848124791716709	3.3250765218281058	14.200060376635554	0.029549388499499125	14.200039786389283	0.029549134542675437	24.288786036472494	-5.684341886080802e-14	2.7755575615628914e-16	False	False
383	14.20004044462921	0.03616078565663944	2.247784166947854	9.326796861231049	0.8435411613617725	2.3384957595417695	-0.42930010093841675	0.8224526323277281	7.520274962242854	0.5064797789440841	14.200079021412638	0.03616147169147643	14.200040444628947	0.03616078565664735	23.36938607172969	-2.6290081223123707e-13	7.91033905045424e-15	False	False
462	14.200040315339981	0.025904587751752292	1.9592134333916054	9.516970088610359	0.9319837302834542	3.167127690755156	-0.3043027396209491	0.9086841370263677	4.175923055598027	0.5552886133238665	14.2001275028931	0.025905324621787313	14.200040315342225	0.025904587751770753	24.812585523092864	2.2435386881625163e-12	1.846092723134518e-14	False	False
465	14.200087862387015	0.030505863714013044	2.3346224650130445	9.952224045014896	0.9711487656411044	3.1457102229530696	-0.12661397199313495	0.9468700465000768	2.1276864275080305	0.5095128428326198	14.200116467481664	0.030506211304115384	14.200087862387186	0.030505863714018266	23.604727263036402	1.7053025658242404e-13	5.221517662690189e-15	False	False
478	14.20009051860102	0.037242334330460786	1.4474392631103923	10.099320177538907	0.9616877188403425	3.2116839878470813	-0.15146511973524573	0.9376455258693339	0.7586918648425435	0.3565806760966801	14.20011542859812	0.03724264883670403	14.200090518602016	0.037242334330468474	24.384531344857145	9.965361869035405e-13	7.688294445529209e-15	False	False
493	14.200069250325532	0.04341349743162211	1.0583523231692775	9.642800059623397	0.9673927626890563	3.1734988872435266	-0.07629591620234621	0.9432079436218298	0.7987042373377298	1.052738633889913	14.200138875314355	0.043414539531256714	14.200069250322503	0.04341349743159519	23.86004325449305	-3.028688411177427e-12	-2.691596945325614e-14	False	False
504	14.200031513241722	0.029016264086645337	1.7747633283581028	9.434662077396302	0.9324898669579076	2.838883928246456	-0.2580853237452728	0.9091776202839599	9.121278132243015	11.42009483090561	14.200099390235026	0.02901709139973237	14.200031513245252	0.029016264086635348	23.304115553544086	3.5296210398882977e-12	-9.988537774674455e-15	False	False
513	14.200016852553977	0.0146198742554858	1.7302465558319322	9.369810666300303	0.8789181410075054	2.863200428749347	-0.14762976573580905	0.8569451874823177	4.729590674098545	0.5185227997137601	14.200091679495815	0.01462026349484063	14.200016852554203	0.014619874255480747	24.609145658802696	2.255973186038318e-13	-5.053249485520439e-15	False	False
522	14.200003221872862	0.01945463249404896	1.4652935950952137	9.382516105927659	0.8789181410075054	2.863200428749347	-0.14762976573580905	0.8569451874823177	6.222164793009201	1.3155820919312724	14.20007828140891	0.019455141016335886	14.200003221873637	0.019454632494069694	24.673365243015645	7.744915819785092e-13	2.0733414984874798e-14	False	False
527	14.199980602195577	0.0171139016309781	1.100669834115193	9.608656993767374	0.9673927626890563	3.1734988872435266	-0.07629591620234621	0.9432079436218298	10.579389225651527	1.700274675710583	14.200051397414553	0.017114339754555185	14.199980602197499	0.017113901631004933	23.829065991889596	1.922018100231071e-12	2.6832702726409252e-14	False	False
544	14.199978082059259	0.01162103389983652	0.5826086429411381	9.214874158122486	0.9368909314826079	3.2313549768546292	-0.3095653783090546	0.9134686581955427	1.4287242927139043	0.1350478994807866	14.200202745234277	0.011621790950428434	14.199978082065568	0.011621033899933738	25.02304628659123	6.30961949354969e-12	9.721737304069222e-14	False	False
560	14.199980527886835	0.01285976027640013	0.7364042624396424	8.688645954371921	0.9801192928750122	3.790134309910548	-0.15089936035366094	0.9556163105531369	2.8055567801254067	1.9636796227466449	14.201237143202608	0.012863866093852283	14.199980527883225	0.012859760276440384	23.000395442024494	-3.609557097661309e-12	4.025425826004181e-14	False	False
564	14.200016657684772	0.028510243713636564	0.5964463679862604	9.232561919689465	1.0117784515788764	3.4451384882238454	-0.035096273413443846	0.9864839902894045	9.796363324974058	3.4917715422377467	14.20029066400427	0.02851271831997346	14.200016657680429	0.0285102437133618	23.456152415518506	-4.343192472333612e-12	-2.747628513599665e-13	False	False
569	14.199976573760006	0.022830329183068793	0.4537034575361719	9.832266628850823	1.0437045990955292	3.5025423625047227	-0.060629253052776305	1.0176119841181408	12.168571910444008	1.2421519605568765	14.200062341815018	0.022830956432181474	14.199976573759994	0.022830329183082	23.899057534366385	-1.2434497875801753e-14	1.320818454608741e-14	False	False
585	14.199949519261311	0.033068693147929304	0.6536782990329892	9.304369520557398	1.1101178028662273	4.028902160504577	0.11685219881734626	1.0823648577945717	1.3789260411472097	0.11331864176795545	14.200418435501131	0.03307326301222896	14.199949519261214	0.03306869314781033	22.818830044819233	-9.769962616701378e-14	-1.1897427487639334e-13	False	False
597	14.199918211041268	0.017516780427293793	0.8145877340674419	9.506546195945957	1.0030062615280146	3.442105643526653	-0.07906276902292741	0.9779311049898143	2.5037097201086618	1.815695436446815	14.200056318105615	0.017517556368446176	14.19991821104105	0.017516780427284603	24.05755479485601	-2.184918912462308e-13	-9.190564975725124e-15	False	False
617	14.19994084146895	0.018091427234601967	0.7464073757040478	9.155493415241985	1.004867075019875	3.408637143391768	-0.11455164268883204	0.979745398144378	4.321475045823115	1.726028784852727	14.20026101441865	0.018093259827078073	14.19994084146995	0.01809142723454967	23.390505613501112	1.000088900582341e-12	-5.2294973906796827e-14	False	False
618	14.199953846842165	0.0263089913920753	0.7006737246023482	9.35544484448354	1.112687464005971	4.02235337503425	0.14414466808761392	1.0848702774058216	2.3560960535447224	0.5452064465400506	14.200343915310057	0.026312137567669012	14.19995384683779	0.02630899139213862	22.83303137047189	-4.375166895442817e-12	6.332087632010541e-14	False	False
629	14.19997862380088	0.033705152947828936	1.4727303369774851	9.435161530518734	1.1142146404061195	4.547170117528122	0.11085938203571777	1.0863592743959665	6.023768039956809	2.5566733711446576	14.2004716777455	0.03370944916954892	14.199978623815387	0.033705152947951615	24.210007407805985	1.4507506307381846e-11	1.226796442210798e-13	False	False
641	14.200038200408946	0.028542288686580475	1.3892334085966742	10.435812951799733	1.1766441139564598	4.266668463417247	0.07299663254028699	1.1472280111075484	7.986091048771433	1.3257633753156097	14.200092858361835	0.028542773549537066	14.200038200410068	0.028542288686582044	23.66376609704275	1.1226575225009583e-12	1.5681900222830336e-15	False	False
645	14.200008686786408	0.022853128709737686	1.5944551852033586	10.515735435426667	1.0201065386296941	3.4542375864901547	-0.11157641506956498	0.9946038751639518	13.6791388073256	1.7128703797372777	14.200021835718262	0.02285323497402304	14.200008686785944	0.02285312870973269	23.980497945988365	-4.636291350834654e-13	-4.9960036108132044e-15	False	False
655	14.199977387077894	0.030250908773599785	1.1003185735485121	10.709430804155758	0.9470874419773666	2.8759347493957783	-0.13133409916632297	0.9234102559279325	9.059294997116835	0.6622708581818983	14.199981275397517	0.030250958154899265	14.19997738707784	0.03025090877360084	23.396689800782937	-5.3290705182007514e-14	1.0547118733938987e-15	False	False
671	14.19998953936991	0.03190002929678098	1.390071119373819	11.07932730958552	0.9022312339796661	2.6641379225975053	-0.3348508061563231	0.8796754531301744	15.765567178723845	1.7402642461407112	14.199990808291233	0.03190004627987783	14.199989539369893	0.031900029296781124	23.771102713173512	-1.5987211554602254e-14	1.457167719820518e-16	False	False
684	14.199971899398296	0.024674045016469026	1.5403955511857783	10.93717277216873	0.975540301093477	3.1680319482968686	-0.2028326016136897	0.9511517935661401	13.273616335314268	0.8419371269577571	14.199975366722768	0.024674076812475902	14.199971899398136	0.024674045016468762	24.008156042281424	-1.5987211554602254e-13	-2.636779683484747e-16	False	False
696	14.19997196445697	0.02621908989532091	1.6342270953875118	11.225129961622038	1.1571700999123333	4.116219600183134	0.25114271330563964	1.128240847414525	5.032856104603999	0.37916239082593917	14.199976746165593	0.026219137232209994	14.199971964456694	0.0262190898953214	22.961896904070354	-2.7711166694643907e-13	4.926614671774132e-16	False	False
698	14.199918471228877	0.036719088577342573	1.4808361351795818	11.441820288138754	1.1750113596318754	4.283832505320023	0.15267265032337604	1.1456360756410786	1.4365633924609156	0.28543700884807016	14.199923267675596	0.036719143920327955	14.199918471227338	0.03671908857734418	23.82268405954202	-1.538325022920617e-12	1.609823385706477e-15	False	False
708	14.20002424724294	0.030187637710299833	0.9681292110942814	10.535792166630356	1.137874397528621	4.079547924047399	0.17243583845771937	1.1094275375904055	9.212289003214492	6.412727103837243	14.200051174244093	0.03018790486287876	14.200024247242986	0.030187637710289913	23.526712208455137	4.618527782440651e-14	-9.919148835635383e-15	False	False
728	14.200031592205805	0.03316714580125646	0.4850056408778298	9.443230768494496	1.0641046668542256	3.7939254821255144	-0.012865340294876917	1.0375020501828698	7.027776597798426	0.7628697488046877	14.20031751797844	0.033169877301550424	14.200031592205676	0.033167145801305295	23.832093497837917	-1.2967404927621828e-13	4.8835935295699073e-14	False	False
734	14.19999637985915	0.03369657385529945	0.6272221596475964	8.905762115883888	1.022772951177602	3.9605363705949888	0.01676113520011622	0.9972036273981619	5.92566571859913	0.8431778722811776	14.200893878737267	0.03370447764702539	14.199996379863471	0.03369657385539131	23.347958225619927	4.320099833421409e-12	9.185707749992389e-14	False	False
749	14.199967317696284	0.025240563585742386	1.2006808981374668	9.255745475646375	1.0695108389837014	4.264170514583873	3.6555851743225176e-05	1.0427730680091087	8.802108039672513	1.4854209565087304	14.200545130943652	0.025244350835231178	14.199967317712177	0.02524056358486084	24.122551942370354	1.589306464211404e-11	-8.815448371279899e-13	False	False
751	14.200008903718265	0.028442566609444296	0.6402855226058312	9.733132635903385	1.1309180426017031	4.343963539873779	-0.08691866969755302	1.1026450915366606	9.434116348437307	1.0718019258473346	14.200340671494843	0.028444992843330213	14.200008903719674	0.028442566609328878	24.212708727772217	1.4086509736443986e-12	-1.1541809175064088e-13	False	False
752	14.19994529889594	0.020836690366931372	1.0973741641893584	9.5879655224873	1.0716457843157654	3.767774434501796	0.0740582272746193	1.0448546397078713	4.8031223668543666	0.5091226554196535	14.200102161180073	0.020837788063732172	14.199945298895077	0.020836690366926813	23.32982473738573	-8.633094239485217e-13	-4.558853294867049e-15	False	False
758	14.199924870480734	0.028553042501913383	0.9338686953700336	9.84172047564356	1.0888685227730024	3.9458303337380984	0.023974735162542837	1.0616468097036773	3.3253725004509613	0.6923355780812213	14.200048406229774	0.0285541031475455	14.199924870479757	0.028553042501970258	24.005456495997908	-9.769962616701378e-13	5.68746438833756e-14	False	False
768	14.199968686466852	0.023606514420012423	1.245146942914685	10.09826769633905	1.0201065386296941	3.4542375864901547	-0.11157641506956498	0.9946038751639518	11.226101764670931	3.375893005414742	14.200004785690936	0.023606806026472887	14.199968686466601	0.02360651442000862	24.000333050341077	-2.504663143554353e-13	-3.802513859341161e-15	False	False
776	14.199986789664937	0.022425268748343944	1.1083166299184144	9.34507394993673	0.984483328725952	3.518689731160211	-0.12196740605268762	0.9598712455078032	7.630186307792524	0.6796826242752474	14.200192527949602	0.022426650066266447	14.199986789660821	0.022425268748313652	24.52970168224085	-4.11581879689038e-12	-3.0291741337507005e-14	False	False
795	14.200041626937589	0.01711614454614596	1.0453386456472278	9.486763175138247	0.9738991305389219	3.2412086036245147	-0.07138258314692118	0.9495516522754488	7.783402426979708	1.0200802592501192	14.200145105458791	0.017116762497034543	14.200041626937866	0.017116144546096147	23.855977090425903	2.7711166694643907e-13	-4.981431933614999e-14	False	False
812	14.20002954877447	0.03931143293247955	1.4906525193440507	9.33529735820809	1.0437045990955292	3.5025423625047227	-0.060629253052776305	1.0176119841181408	0.9402104982512788	0.12079685035842616	14.200257868280787	0.03931455600919117	14.20002954877844	0.03931143293233022	22.81220725674848	3.97015753605956e-12	-1.4933193570598746e-13	False	False
816	14.200046643416853	0.036007941943704595	1.3834913698087126	9.268536216814116	1.0223620254160557	3.5696450326012625	-0.08926372095770281	0.9968029747806543	3.6017445220254865	3.83078526428333	14.2003271578895	0.036011117999125764	14.20004664341342	0.03600794194370539	23.4840474966784	-3.431921413721284e-12	7.979727989493313e-16	False	False
817	14.199975621081794	0.04423843766036682	1.924303471525092	8.953406319336112	1.0238814110111807	4.373171785856636	-0.1080348984496296	0.9982843757359011	1.3944218432286084	0.3871517912226705	14.20110191601183	0.04425012732649384	14.199975621082528	0.04423843766074493	24.02110405947691	7.336353746723034e-13	3.781072677178088e-13	False	False
825	14.200028048173516	0.03183651928513216	1.9451440697122628	8.81263699828082	0.9803715236618291	4.762891948722991	0.08538406908816862	0.9558622355702834	0.5633620978552702	0.40401123992068005	14.201298112066178	0.03184569891889162	14.200028048182428	0.03183651928499034	25.28612762063762	8.911982263271057e-12	-1.4182405250195984e-13	False	False
828	14.2000638980562	0.025077515317494553	2.1515639509481157	9.245649409536002	1.1505601942601753	5.276705531332497	0.11441832230522628	1.121796189403671	4.592219512450325	8.151452733389393	14.201564966814496	0.02508585050442971	14.200063898106029	0.025077515317442893	23.963006884493904	4.9828585702016426e-11	-5.1660065114589315e-14	False	False
831	14.200054883745747	0.018597740008315863	2.8508801208384615	9.871107030427208	1.1677104689986129	4.846801194729088	0.09782885241288691	1.1385177072736474	0.674664248979301	0.14691463401306626	14.200348658461209	0.018599120965187642	14.200054883754133	0.018597740008279098	25.1332938940934	8.386180638808582e-12	-3.676572934985245e-14	False	False
846	14.200107364536596	0.020383998661370327	2.81266877613134	9.819905753680858	1.177875457439569	4.427626025458739	0.12715535667068903	1.1484285710035798	0.7197515723489177	1.0668292760996738	14.200335000256613	0.02038541137309912	14.200107364538072	0.020383998661151943	23.356019765810597	1.4761525335416081e-12	-2.1838433839072025e-13	False	False
863	14.200082203712936	0.02896292830373128	2.882540952796334	9.913240777029802	1.1072823335741995	3.942510364071554	0.11545863425922842	1.0796002752348444	1.2129307125982172	1.6852074510095247	14.200166335937489	0.028963798225613076	14.200082203711906	0.028962928303734155	23.032250755213045	-1.0302869668521453e-12	2.876171523169546e-15	False	False
866	14.20003741357878	0.03775647595991583	2.6554027297694707	9.73385641253909	0.984483328725952	3.518689731160211	-0.12196740605268762	0.9598712455078032	1.9380495734325869	1.597823810793853	14.200115716587938	0.03775739868217143	14.20003741357931	0.03775647595990224	24.631157193075836	5.293543381412746e-13	-1.359329315775426e-14	False	False
875	14.199944988196304	0.02298974164865967	3.2959290535140586	9.482525806246029	0.968210625915468	3.3582732724107953	-0.2295038827790705	0.9440053602675813	6.824448757557782	3.521297314119072	14.200059865593634	0.022990624460311183	14.199944988201894	0.022989741648661303	24.265080773127096	5.590194973592588e-12	1.6341095143701523e-15	False	False
878	14.199958301106443	0.022198592254030574	2.5360981059719334	9.792108980737467	1.177875457439569	4.427626025458739	0.12715535667068903	1.1484285710035798	6.4228336172652	0.9411505376389835	14.200197692817346	0.022200223068590336	14.19995830109326	0.022198592254184066	23.359811291956998	-1.3184120462028659e-11	1.5349180260137985e-13	False	False
879	14.19996828540247	0.03401786377861149	2.895573774191473	10.341777530985336	1.0030062615280146	3.442105643526653	-0.07906276902292741	0.9779311049898143	6.776510061382534	1.0550654843629481	14.199985722744282	0.03401807267331216	14.199968285402566	0.034017863778605384	23.981324725363002	9.592326932761353e-14	-6.106226635438361e-15	False	False
882	14.200017669908515	0.017636633274438013	2.430155599009951	10.772392689410795	1.0719318839606113	3.6746077482363813	-0.07482658978114849	1.045133586861596	7.820758340374621	1.1540982407659912	14.200026936779805	0.017636695691737328	14.200017669908352	0.01763663327445082	23.37976728901923	-1.6342482922482304e-13	1.280572869966079e-14	False	False
889	14.20002547590494	0.012761366453936001	1.6659898796147028	11.127237152589885	1.0030062615280146	3.442105643526653	-0.07906276902292741	0.9779311049898143	5.181192420642945	0.6624923306855127	14.200028383145483	0.012761379437783268	14.200025475904926	0.01276136645393572	24.266721354126215	-1.4210854715202004e-14	-2.8102520310824275e-16	False	False
894	14.20001123339238	0.02998449151462066	1.830828873299395	10.167713383330126	1.0659903963432453	3.6208435152213325	-0.0016593919392337286	1.0393406364346642	7.476144433848724	1.4429389659535157	14.200046272065983	0.029984882286775094	14.200011233391661	0.029984491514581095	23.288300468352233	-7.176481631177012e-13	-3.9565573040079016e-14	False	False
895	14.200016526068483	0.03452993108347917	1.6568243281080968	11.139983725900084	1.0201065386296941	3.4542375864901547	-0.11157641506956498	0.9946038751639518	7.601571521297881	1.0167769748911322	14.20001969711022	0.03452996932215838	14.200016526068241	0.03452993108347921	24.00388904439387	-2.4158453015843406e-13	4.163336342344337e-17	False	False
901	14.200037320220584	0.033684235133063206	2.304156509840516	11.059490428070998	0.9800854275880977	3.4483297304151	-0.1409870895284322	0.9555832918983952	2.0995255288498136	0.2761962474427056	14.200040678877217	0.03368427203214561	14.200037320220542	0.033684235133064296	24.823019503854642	-4.263256414560601e-14	1.0894063429134349e-15	False	False
906	14.200037939643845	0.035219937458577676	2.811303849637329	11.163353040209753	0.9324898669579076	2.838883928246456	-0.2580853237452728	0.9091776202839599	5.739654370911764	2.7337864160461667	14.20003913165089	0.03521995592732653	14.200037939643867	0.03521993745857743	23.411101504846634	2.1316282072803006e-14	-2.42861286636753e-16	False	False
913	14.20005304601455	0.0245057723477634	2.6354546335425613	11.924972889483449	0.968210625915468	3.3582732724107953	-0.2295038827790705	0.9440053602675813	2.6763981225733904	0.466299527744601	14.200053469092278	0.02450577578203534	14.200053046014542	0.02450577234776338	24.83172771070019	-8.881784197001252e-15	-2.0816681711721685e-17	False	False
924	14.19999437647893	0.029868557186286514	2.2343173360260256	11.639732302058817	0.9711487656411044	3.1457102229530696	-0.12661397199313495	0.9468700465000768	12.562574374108358	4.693836192811735	14.199994965773795	0.029868564193365137	14.199994376478925	0.029868557186286254	23.745638409735935	-5.329070518200751e-15	-2.6020852139652106e-16	False	False
932	14.200025280158828	0.018960688788956827	2.1036095839708207	11.110702119180209	1.0716457843157654	3.767774434501796	0.0740582272746193	1.0448546397078713	9.558542341454519	0.7608744877287897	14.200029409130192	0.018960717627125506	14.200025280158851	0.018960688788954135	23.591389198500554	2.3092638912203256e-14	-2.6922908347160046e-15	False	False
946	14.200037160272753	0.020211863255711303	1.7377963685106943	11.4607910822312	1.1571700999123333	4.116219600183134	0.25114271330563964	1.128240847414525	4.0180574241687586	0.4203629884802427	14.200039875744942	0.020211884343054286	14.200037160272576	0.02021186325571103	22.942962717747506	-1.7763568394002505e-13	-2.740863092043355e-16	False	False
954	14.20005984524067	0.02855729026298623	2.197928240215828	10.712576067451398	1.1289193011052552	4.213547357566373	-0.0019030496513413042	1.1006963185776237	4.568712850524701	1.1370451858262978	14.200082680142536	0.028557489908181095	14.200059845240736	0.028557290262992707	24.15738513764808	6.572520305780927e-14	6.477457459297398e-15	False	False
960	14.200074989882133	0.028841426733279444	1.57232903674229	10.974399045614746	1.144364413855215	4.4884630940610455	0.08815848089710435	1.1157553035088346	0.4241793013853802	0.09284437767557763	14.200091096756317	0.02884155376860714	14.200074989882246	0.02884142673327333	25.125530527906417	1.1368683772161603e-13	-6.113165529342268e-15	False	False
961	14.200035248296212	0.044793764122032065	2.42337960604936	11.571251503616859	1.1301529886856234	4.279217986423073	0.11162962966232093	1.1018991639684828	0.9410084584424528	2.2184214443493486	14.20003818979694	0.04479380384750685	14.20003524829627	0.04479376412203254	24.260351519514057	5.861977570020827e-14	4.718447854656915e-16	False	False
970	14.200017247228853	0.037488922267649785	2.7754589540410977	11.31229310655089	1.0716457843157654	3.767774434501796	0.0740582272746193	1.0448546397078713	4.399274086719437	4.67506327626541	14.200019934873405	0.03748895836443655	14.200017247228855	0.03748892226765075	23.48128760461933	1.7763568394002505e-15	9.645062526431047e-16	False	False
977	14.200042582627594	0.025798129312151155	3.342618710916313	11.5808401584431	1.0716457843157654	3.767774434501796	0.0740582272746193	1.0448546397078713	7.087832089245434	1.611136735181433	14.200043957651278	0.025798142517508626	14.200042582627612	0.025798129312152297	23.40755666476701	1.7763568394002505e-14	1.141448047192739e-15	False	False
989	14.200022451619375	0.027219084690247423	3.027624500705945	11.343854728931504	1.1491127888227313	4.294779890974873	-0.09078469497633807	1.120384969102163	3.1569653092727474	0.4454063343378153	14.200028215229137	0.02721913998837949	14.20002245162006	0.02721908469024917	22.86000597242522	6.838973831690964e-13	1.7486012637846216e-15	False	False
992	14.2000320782871	0.033395077218128885	3.508613448699902	10.695437684485299	1.1670258015636588	4.354209035520864	0.09877646275902377	1.1378501565245673	6.526948585197685	2.0674755487576966	14.200059495493083	0.03339536446402388	14.20003207829422	0.03339507721813164	23.765174139894807	7.119638212316204e-12	2.7547408798511697e-15	False	False
999	14.200034857587728	0.03327460816991782	3.5655253344474587	10.873341723041527	1.0888685227730024	3.9458303337380984	0.023974735162542837	1.0616468097036773	6.481901951854259	0.9930983624651822	14.200044606754735	0.033274716598039975	14.200034857587585	0.03327460816991428	23.779157654614067	-1.4210854715202004e-13	-3.5388358909926865e-15	False	False
1005	14.199953309958047	0.03215203021283452	4.134946862236039	10.747986384021075	1.177875457439569	4.427626025458739	0.12715535667068903	1.1484285710035798	5.768642677453862	0.8899614218637854	14.199979044167025	0.032152289915990125	14.199953309961849	0.032152030212786176	23.786544370765828	3.801403636316536e-12	-4.834327382852166e-14	False	False
1009	14.199988637412389	0.018201197385616465	3.8644998941283197	11.038705796246346	1.1065089457940411	3.9883056435638995	0.0861748796692902	1.0788462221491901	8.719430491412728	1.5115220302154808	14.199995147800886	0.018201239709140747	14.199988637412247	0.018201197385616714	23.43170893034007	-1.4210854715202004e-13	2.498001805406602e-16	False	False
1019	14.199993433857125	0.0167205293359289	3.89646215845629	11.348568003327863	0.9963910113445039	3.1760141152877646	-0.2578939482770269	0.9714812360608913	5.744122701973374	0.6587726925090387	14.199994554175206	0.016720538205152402	14.199993433857136	0.016720529335928738	23.030059143408156	1.0658141036401503e-14	-1.6306400674181987e-16	False	False
1021	14.20001337881614	0.014427216673158638	3.321328719369927	11.70424656828919	0.9711487656411044	3.1457102229530696	-0.12661397199313495	0.9468700465000768	8.327128567931693	1.4496780448424154	14.200013861327625	0.014427219555151116	14.200013378816145	0.014427216673158638	23.579586688378107	5.329070518200751e-15	0.0	False	False
1039	14.200035549083731	0.02960369319593103	3.654480892405954	10.725875702255973	1.0785889889978753	4.128988073363098	0.16730975825676614	1.0516242642729283	8.106279574895721	0.9734783735792821	14.200048222809501	0.029603814582465166	14.200035549083612	0.02960369319593327	24.17014445116105	-1.1901590823981678e-13	2.2412627309620348e-15	False	False
1052	14.200032609131767	0.016321689225117807	3.5925780272406307	10.640982223107386	1.0326424195317674	3.830976406099092	0.20216605108882146	1.0068263590434732	9.16266827209604	1.1303173283674846	14.200042032989582	0.01632174524285123	14.200032609131947	0.01632168922511566	23.822400823269323	1.794120407794253e-13	-2.147587663259287e-15	False	False
1066	14.200007168652387	0.011602363991100826	3.2347960953984316	10.639485182164004	1.1794272367659862	4.425404828465046	0.40244622207041847	1.1499415558468364	3.5299016083161145	0.38524821629372585	14.200027007382563	0.01160245188600626	14.200007168649023	0.011602363991113255	22.915149915608687	-3.3644198538240744e-12	1.2429293705373823e-14	False	False
1086	14.200099328169687	0.023249150308253298	3.2419354197857166	10.538463761171933	1.1794272367659862	4.425404828465046	0.40244622207041847	1.1499415558468364	0.8666064870508698	0.24550443134426944	14.200124763614982	0.02324937312142927	14.200099328170063	0.02324915030823192	22.89691988720116	3.765876499528531e-13	-2.137873211793817e-14	False	False
1095	14.200092662748872	0.014781816080519004	3.8499660704301837	10.044155380660815	1.1571700999123333	4.116219600183134	0.25114271330563964	1.128240847414525	0.10828499133959019	0.12495289725800754	14.200157945377072	0.014782208373186357	14.200092662740305	0.014781816080440354	22.375876107468194	-8.567369036427408e-12	-7.865062767731246e-14	False	False
1096	14.20006626731524	0.020396803134980178	3.983944563832802	9.521692848634371	1.1469240510710448	4.671209007526109	0.012464283641629173	1.1182509497942685	4.063539501290088	37.52634091779636	14.200629849931433	0.020399817491233922	14.200066267313742	0.02039680313487028	23.70950306193852	-1.4974688156144111e-12	-1.0989820165008268e-13	False	False
1104	14.200056448563242	0.03162984963423337	3.2494440338705366	9.54987620001456	0.9738991305389219	3.2412086036245147	-0.07138258314692118	0.9495516522754488	4.6647697825127565	1.1479572872447261	14.200135576332675	0.03163079432300558	14.200056448561924	0.03162984963421559	23.49687968138884	-1.3180567748349858e-12	-1.777744618181032e-14	False	False
1112	14.199998896341215	0.03762376344737224	3.641296214531173	9.188052844957681	0.8789181410075054	2.863200428749347	-0.14762976573580905	0.8569451874823177	5.596351138574097	1.1997057517294087	14.200110736299667	0.03762526560948192	14.199998896342432	0.03762376344739878	24.193680893068816	1.2168044349891716e-12	2.654126918244515e-14	False	False
1116	14.200005901835777	0.04495201947513537	3.8188614768686526	10.026881062714903	0.8399071730410599	2.461751163427036	-0.4514662556376964	0.8189094937150334	3.1701375257622577	0.5664650854217096	14.200015558426788	0.04495220023949141	14.2000059018358	0.044952019475135344	24.127586058070218	2.3092638912203256e-14	-2.7755575615628914e-17	False	False
1117	14.200004532463826	0.031524482532572784	3.8275275739807095	10.310513314606416	0.914349149209581	2.861212964513075	-0.31425885728419933	0.8914904204793415	15.44937857815722	4.873409576905477	14.200013092815645	0.03152459282962028	14.200004532463886	0.0315244825325707	23.895535044437143	6.039613253960852e-14	-2.0816681711721685e-15	False	False
1148	14.199999483701044	0.03478235360819936	4.05834896426417	10.065376978715797	1.0805347348645427	4.471756882976395	-0.2685659005771825	1.053521366492929	8.523942047788216	0.5517336509469457	14.20011015415163	0.03478346035507157	14.199999483701014	0.03478235360817022	23.91885547601791	-3.019806626980426e-14	-2.914335439641036e-14	False	False
1172	14.199942033144966	0.03920943637110948	4.110708728607741	9.906852898759405	1.0752462221909194	4.094230525389642	-0.030404403851362477	1.0483650666361464	1.4877924203737012	0.1745427657805055	14.20004925157549	0.039210675265339084	14.199942033148941	0.039209436371106014	24.309087910141372	3.9754866065777605e-12	-3.462508058049707e-15	False	False
1173	14.200014256233136	0.04617440592837205	4.4486363211428595	10.033256706675738	1.1543217073045604	4.5538894110955	0.12971651089311356	1.1254636646219465	0.8865534604661336	0.59588518420026	14.200153468619112	0.046176200222317124	14.200014256228608	0.04617440592842224	24.227355972669486	-4.5279335836312384e-12	5.018901960696098e-14	False	False
1180	14.199964430828318	0.03765168612255755	3.197235828876183	9.779638891558623	1.1494300231730006	4.5465541957798346	0.07577490542508732	1.1206942725936755	3.252293586923523	3.668468662017885	14.200233412312395	0.0376544324366594	14.199964430829867	0.03765168612254532	24.16092658635038	1.5489831639570184e-12	-1.2233269952588444e-14	False	False
1182	14.199993021515876	0.03344978029069951	3.883151942015605	9.217070373518625	1.0816341232118771	4.331489395090543	0.12246855350776495	1.05459327013158	6.36805766041536	1.9580205446455912	14.2005393589329	0.03345491867534668	14.199993021520726	0.03344978028907104	23.391155592267285	4.849454171562684e-12	-1.6284681936262757e-12	False	False
1186	14.199962907869299	0.03281987655933705	3.580222089178503	8.861564047658732	1.0519285984703883	4.726563211717777	0.1332039934748819	1.0256303835086287	3.3542351449666348	0.5267281365583384	14.20139037434186	0.03283121415686629	14.199962907887892	0.0328198765602478	23.143020321765523	1.859312703800242e-11	9.107506415695354e-13	False	False
1187	14.19996708869042	0.0284279829216485	3.338510074999292	8.769031592055702	1.009141877360912	4.550706793636929	-0.007807378994893241	0.9839133304268891	7.546118175514904	2.249728432676704	14.201519712112168	0.02843829976559263	14.199967088614972	0.02842798292025996	23.54681562949024	-7.544720403984684e-11	-1.3885420591108755e-12	False	False
1189	14.199982864915668	0.024748003372385852	3.4753923009613805	9.001804667346324	1.1140190197425819	5.799351382218562	0.18365225421534476	1.0861685442490172	9.949026875438069	1.3184297732998602	14.202351312307588	0.024760268060120227	14.19998286491318	0.02474800337322003	23.535755070361912	-2.488675931999751e-12	8.341764778929672e-13	False	False
1191	14.199994342077177	0.03572597610787144	3.8237314522046635	8.857679879169767	1.0408360182152467	6.239158457894956	0.05217924809432545	1.0148151177598654	3.592505647949111	0.3610911592588223	14.203075740425723	0.03574708224457177	14.199994342076915	0.03572597610826582	24.405529624357744	-2.6290081223123707e-13	3.9437897392247123e-13	False	False
1202	14.199970905311543	0.025554743500170375	4.013379376406638	9.103846896840519	1.1645382672394882	6.417764299672638	0.1301196761008967	1.135424810558501	1.1853395290981978	0.32994785402074017	14.204312718333464	0.025575598613146042	14.199970905302804	0.02555474350060758	25.13421663561105	-8.739675649849232e-12	4.3720582709738665e-13	False	False
1221	14.200027603530012	0.008473974755648494	4.465472972263622	9.136398077160928	1.1571020830696634	6.045669641869921	0.07821216017253974	1.1281745309929219	2.150532102793199	1.8142751928886707	14.203444781693289	0.008479638416129117	14.200027603521455	0.008473974755455027	24.266948652965734	-8.556710895391006e-12	-1.934667703817894e-13	False	False
1236	14.199954352269609	0.011246613325049556	4.218990670760259	9.057370633423357	1.0663798427282964	5.324934377085734	0.09047014988708271	1.039720346660089	0.9145695511558336	0.4252759351827175	14.201350875020252	0.011250067148999027	14.199954352218505	0.011246613332297052	24.837504669437777	-5.1104009912705806e-11	7.2474960061130744e-12	False	False
1271	14.199983074230097	0.01771342111094763	4.4055762323118834	9.722717304183817	1.1448257873056884	4.911624126557413	0.2320955490045986	1.1162051426230462	3.8431113721479337	4.202098536181318	14.200268242870122	0.01771476208758691	14.199983074234003	0.017713421110950932	24.755429887296494	3.906208689841151e-12	3.3029134982598407e-15	False	False
1277	14.2000236760559	0.0028454095884693636	4.282272841931624	9.472908827099584	1.1404286316573589	4.9756379066304754	0.16098704542409908	1.111917915865925	0.6099486776646615	0.15871220440945957	14.20061627345508	0.0028458311473894635	14.200023676053647	0.00284540958847143	24.560347481257374	-2.254196829198918e-12	2.0664893407573715e-15	False	False
1289	14.200083077371689	0.007561315730230808	4.368373906942252	9.239430444513058	1.0816341232118771	4.331489395090543	0.12246855350776495	1.05459327013158	0.5973584861515191	0.9793586051184715	14.20058172734675	0.0075624064741423415	14.200083077363594	0.007561315730292636	23.444426168003627	-8.094858117146941e-12	6.182814676902737e-14	False	False
1294	14.200100244786753	0.005184966801782438	3.6920262044247343	9.045075754511172	0.9940335784367128	4.1454092326027965	-0.07048380029261969	0.969182738975795	0.05782957491725109	0.09680882796161148	14.200708751345056	0.0051857820641387446	14.200100244792733	0.005184966801705638	24.91317590161002	5.979217121421243e-12	-7.680054509018319e-14	False	False
1299	14.200084735906403	0.023322644361803316	3.5311085148975754	8.561855692161908	0.8932582669183355	4.684614303774437	-0.40590172428714205	0.8709268102453771	0.007015321933451954	0.12131028013763283	14.202074612425958	0.023332112998433737	14.200084735903568	0.023322644361786986	26.114911286669322	-2.8350655156827997e-12	-1.6330686802845662e-14	False	False
1302	14.20016479078713	0.009888538746985826	3.366881517582375	9.265188944754746	0.959750592109831	3.592534088846103	-0.20696265680683346	0.9357568273070852	0.0025785107843295427	0.36755416341396074	14.200396501924587	0.009889208085990451	14.200164790783257	0.00988853874698499	25.04151539759437	-3.872457909892546e-12	-8.36136715420821e-16	False	False
1308	14.200165878852008	0.014498529090939093	2.4952533986917085	9.053804675217428	0.9392506651185999	3.5292414023313157	-0.5186632817383119	0.9157693984906349	0.014724807512613031	5.710585971600556	14.20052148795136	0.014500040548175526	14.20016587885339	0.014498529090972267	24.842756071555577	1.3820056210533949e-12	3.317485175458046e-14	False	False
1309	14.200054163465444	0.011988669934609803	2.1573810878033752	9.264189122381582	0.9420165670032447	2.616561037075901	-0.40503982339664185	0.9184661528281635	0.028471297916780852	1.9335599390615328	14.200103437812855	0.011989120626140224	14.200054163471194	0.011988669934637965	21.759779199556185	5.750067089138611e-12	2.8161500909007486e-14	False	False
1312	14.199957338570947	0.007268273754441191	2.107555211897921	9.832427325023627	0.9514358459818342	3.40707537055892	-0.1614084023500622	0.9276499498322883	0.22288166468340584	7.828293087827247	14.200008151346807	0.007268390178362541	14.199957338572355	0.007268273754437727	25.236969206611576	1.4086509736443986e-12	-3.4642427815256838e-15	False	False
1315	14.199984067009721	0.02363491592187172	2.5397916514858805	9.425196109307356	1.1430383852875874	4.760608585133835	0.14593781775964315	1.1144624256553977	10.87275484388884	48.7826347642061	14.200609271438097	0.02363869247674603	14.199984067016302	0.023634915921876467	24.107528952091926	6.581402089977928e-12	4.746203430272544e-15	False	False
1316	14.199987139022296	0.0221626813048935	3.535853945724859	10.11879861678902	1.112687464005971	4.02235337503425	0.14414466808761392	1.0848702774058216	7.257089771362328	0.6674563967972902	14.200040456547217	0.022163106564556365	14.199987139023081	0.022162681304894395	23.156947878075247	7.851497230149107e-13	8.951173136040325e-16	False	False
1336	14.199939501118912	0.026260974388043323	4.245309380127071	9.581444571984969	1.1098131543149026	4.24672875591049	0.1489466829581143	1.08206782545703	4.433028268365603	0.6108548203246793	14.200167442744398	0.026262856281466653	14.199939501118134	0.026260974387961218	23.363745548264912	-7.780442956573097e-13	-8.210446211798228e-14	False	False
1339	14.199929899487694	0.025883115572884877	4.392680563410958	9.169418278378146	1.1225777328173205	5.853817784855557	0.24736430331472817	1.0945132894968874	1.0858408530021004	0.24494336315216758	14.201466039839902	0.02589165074958971	14.199929899490431	0.025883115572838605	24.920181846075643	2.737365889515786e-12	-4.627201399820535e-14	False	False
1341	14.199983377819104	0.023615908396197108	4.387787438505927	9.28116126184591	1.1425700531562544	5.137928977988897	0.2029729616188483	1.114005801827348	12.01313256988456	11.06343764527832	14.200962480966771	0.0236214820173446	14.199983377819656	0.023615908396279365	23.948091100785053	5.524469770534779e-13	8.225711778386824e-14	False	False
1357	14.199946689189305	0.021633262444926474	3.987288668863333	9.046176042712554	1.091783315019316	5.443808258871809	0.10242669543227517	1.064488732143833	5.426482432013445	0.4517125238105643	14.201716263892479	0.021641510422063068	14.19994668918526	0.021633262444683197	24.08187357280839	-4.04476452331437e-12	-2.4327762027098743e-13	False	False
1364	14.19995873768339	0.020454165833892774	3.2662946320804114	8.812862395122432	1.0524466331254914	4.885722530934292	0.05923212135207326	1.026135467297354	1.841105157452974	0.3392815107244067	14.201891911087902	0.02046321427978776	14.19995873768352	0.020454165832612815	22.795607767899973	1.2967404927621828e-13	-1.2799587778555832e-12	False	False
1365	14.199992110145159	0.01668250110690814	3.467610398033298	8.879996052408758	1.018420645380402	5.228226388143648	0.052733863441932385	0.9929601292458918	1.5054555088177075	0.8176912126520727	14.201628579224096	0.016688402411089067	14.199992110150008	0.016682501106889333	25.01630248999239	4.849454171562684e-12	-1.8807871926540543e-14	False	False
1370	14.200003384896169	0.011937112094787683	4.144234527543401	9.10718829588709	1.0875840704409054	5.123572481188427	0.012278146472277734	1.0603944686798827	4.8473229867433725	3.2198380877759467	14.201442448920927	0.01194093428086367	14.200003384928646	0.011937112095257569	24.091358297438703	3.247713209475478e-11	4.698862826613137e-13	False	False
1390	14.199967102931838	0.02197923840777518	4.168202058604573	9.007122909103625	1.0329978080669142	4.803491066131494	0.10288242492415997	1.0071728628652414	3.1530394633052268	0.6504702640876766	14.20095267212592	0.021984403752705783	14.199967102893345	0.021979238409702583	24.77535077000163	-3.849365270980343e-11	1.927402681900503e-12	False	False
1394	14.199923020093493	0.01935403400433266	3.812547947594182	8.964747425412387	1.0663798427282964	5.324934377085734	0.09047014988708271	1.039720346660089	2.537210623243579	0.8046872399700019	14.201674299271007	0.019361416808972	14.199923020261304	0.019354034020269344	24.091249710369084	1.6781065426130226e-10	1.5936685998640954e-11	False	False
1424	14.19995163883638	0.011694600833687854	4.29377685449715	8.665432422022064	0.9517675568974353	4.979460457661546	-0.06779975645544428	0.9279733679749994	0.2682202951381476	0.10571463507245364	14.201880097953639	0.01169939414503029	14.19995163904904	0.011694600819160409	25.255227455770417	2.1266011174247978e-10	-1.4527445219014723e-11	False	False
1431	14.199921377474645	0.02854397679597526	4.251481918646392	8.666294985696643	0.9689360796925389	4.316612108250042	-0.16038065689825298	0.9447126777002254	2.9845636492844108	11.127284934748145	14.201536736007036	0.02855466743988743	14.199921377471073	0.028543976795807575	23.661990248677792	-3.5722536040339037e-12	-1.6768531008182208e-13	False	False
1438	14.199959129654085	0.033784638806612845	3.876355249746976	9.152155767852799	1.1404286316573589	4.9756379066304754	0.16098704542409908	1.111917915865925	1.831100743327392	0.613523770473591	14.201260702697624	0.03379523252068827	14.199959129650818	0.03378463880630116	22.92040273557304	-3.2667202276570606e-12	-3.116881752696088e-13	False	False
1441	14.199945069420105	0.03811877980774634	3.73217736882559	8.63638160474709	0.9700060908229418	5.789596735872532	-0.09993671839649909	0.9457559385523682	1.6196871291642172	0.88454288223432	14.203286171064516	0.0381432043617362	14.199945069415593	0.0381187798061838	24.29583656322245	-4.511946372076636e-12	-1.5625417626452531e-12	False	False
1447	14.199898530989188	0.03912714692126222	3.3434188345063696	8.782701186332133	1.0085668072408285	6.1698166845402245	-0.0030565579030694817	0.9833526370598077	0.14235967858378323	0.08789331965442175	14.203036462854957	0.039150456531485814	14.199898530987134	0.03912714692158721	24.701778625308037	-2.0534685063466895e-12	3.2499003488339895e-13	False	False
1449	14.199942537853177	0.04309076538790122	2.9789958310124685	9.09870703552454	1.156267884803391	5.454057004358557	0.0439415399350116	1.127361187683306	0.021236319668364683	0.1491736977747279	14.20285878517145	0.043116602811607445	14.19994253784125	0.043090765386211746	22.126912957882716	-1.1926459819733282e-11	-1.689474948829428e-12	False	False
1450	14.19989546793664	0.03836907999375383	3.5136032621620283	8.770203880666248	0.98788875855295	5.217302015145712	-0.021950575388995912	0.9631915395891262	0.058444263847045416	2.752090040069827	14.201887215276226	0.038384897867459966	14.19989546793589	0.03836907999413094	25.059644563064484	-7.496225862269057e-13	3.7710806699564614e-13	False	False
1454	14.199866482747769	0.03750846952196906	2.851283977713829	8.633973891560363	1.0117428543877747	5.342850390032057	0.13045313288115357	0.9864492830280803	0.05010832528469895	0.8573694317690018	14.202650309194183	0.037530530549876845	14.199866482754585	0.03750846952180868	23.1262407135896	6.815881192778761e-12	-1.6037865480100777e-13	False	False
1455	14.19988655354844	0.03863723100979432	3.080063280277395	9.298223848899754	1.1783669432254449	5.417994990127555	0.1380805753312749	1.1489077696448087	0.24104718542041068	4.810521685784951	14.201589611995729	0.03865142649215297	14.199886553179256	0.03863723090182452	23.75398442149607	-3.6918379464623285e-10	-1.0796979976746002e-10	False	False
1471	14.199936121256334	0.040749362225630734	2.5325809736161715	9.396781467490792	1.0478605377273422	4.40669595909302	0.09903376307577878	1.0216640242841586	0.19186478919590472	0.7959636154277143	14.200280888522633	0.040753046377472575	14.199936121251277	0.04074936222535499	25.08545686174888	-5.057287921772513e-12	-2.7574470484736935e-13	False	False
1473	14.199964336699155	0.04231177582214548	2.7553736591900146	9.423521528636925	1.150076357909184	4.982442340518601	0.4612777802446766	1.1213244489614542	3.650950101593926	19.028765605689646	14.200431708016662	0.04231726120863173	14.1999643367001	0.042311775822262816	23.672180488056412	9.450218385609332e-13	1.1733669591507123e-13	False	False
1475	14.19997861815834	0.022640930580084123	3.338622839456332	8.954186974492513	1.103264721277062	4.95515346498916	0.22712495622583934	1.0756831032451355	1.9519953384221744	0.5346540719825164	14.201442397268925	0.022649110159868494	14.199978618157113	0.022640930580272584	22.63555121252235	-1.227462576025573e-12	1.8846035843012032e-13	False	False
1476	14.199946595904043	0.020307802011149033	3.1962095108159017	9.170164652936947	1.1721516087243269	6.0431552718522905	0.17297947000264086	1.1428478185062187	5.872274468489524	3.0083445144065593	14.202806445190458	0.0203194213053754	14.199946595912703	0.020307802011445223	23.93650775480413	8.659739592076221e-12	2.96190155735232e-13	False	False
1492	14.19999575117416	0.019126545093573574	4.193071043956969	9.060206232740626	1.144503456504511	5.186480857500178	0.08387550532434163	1.1158908700918981	0.24975421958497024	0.042531087558176146	14.202161020422905	0.019135849625312333	14.199995751179564	0.019126545093762416	22.13314400042316	5.403677505455562e-12	1.8884199759483522e-13	False	False
1499	14.200051274342044	0.022200396689707403	3.7719894169001886	8.952331677095438	1.0896166491303638	5.784924273249456	0.047880290487943775	1.0623762329021047	4.038011600159323	16.167941454080335	14.202903198718792	0.022213127543435553	14.200051274204727	0.022200396687599606	23.307178502765886	-1.3731771275615756e-10	-2.107796576167331e-12	False	False
1536	14.200055785554737	0.0278005779736158	4.195655396789025	9.025883553231875	1.0608968504875318	4.534874987171462	0.05910414649281321	1.0343744292253434	5.006758982378012	1.2399070330012094	14.201035225593937	0.02780743952423023	14.200055785526182	0.027800577969777644	23.532710481161715	-2.8554936193359026e-11	-3.838155487878581e-12	False	False
1539	14.200035829677116	0.03709481025715963	4.161351720501468	8.763785091825	1.0088918075402644	5.164636785960692	-0.09830747720918717	0.9836695123517578	3.538589551347548	0.7067625111977845	14.202420523726571	0.03711307544968714	14.20003582966846	0.037094810258685315	23.689689183895716	-8.65618687839742e-12	1.525682358227698e-12	False	False
1574	14.19994315277373	0.027306314741317686	3.8215332670621303	9.005944860708523	1.0429381028167346	5.146623606172172	-0.24840703050362217	1.0168646502463161	5.518444713938036	1.5595040435917553	14.201852728828792	0.027317238380801034	14.199943152772033	0.02730631474267207	23.5168737720873	-1.6981971384666394e-12	1.3543853538688921e-12	False	False
1593	14.200027940635595	0.020392916314968666	4.3516699593250285	8.834295836799688	1.023625787108092	4.400169661996781	-0.06656283599958868	0.9980351424303897	5.458325090332565	0.9891056943175264	14.201378669606505	0.020399640350704084	14.200027940634433	0.020392916314994732	23.178361329720047	-1.1617373729677638e-12	2.6065954950027503e-14	False	False
1616	14.20004532026804	0.03296186846474243	3.672014526399411	8.971614277890769	1.0180334582594779	4.1744222628674015	-0.00867527298045366	0.992582621802991	5.366046247487651	0.9830939269248816	14.200833499692518	0.032968638950901914	14.200045320272926	0.032961868465091346	23.873321573911067	4.884981308350689e-12	3.4891534106407107e-13	False	False
1619	14.199979920491018	0.029335342955898125	4.116843708565668	9.102693919918202	1.0752462221909194	4.094230525389642	-0.030404403851362477	1.0483650666361464	1.0761785164831903	0.20055334353240997	14.200671601568047	0.02934122240274938	14.199979920563194	0.029335342954608948	22.51148020728817	7.217693109851098e-11	-1.289177098406924e-12	False	False
1632	14.19995342321537	0.021387863250944838	4.15350744045782	9.398547445685258	1.1552544890587433	4.958029325071333	0.15832590869454627	1.1263731268322748	7.344745782442512	6.824839624604452	14.200729823054273	0.021391995693797176	14.19995342323633	0.021387863250971247	23.949874580320817	2.0961010704922955e-11	2.640943019827091e-14	False	False
1639	14.199991851611308	0.01746000536735621	4.167647630478117	9.665607981990618	1.0030062615280146	3.442105643526653	-0.07906276902292741	0.9779311049898143	10.221824728586709	1.3917193367021368	14.200068985981275	0.017460502876915467	14.19999185160987	0.0174600053673477	23.586639409298527	-1.4388490399142029e-12	-8.507083926190262e-15	False	False
1644	14.199997920999213	0.02168918144833272	4.201420254391201	9.759217736658936	1.0437045990955292	3.5025423625047227	-0.060629253052776305	1.0176119841181408	4.0901340294860296	0.40013736667264693	14.200067659792708	0.021689795325767636	14.199997920995909	0.021689181448351715	22.873072544862982	-3.304023721284466e-12	1.8995222061946038e-14	False	False
1650	14.199996911285659	0.027692962950743513	4.3580288432208265	9.35445576440858	0.9624534796042195	3.3246043570634893	-0.20320719819070673	0.938392142614114	14.455734450151091	3.534293582053499	14.200139119043017	0.027694304263105728	14.19999691128484	0.02769296295066221	24.011698393658595	-8.189005029635155e-13	-8.1303019872081e-14	False	False
1655	14.199989194161102	0.015549418170652833	3.7083237537604803	9.495220607570781	0.9527512362756132	3.2854493862884744	-0.3684538792113566	0.9289324553687228	10.482859129419401	0.7251695972673208	14.200088494090854	0.015549951917732948	14.199989194164273	0.015549418170648473	24.368489464528096	3.170796958329447e-12	-4.359360095129716e-15	False	False
1657	14.199975872021529	0.011140312298894502	3.988992161727487	9.119706511848017	0.9791026480289157	3.637990951504218	-0.1325193448092559	0.9546250818281927	4.692609817036147	0.4476459865674118	14.200313530104498	0.01114144646595392	14.199975872031551	0.011140312298860543	24.18432969195684	1.0022205287896213e-11	-3.3958946765721976e-14	False	False
1662	14.200006595266776	0.012207892835042882	4.088282808733313	9.146846030633276	1.0031602676965368	3.638582329525197	-0.30945118534638366	0.9780812610041233	6.007137931712465	1.280127299291756	14.200356564572342	0.012209289979656408	14.200006595269581	0.01220789283504784	23.290053842019294	2.8048674494129955e-12	4.957839694341715e-15	False	False
1667	14.199939656895243	0.010597784047550383	3.445254483498743	8.99180217423011	1.0198157020610485	4.122307525842649	-0.17773985666651781	0.9943203095095223	2.4309797890500784	0.4046818662539142	14.200768243082052	0.010600074941110182	14.199939656896479	0.010597784047269928	23.684656897801137	1.2363443602225743e-12	-2.804544790846464e-13	False	False
1679	14.199952234051173	0.02222864529529576	3.702191059038611	8.558065411404977	0.9353518499450525	4.194945320927968	-0.2624097689577283	0.9119680536964262	9.26708492401351	3.812078144686956	14.201731889789784	0.022237662516804712	14.199952234016607	0.022228645295344282	23.791920689772503	-3.4566127737889474e-11	4.852368507002325e-14	False	False
