Iteration_step	Porb	eccentricity	Wdisk	logQ	primary_mass	age	feh	secondary_mass	posterior_probability	acceptance_ratio	inital_orbital_period	initial_eccentricity	current_orbital_period	current_eccentricity	current_spin	delta_e	delta_p	bad_solution_flag	gsl_flag	
2	30.477060148467377	0.30589314144521473	4.584559549596219	6.77958436064989	0.9966440811926004	7.665829022900873	0.08998920025014392	1.01149407800237	0.0	0.0	30.53013760197979	0.3073352524586024	30.477060148288214	0.30589314144054874	20.31804009885881	-1.7916335082190926e-10	-4.665989816743377e-12	False	False
3	30.477052986541185	0.30624566087147875	4.673509300593755	6.640600337995041	0.9657836019203657	7.575779753915672	-0.00037491720821558605	0.9801737775889791	0.0	0.0	30.53837563244289	0.3079686171014288	30.47705298638739	0.30624566087186345	20.318035324258258	-1.5379697515527369e-10	3.8469227803261674e-13	False	False
4	30.47708231048656	0.305261405323234	4.345575233891048	6.477298817020831	0.8962369051032056	7.822228266115238	0.005781402241763434	0.9095908349892433	1.3848538012738216	0.4178226712108521	30.54331502212553	0.3070186651386913	30.47708231051754	0.3052614053231726	20.318054873678367	3.098321599281917e-11	-6.139533326177116e-14	False	False
5	30.476886985601556	0.30621165007978857	5.137688223629875	6.8640737458240535	0.8745042654425508	7.005744590679596	-0.16141716744122833	0.8875343789976448	0.0	0.0	30.502944182127116	0.3068391442027107	30.476886985657455	0.3062116500807335	24.12720952328157	5.589839702224708e-11	9.449108162584707e-13	False	False
8	30.47708683022515	0.30384527175269593	5.388619593239382	8.36597700916057	0.9555289392731957	5.616232669904641	0.04236547406752575	0.9697663204683662	0.0	0.0	30.47760281478892	0.3038605572593259	30.47708683031296	0.3038452717534713	31.604833975196897	8.780887128523318e-11	7.753797603982093e-13	False	False
9	30.4768736753803	0.3047077796843778	4.501722286244109	9.375815654483892	0.8863890175378385	5.269489409294967	-0.14034156790273727	0.8995962138991522	0.0	0.0	30.47691908558247	0.30470886949979803	30.476873675375817	0.3047077796843492	34.07187691156609	-4.483524662646232e-12	-2.858824288409778e-14	False	False
10	30.477045718370857	0.3049199163356431	5.363586994697105	7.791485039807763	0.9180099030588476	5.967697388093374	-0.08344813033136084	0.9316882506144243	0.0	0.0	30.47972322399564	0.30498119982645044	30.47704571825969	0.3049199163344852	31.226373919956274	-1.1116796372334647e-10	-1.157907103532807e-12	False	False
11	30.47689801417231	0.30402293835531646	5.343144149076958	8.544351845601307	0.9229278533336149	6.646691935176765	-0.2762406969153647	0.9366794783482857	0.0	0.0	30.47782212118092	0.3040390821064961	30.476898014187675	0.3040229383555773	36.53968218141837	1.5365486660812167e-11	2.6084689963568053e-13	False	False
13	30.47719489356723	0.3051781192473716	3.030965130137164	8.835522722049037	0.9413444044977662	6.490747880273713	0.07159446466157315	0.9553704361247829	0.4674360900373423	0.38805491819367344	30.477503904224818	0.305184557340149	30.477194893562807	0.3051781192473289	34.96539410316945	-4.423128530106624e-12	-4.268807529683727e-14	False	False
17	30.47730835171092	0.30626483848758024	3.8039078846518586	5.788086519972313	0.9442918687518644	8.86717702818086	0.018093872288332976	0.9583618175962672	0.19909635037326945	0.12808779393315708	30.871608890994185	0.3192884416574819	30.47730835529873	0.30626483854822445	20.318205570199154	3.587810937233371e-09	6.064421187446101e-11	False	False
20	30.476966549455806	0.30679243181473514	4.625913657413138	6.005246906680219	0.9493591195610802	10.970484641822903	0.25564400220244515	0.9635045704425402	0.0	0.0	30.768728805828594	0.3160279331610317	30.476966550896815	0.30679243183871363	20.317977700597886	1.4410090898309136e-09	2.397848586355167e-11	False	False
21	30.476815500836576	0.30770113634803525	3.426430714566437	5.787428311748951	0.9131193283100938	10.494151309692207	0.016659092574559414	0.9267248063019141	0.20355158988220123	0.1286906006121088	30.93672275142552	0.32222033003031486	30.476815503814688	0.30770113639661	20.317877002543128	2.978111979246023e-09	4.8574755329156005e-11	False	False
22	30.476862385973526	0.30636875386379414	4.289925093821001	5.334595457705121	0.8463614185567425	10.663573734790184	-0.11187374508604331	0.8589722036932379	nan	0.1286906006121088	nan	nan	30.476862385973526	0.30636875386379414	nan	nan	nan	False	True
23	30.476820057830682	0.3064386925526915	3.773122941864118	4.374759438896376	0.8838080451363786	10.14135018113002	-0.027125187092249536	0.8969767850089105	nan	0.1286906006121088	nan	nan	30.476820057830682	0.3064386925526915	nan	nan	nan	False	True
24	30.47692060727412	0.3069344394529947	3.6176580017625057	4.667392640192609	0.910615771981675	10.07275533161788	-0.01752717204368115	0.9241839469842018	0.0	0.0	34.456050788501436	0.3574808195692684	30.42197593040211	0.2201806000748939	30.421975930402105	-0.054944676872011655	-0.0867538393781008	False	False
25	30.476959400643896	0.30749080882610197	3.5376434650286317	5.818858855562757	0.9336336614037378	9.033724614036025	0.010027320411028162	0.9475448029586534	0.6167781991009107	0.38994319294035407	30.83904456942969	0.3193163636971712	30.476959399447523	0.3074908088168805	20.317972932965013	-1.1963727786223899e-09	-9.221456931385319e-12	False	False
26	30.47694409477199	0.30500101754521475	3.071105726582496	6.013478831255079	1.0948303751792174	9.710073140102839	0.244447253719089	1.1111433477693877	nan	0.38994319294035407	nan	nan	30.47694409477199	0.30500101754521475	nan	nan	nan	False	True
27	30.476858090604964	0.30652961485585234	2.761485199836331	5.539189379391194	0.8433928226817632	10.917139228444777	-0.15657806640417826	0.8559593757397214	1.3015330405619887	0.8228629842850096	31.108053259181172	0.3261921997560936	30.476858087464084	0.30652961479897506	20.31790539164272	-3.140879556440268e-09	-5.687728066305908e-11	False	False
29	30.477087492274116	0.30794494539843537	3.9739883394286823	6.068649958236098	0.9607985733048524	9.54673349277625	0.03212812433923529	0.9751144720470947	0.23639702650782093	0.13170070469466647	30.759142718634788	0.31692162624361264	30.477087491333176	0.3079449453856161	20.31805832755545	-9.409397705439915e-10	-1.2819245664985601e-11	False	False
30	30.477085468985262	0.30599587783599846	3.4086494476195823	4.621561830163149	1.0367347578817867	10.31366586389812	0.2774089452967832	1.0521821057742253	nan	0.13170070469466647	nan	nan	30.477085468985262	0.30599587783599846	nan	nan	nan	False	True
31	30.476954180996326	0.3066506021745978	3.619687325821029	5.087162750138832	0.8818497967737328	10.409049569797878	0.045063280965497686	0.8949893587456613	1.4781644553643287	0.8235099370831103	32.453501253025244	0.36459322208630496	30.469799875444064	0.3065467763924964	20.31319991696271	-0.0071543055522624854	-0.00010382578210138549	False	False
32	30.476999419248976	0.3056577290274073	2.832531694430782	6.105971528548585	1.0579446641579904	9.54880238709605	0.1420120794360955	1.0737080396539442	nan	0.8235099370831103	nan	nan	30.476999419248976	0.3056577290274073	nan	nan	nan	False	True
33	30.47701988071395	0.3069872112684875	4.311794707067298	5.054851843047522	1.0094043721571817	9.542093137964198	0.14730237889657008	1.0244444973023237	nan	0.8235099370831103	34.077427960492116	0.3973607266360737	29.521021454029984	0.2657183761740103	nan	-0.9559984266839656	-0.04126883509447721	True	False
34	30.47708480173142	0.3078379270765792	3.491790551161282	5.4283560317745545	0.930843184294341	10.84008487451122	0.11899832685962433	0.9447127477403265	0.33029774644959387	0.18401435334903682	31.876380497170686	0.34902817971036865	30.47708480942811	0.30783792720221037	20.31805653961874	7.696691284309054e-09	1.2563117213204578e-10	False	False
35	30.477202582171838	0.30658830174740465	2.69590267902045	5.361654981542441	1.1029715021694733	10.052150813254572	0.41359621318791706	1.1194057775517983	nan	0.18401435334903682	nan	nan	30.477202582171838	0.30658830174740465	nan	nan	nan	False	True
36	30.47714923623193	0.3077531325602608	3.222951641097704	5.213728686453801	0.844108042343857	10.214609696813163	-0.0846542263349474	0.8566852521747803	0.25210115238942915	0.14044973371493263	31.65432832404294	0.34386878644970054	30.477149235225003	0.3077531325471874	20.31809949015	-1.006927874414032e-09	-1.3073431226473531e-11	False	False
37	30.47708467747415	0.3074158681587811	3.371245087573166	5.290625672955804	1.0073929578572915	9.781222754851335	0.05842617552840264	1.0224031129293651	nan	0.14044973371493263	nan	nan	30.47708467747415	0.3074158681587811	nan	nan	nan	False	True
39	30.47738899866681	0.30557237554147	4.259615477277579	4.529225888694546	1.0094825423285523	11.052194008001932	0.06339738702249315	1.0245238322092476	nan	0.25462025372522235	nan	nan	30.47738899866681	0.30557237554147	nan	nan	nan	False	True
40	30.477235051304024	0.307079016527605	3.529458810447518	5.362446812582933	0.9210888484266535	10.970458048115926	-0.05614062174912514	0.9348130722682105	nan	0.25462025372522235	nan	nan	30.477235051304024	0.307079016527605	nan	nan	nan	False	True
41	30.477134024197348	0.3039014174218965	3.379592369720065	5.566139172377512	0.8979777760980108	10.148962316130577	0.0893441357116426	0.9113576449618711	0.1370085952234242	0.2997788271253503	31.052761518589033	0.32260661417617376	30.477134024408674	0.3039014174259707	20.31808934960579	2.113260677560902e-10	4.074185433466937e-12	False	False
42	30.477191174540796	0.3064519139886434	2.584497287801825	5.582020464959025	0.8050186789480497	11.959126891460803	-0.20760491824382316	0.8170134572643756	nan	0.2997788271253503	30.477191174540796	0.3064519139886434	29.967709558774782	0.2897442050858964	nan	-0.5094816157660134	-0.01670770890274703	True	False
43	30.47741770119338	0.3040916957148117	2.54937941398747	5.822548560158008	0.9956927153449242	11.875443372815038	0.1260304707532084	1.0105285368035635	0.009049466472922223	0.019800498216472433	31.600089070034038	0.33796072634560687	30.47741769974953	0.3040916956980075	20.318278466499688	-1.443851260773954e-09	-1.6804224678423907e-11	False	False
45	30.477263367852675	0.3044941990118437	2.577576182031808	5.612121132643342	0.8781199277176508	11.45783822748315	0.07124688260341147	0.8912039146406437	0.16331164364175016	0.24211877973834492	31.005099300008357	0.3096597270468331	30.473531420449415	0.2920113373630408	20.31568761363295	-0.003731947403259994	-0.012482861648802912	False	False
47	30.47717430323779	0.3043419092340145	2.608054277591021	5.389198128529836	1.021232962038266	11.825370468628778	0.21262651037016092	1.036449333172636	nan	0.5314031964259414	nan	nan	30.47717430323779	0.3043419092340145	nan	nan	nan	False	True
48	30.477039645046585	0.3048895699550757	2.8383749237423954	4.835111288217119	1.0501842906064167	11.174101829997205	0.23215094546078024	1.0658320365364522	nan	0.5314031964259414	nan	nan	30.477039645046585	0.3048895699550757	nan	nan	nan	False	True
49	30.476935596376837	0.3024378330309169	2.8706343607927174	6.615830675082354	0.8761431616715598	11.099901733799229	0.03954036619393719	0.889197694780466	0.0035732887257248504	0.0099690844125906	30.5706737893095	0.30456897956408596	30.476935596843802	0.3024378330404494	20.317957064562535	4.66965133227859e-10	9.532485911734057e-12	False	False
51	30.477084153980023	0.30837906025353834	1.9806803410445972	5.809032783341115	0.8403737423886266	8.65473421892596	-0.1434269936786503	0.8528953111502171	0.11357784456548886	0.061808752569158784	30.70445875332987	0.3155241418386526	30.477084154614825	0.3083790602674849	20.31805610307655	6.348024328417523e-10	1.3946566124189985e-11	False	False
52	30.47673315760569	0.30476923181952675	2.03180235647421	4.959606406556325	0.8732461457067843	9.330375019037453	-0.07892150037135834	0.8862575132778153	nan	0.061808752569158784	nan	nan	30.47673315760569	0.30476923181952675	nan	nan	nan	False	True
54	30.476611167955387	0.30774329617631374	1.9285034318506165	5.776396787954463	0.892008680876419	8.079589889693793	-0.0952026700648914	0.9052996102214776	nan	0.5733103564947511	30.476611167955387	0.30774329617631374	30.108031510290843	0.2959101558555842	nan	-0.3685796576645437	-0.011833140320729518	True	False
55	30.476982733336982	0.30643467970121613	1.87437838755231	6.120955377675791	0.95575017221299	9.514610379369003	-0.025729257330204855	0.9699908497789634	nan	0.5733103564947511	nan	nan	30.476982733336982	0.30643467970121613	nan	nan	nan	False	True
57	30.476558347346348	0.3048223400342761	3.4490806252599686	6.132242102843426	0.9092913702359321	8.185116424630262	-0.1703626404797796	0.9228398116524474	0.011970291040236614	0.01740188427904392	30.628933341389658	0.3096566619386974	30.476558348092603	0.3048223400514818	20.31770556539507	7.462546136594028e-10	1.7205681324128363e-11	False	False
61	30.476988034814397	0.3059727985411849	2.0151333744744866	6.113537465346286	0.9940022400248762	10.702851038236883	0.008865226873474796	1.008812873401247	nan	4.083786898614165	nan	nan	30.476988034814397	0.3059727985411849	nan	nan	nan	False	True
62	30.476563672247796	0.3070729381681865	3.565313082227191	6.724491148065776	0.964671545636506	10.210797739172266	0.13261680900104067	0.9790451516664899	0.011907974704038067	0.012165504598338284	30.567458923487195	0.3093314532843107	30.476563672298102	0.30707293816783526	20.317709114865398	5.030642569181509e-11	-3.5121905384016827e-13	False	False
63	30.47666198583094	0.3046401186300982	2.5329815104386566	6.365596617134548	1.020596575466874	10.840641876546682	0.31641344497471885	1.0358034644413303	0.07198010895649624	0.07353679935196698	30.674622352741544	0.31077533256387807	30.476661984011237	0.30464011860491724	20.31777465600749	-1.8197034989952954e-09	-2.5180968421523175e-11	False	False
64	30.47675481015703	0.3063866435602233	2.425649858130855	7.062261777289464	0.968942734039926	11.094109125729059	-0.07254353889434806	0.9833799807771209	nan	0.07353679935196698	nan	nan	30.47675481015703	0.3063866435602233	nan	nan	nan	False	True
68	30.47734013283353	0.3047169548302747	1.343251252854115	6.406075232157964	0.841696536746781	9.835865242735428	-0.051765646372303006	0.854237815144308	0.05412396922027881	0.12574042377860523	30.578194328686664	0.3071236915363642	30.477340133213346	0.304716954836232	20.318226755475568	3.7981706668688275e-10	5.957290216684896e-12	False	False
70	30.477161841568837	0.30665196276919765	0.7260833614221264	5.039418842934323	0.8936816480193788	10.591564079317154	-0.17413204481174585	0.9069975045748674	nan	5.031506653226877	nan	nan	30.477161841568837	0.30665196276919765	nan	nan	nan	False	True
71	30.476774687035853	0.30572019875723255	1.2152584811377576	6.327956975417937	0.8825382646187964	11.111477689771037	-0.03478885615803334	0.8956880847616163	0.6609315515684849	0.3051713189696067	30.63414468801017	0.3099370046095499	30.476774687810597	0.30572019876846346	20.317849791873734	7.74743824649704e-10	1.1230905094805621e-11	False	False
72	30.476652772310324	0.3072395505631723	0.1332399305663654	5.73018008756072	0.9656784712377234	10.48317101458989	0.20909185712878375	0.9800670804591655	0.0	0.0	31.14945890801823	0.32728909623745983	30.476652772552598	0.3072395505654518	20.317768515035063	2.4227375661212136e-10	2.2795099141603714e-12	False	False
73	30.477115479640748	0.3050222964824861	0.36768359645777493	5.901277697254326	0.9756599105750424	10.53140569809197	0.11167745623693563	0.9901972432426105	0.0	0.0	31.156164864335114	0.3251974750974576	30.477114512083013	0.3050222739313332	20.31807634138868	-9.675577352652454e-07	-2.2551152889516146e-08	False	False
74	30.47689139275889	0.304590634058339	0.4779705527531895	5.679157289450708	0.8285859808909423	11.530273046393255	-0.2520960329534729	0.8409319120062172	1.025602754713139	0.47355061904960294	31.15050599016523	0.32383974351615435	30.476891392821823	0.3045906340602875	20.31792759521455	6.293277010627207e-11	1.948496919368381e-12	False	False
76	30.476727413922248	0.307245901715396	1.2191210582823602	5.914653354804539	0.8357695231686836	11.679245568213144	-0.2506561176475553	0.8482224890638969	0.31517403107607583	0.10355768496009632	30.949469028568245	0.32013248377053993	30.47672741508008	0.3072459017404326	20.31781827672005	1.157832940634762e-09	2.5036583917170674e-11	False	False
77	30.47702323958941	0.30639583471796883	1.4373001738148714	6.983898232184345	0.9515924531509788	11.218496639694123	0.053436800990066674	0.9657711807029283	2.142917881294816	0.7041050117257924	30.55536578772542	0.3081143820995425	30.477023239596914	0.30639583471639237	20.318015493064607	7.503331289626658e-12	-1.576461183816491e-12	False	False
79	30.476858646010516	0.3060878091189886	0.3347980533082735	7.027088204683719	0.9752700405325287	10.430934585626018	0.2748745515857777	0.9898015641364634	0.0	0.0	30.52858235181267	0.30723201437811987	30.47685864589491	0.3060878091183327	21.821082555024848	-1.156053031081683e-10	-6.558642517973112e-13	False	False
80	30.476945943428614	0.3071120027142208	1.0236586194896211	6.399874992968828	0.8815825591688572	10.463718632369611	-0.055982651805219	0.8947181393004731	1.0009915049289764	0.5610067441178465	30.606196387375938	0.310443569010662	30.476945942874007	0.30711200270265737	20.317963961916004	-5.546070269701886e-10	-1.1563416890680855e-11	False	False
81	30.47687864240533	0.305520404215256	1.4801841814590109	7.661144272879137	0.9302690423639745	11.660812891414952	0.12280432146837243	0.9441300510951975	nan	0.5610067441178465	nan	nan	30.47687864240533	0.305520404215256	nan	nan	nan	False	True
82	30.476807688750284	0.30529480449439067	0.7036419608722605	6.659203515785779	0.9867295203537848	11.070436605883808	-0.044271901469291886	1.0014317902070562	nan	0.5610067441178465	nan	nan	30.476807688750284	0.30529480449439067	nan	nan	nan	False	True
83	30.476897217921348	0.30642969761860683	0.2273666121684088	6.02501364959715	0.9132564116781523	10.408698596132751	-0.09045118362395274	0.9268639322121567	nan	0.5610067441178465	nan	nan	30.476897217921348	0.30642969761860683	nan	nan	nan	False	True
84	30.47680091592981	0.30788000265166043	0.034794544698237506	6.257252825273603	0.9002657502225897	11.553084629886792	-0.16676778906336798	0.9136797099009062	0.0	0.0	30.789364833703466	0.3160090800680665	30.476800915928816	0.30788000265162113	20.31786727728588	-9.947598300641403e-13	-3.930189507173054e-14	False	False
89	30.477108043500664	0.30830566898862577	1.120879959104582	8.233853640706409	0.992713915569614	10.513387457045177	0.08782883739557797	1.0075053529116011	0.06768143750407789	0.12178598848670462	30.485194131639222	0.30841957330003755	30.477108043539882	0.30830566898903117	35.346788538292095	3.921840630027873e-11	4.053979374418759e-13	False	False
91	30.477255629483743	0.3055726202621483	0.8162654534605029	8.189839258140685	0.9141730784898091	9.415756051423125	0.03887437630914964	0.9277942573593072	0.11158995220396964	0.10228854388621486	30.48075959289851	0.3056251419930131	30.477255629390736	0.30557262026115006	38.63149349923857	-9.300649139731831e-11	-9.982570325917095e-13	False	False
92	30.47709937815603	0.30588460850952276	0.6083843294450177	7.6568630116162435	1.011435057669959	9.978044166422206	0.04521428263971891	1.0265054400292413	nan	0.10228854388621486	nan	nan	30.47709937815603	0.30588460850952276	nan	nan	nan	False	True
93	30.477164258753564	0.30644711087730125	2.2104084732058995	7.610059612039711	1.0149336635284012	9.766165992217744	0.03965070291682957	1.0300561751149744	nan	0.10228854388621486	nan	nan	30.477164258753564	0.30644711087730125	nan	nan	nan	False	True
94	30.47733260343428	0.3063011556537466	2.037748643964865	7.42797534551222	0.9836159803653594	9.527173316187463	-0.25157780859670753	0.9982718584728031	nan	0.10228854388621486	nan	nan	30.47733260343428	0.3063011556537466	nan	nan	nan	False	True
96	30.477074594522822	0.3054700485334057	0.519075054770101	7.594807162834454	0.9149397669123751	9.40561741590451	-0.06965464630668541	0.9285723694393694	nan	1.278805825242438	nan	nan	30.477074594522822	0.3054700485334057	nan	nan	nan	False	True
97	30.47714812680158	0.30532280590256367	0.8945189530597741	7.7275718119803685	1.0676813420773472	9.868263606056713	0.22733125536642096	1.0835897940742996	nan	1.278805825242438	nan	nan	30.47714812680158	0.30532280590256367	nan	nan	nan	False	True
98	30.47750833617118	0.30787970239064594	1.0387952531790792	8.197462626783942	1.0483368882170858	10.834069561758255	0.39798538057146626	1.0639571078515202	0.0010245778864470473	0.0007344162489607886	30.485364192038737	0.3079986127039001	30.477508336596447	0.3078797023953289	33.89339659100732	4.2526693277977756e-10	4.6829762290201415e-12	False	False
101	30.476990884373905	0.30720870402345163	3.4327457819081824	7.194643836491466	1.0190570565787858	9.478183767739074	0.14358343297429316	1.0342410067218095	nan	0.5056180980034767	nan	nan	30.476990884373905	0.30720870402345163	nan	nan	nan	False	True
102	30.477376586952975	0.3067406153876612	2.5216445120303375	7.224865357736772	1.0343713932222933	10.492733738654758	0.27340947252538805	1.0497835269813054	0.06891590437857845	0.21112951404641103	30.531029420946776	0.3079164529732462	30.47737658730698	0.30674061539159314	21.137543810662482	3.540066018103971e-10	3.931965864012454e-12	False	False
105	30.477167544868347	0.3046212910139367	2.2104590877326276	7.235062536398047	0.8720056648514733	9.243517191655696	-0.09467035568350904	0.8849985492577602	nan	1.4421325548392954	nan	nan	30.477167544868347	0.3046212910139367	nan	nan	nan	False	True
106	30.477421106293843	0.30639881813055836	1.76221776525402	8.888370380217934	0.9958369429127539	10.912926344662896	0.15944557962987638	1.010674913362154	0.0011363680625667326	0.003895964184816201	30.4790981201469	0.30642250191715154	30.47742110622033	0.30639881812976805	44.911521407055396	-7.351275144173997e-11	-7.903122600794177e-13	False	False
107	30.477263989743978	0.30386756187401015	2.9154259654939874	8.61463062476085	0.9254588478371817	9.658825904090959	0.15099153615641506	0.9392481846699556	0.00454512463739719	0.015582664971091002	30.47851719729652	0.30388675377979096	30.477263989726602	0.30386756187377895	41.79569232609982	-1.737632260301325e-11	-2.3120394487818885e-13	False	False
108	30.477234232253227	0.30590311710881407	2.543147895035082	7.674945510840246	0.9756599105750424	10.53140569809197	0.11167745623693563	0.9901972432426105	nan	0.015582664971091002	nan	nan	30.477234232253227	0.30590311710881407	nan	nan	nan	False	True
110	30.4774309673458	0.30431080666595306	2.3503881597814043	9.56522022660597	0.9358251575329747	11.440440523215694	0.06478199364342196	0.949768952380216	2.2427171971805317e-05	0.00018475331376198903	30.477702330504947	0.30431456952139213	30.47743096733971	0.30431080666593224	50.37705571614154	-6.0893512454640586e-12	-2.0816681711721685e-14	False	False
111	30.477315556194437	0.3055544339809124	1.3188156357752097	8.010015414062362	0.8919021769316839	10.794108276342342	0.0631040896424168	0.9051915193679659	0.06314181769131912	0.5201574264509259	30.48335135254663	0.3056409401742385	30.477315556183427	0.3055544339804515	37.98032167512425	-1.1009859690602752e-11	-4.609090886731337e-13	False	False
112	30.477311689867477	0.30425543176393294	1.7479244826692952	7.621093298765929	0.9756599105750424	10.53140569809197	0.11167745623693563	0.9901972432426105	nan	0.5201574264509259	nan	nan	30.477311689867477	0.30425543176393294	nan	nan	nan	False	True
113	30.477237051834518	0.3040138515641936	1.8429646573102971	8.155466175938042	0.8571796010570855	9.592250496336977	-0.1722445581764999	0.869951577112836	0.009603804028493174	0.07911539721617541	30.480587760461578	0.30406182634037304	30.47723705184468	0.30401385156426997	41.74712873318762	1.0160761121369433e-11	7.638334409421077e-14	False	False
115	30.477279279725504	0.3068923363057094	2.18880268897721	8.692938055518601	0.8169977834020262	11.854116698522837	-0.16566492375495878	0.8291710503747164	0.0001616277383915192	0.00013404123005449092	30.478459554875013	0.3069082550536896	30.47727927970385	0.3068923363055003	53.96475972896702	-2.1653789872289053e-11	-2.0911050668814823e-13	False	False
117	30.47692034250679	0.3057629315537922	0.3634554589776136	7.515960487672484	0.9768173992778917	10.889328792553151	0.08200937809693136	0.9913719785271322	0.0	0.0	30.503840818260976	0.30634409830247294	30.476920342535927	0.30576293155412815	28.90879804544753	2.913580487984291e-11	3.3595348725157237e-13	False	False
119	30.477125194351732	0.3062363600838245	0.368749852628937	7.213356173488471	0.9783645388871508	9.390920109823464	0.10460182749718337	0.9929421705165693	0.0	0.0	30.51229629013543	0.3070182654809649	30.477125194769393	0.3062363600911227	24.01815709048369	4.176605727934657e-10	7.29821758582716e-12	False	False
120	30.476613439223794	0.305982311892706	0.24869504444519452	8.449763959869756	0.9011919701186519	11.886052762526136	-0.07037009540974593	0.9146197304734197	0.0	0.0	30.480456460975248	0.30603375826693663	30.476613439219033	0.3059823118926395	45.0933656181603	-4.760636329592671e-12	-6.650235917504688e-14	False	False
121	30.47687103290665	0.3067797496398959	0.940662722189918	8.605235033494147	0.9005896004881346	10.45370820475219	0.14802362907654526	0.9140083855354078	0.04646138597500171	0.03129766873099222	30.47825959003395	0.3068000589035388	30.47687103288764	0.30677974963968874	44.362116366848895	-1.901057089526148e-11	-2.071676163950542e-13	False	False
122	30.47703546898858	0.30647548810691816	1.3679174964447443	7.367607315459268	0.8934225548486976	11.601218872230717	-0.03534183858071985	0.9067345509159431	nan	0.03129766873099222	nan	nan	30.47703546898858	0.30647548810691816	nan	nan	nan	False	True
123	30.47682088934095	0.3070790847072365	0.5045464534886219	8.38962442156103	1.036933622611151	11.19390267725515	0.36979670579789853	1.052383933588057	0.345060377063077	0.23244216991981484	30.482186119108324	0.3071576201903995	30.47682088922234	0.3070790847067983	37.72983100041873	-1.1861089888043352e-10	-4.382050278195493e-13	False	False
124	30.476868268261843	0.3061483610730674	0.4947811836362218	8.302104439199203	0.876964675842023	11.473833365844824	-0.022157548212989146	0.890031449512069	0.07747952650213312	0.05219234215704658	30.480483775788322	0.3061981267319134	30.476868268271335	0.30614836107317145	44.48778670373352	9.492850949754938e-12	1.0402789740737717e-13	False	False
126	30.47663129596061	0.304522097472063	1.0172383891443213	7.627169067329814	0.9280706039782981	9.524935863312715	0.038643545712023164	0.9418988559775746	nan	1.2684380770564168	nan	nan	30.47663129596061	0.304522097472063	nan	nan	nan	False	True
127	30.477030428656644	0.3046107283077698	1.345120163584706	6.782767148391164	0.9339494537016684	11.421012636898325	-0.049627951850008664	0.9478653005618232	nan	1.2684380770564168	nan	nan	30.477030428656644	0.3046107283077698	nan	nan	nan	False	True
128	30.47682343218393	0.30595819209558256	1.4480081834646654	8.687311888181481	0.8161717327151129	11.312762876572872	-0.24240351187192588	0.828332691532568	0.0008659375598767085	0.0004598721775969475	30.47796837112069	0.3059736616775812	30.476823432181945	0.3059581920955996	53.35082968779148	-1.98596694644948e-12	1.7041923427996153e-14	False	False
129	30.4770903167053	0.3070297243886732	1.6391620068888082	8.381331603273997	0.8690243222603194	11.822409840050826	-0.06730431940859694	0.8819727846619981	0.03244082044443569	0.017228298473319855	30.4802962196354	0.30707329210176015	30.47709031670309	0.3070297243885728	46.449719917760866	-2.2097879082139116e-12	-1.0041967257734541e-13	False	False
131	30.4770441277312	0.30749536355645946	1.4860379638730778	8.018874368613416	0.8401874430674697	11.504233405595363	-0.2560547585709959	0.8527062359691749	0.22527640315630626	0.18153020121100957	30.483946613820464	0.30758792863095635	30.477044127700797	0.3074953635558341	40.152358638696995	-3.040412366317469e-11	-6.253331186201194e-13	False	False
132	30.47705886465238	0.30797549324930235	1.9575395534882096	7.3857064645305	0.7999745849779951	11.413898664045272	-0.34383345001325016	0.8118942062941672	nan	0.18153020121100957	nan	nan	30.47705886465238	0.30797549324930235	nan	nan	nan	False	True
133	30.47703937497657	0.3068172485375763	1.335456755022878	8.58171474222737	0.9756599105750424	10.53140569809197	0.11167745623693563	0.9901972432426105	0.1600351316638822	0.12895806771034954	30.479831141816504	0.30685712175390334	30.477039374963176	0.3068172485374367	41.82626169559047	-1.3393730569077889e-11	-1.3961054534661343e-13	False	False
138	30.47686455821799	0.30532427993657363	3.6470605170463903	7.566070632587351	0.835115765648605	8.935981816275964	-0.17414234279569307	0.8475589905567692	1.2784762774647087	0.3972506004351139	30.486587583140693	0.3054689383797446	30.476864558306147	0.305324279937613	32.18472207922348	8.815703722575563e-11	1.0393907956540716e-12	False	False
139	30.477111024358198	0.30590528830599256	2.601844248374627	5.796939633726371	0.8753948360848912	9.444843116312063	-0.07540975813293577	0.888438219142556	1.469485385142735	0.4566013166362331	30.784831476572823	0.3157285673011855	30.477111022840415	0.30590528828702646	20.318074015226948	-1.5177832324297924e-09	-1.8966106463125243e-11	False	False
143	30.477014626206252	0.307843804786682	4.15592952906097	8.128395552272114	0.8755602344313775	5.4827595275312575	-0.08852247126073712	0.8886060819244049	0.4752675288912736	0.18159872687279136	30.47790971809957	0.30786379116360096	30.47701462622035	0.3078438047868678	33.46779409115623	1.4097167877480388e-11	1.8579582317101995e-13	False	False
144	30.476881206866427	0.30822931289589994	2.973582348534084	7.186546535880093	1.0020923433089945	5.730745073513897	0.08218360821117104	1.0170235192242985	0.21112611421733732	0.0806708458305786	30.488616460758287	0.3085674690190922	30.47688120632682	0.3082293128881419	23.65848013699959	-5.396074698182929e-10	-7.758016451475669e-12	False	False
147	30.477108439139457	0.3028594169533923	3.753929319246026	8.279858803511749	1.1923528123660931	3.2815510000997983	0.3848624933040183	1.2101188692703477	nan	0.17126811775584241	30.47599554532768	0.3042883528014199	30.477240214168585	0.30425421884834175	23.116165474698015	-4.539053577445884e-10	-7.841172156020093e-12	False	False
149	30.47716365280713	0.30332336622936096	2.337382399777793	7.354011082746206	1.0590474417869775	3.8979978203876753	0.26525130033933636	1.0748272486696033	0.07257944577311916	0.288764681482509	30.47562752029359	0.3033948545140314	30.477163652751415	0.3033233662301495	22.743091638483545	-5.5713655910949456e-11	7.885359032400174e-13	False	False
150	30.477130998257795	0.3022400432556147	3.2213444378866725	7.234506885410533	1.0803687994456255	3.3917388021742143	0.34666399461052944	1.096466294557365	0.002952281489733957	0.01174595114289884	30.47246383756457	0.3022862733485293	30.477130998642785	0.30224004326030507	21.385281007180097	3.849898178032163e-10	4.690359212133899e-12	False	False
151	30.47677974515681	0.3038526861511688	3.5915188358242363	7.671892941095874	1.066022734552885	3.9468860566847663	0.1459273436584268	1.0819064732977228	0.1461162907048077	0.5813384725570108	30.475923357422577	0.30389304893695873	30.476779744790214	0.30385268614608546	23.48061528401438	-3.665974190880661e-10	-5.083322651699973e-12	False	False
152	30.476886696841483	0.3023564465502604	3.442664359544767	7.428527529861305	1.066022734552885	3.9468860566847663	0.1459273436584268	1.0819064732977228	0.004318646979922205	0.017182174737059047	30.475970836057694	0.3024335946127314	30.476886696652944	0.3023564465478475	22.976821398390765	-1.8853896222026378e-10	-2.412903210569084e-12	False	False
155	30.477255997333614	0.3051076669669471	1.8939155381627724	8.253416389304677	0.9039437365203965	4.619706049873988	-0.1290414500209452	0.9174124981945503	0.6172792800634188	0.1263241892147	30.477574466682935	0.3051198108443292	30.47725599732564	0.3051076669669049	30.906867250900092	-7.975842208907125e-12	-4.218847493575595e-14	False	False
156	30.477148924521995	0.3060388479756921	2.3624835460443996	7.918182183781872	0.9808471554907883	3.509531288866099	0.05231447746408796	0.995461778107601	2.958829237114061	0.6055147426376957	30.47675110184718	0.30605134703296155	30.477148924545418	0.3060388479758406	24.314461708828187	2.3423041284331703e-11	1.4849232954361469e-13	False	False
157	30.476883610698888	0.30683230470525674	2.8584252219762813	7.796851087515182	0.9834751847749501	3.9940763696754216	0.0684859998102802	0.9981289650280968	2.5423035381356938	0.5202741183207372	30.476921909732344	0.3068598785853709	30.476883610314914	0.3068323047021571	25.56535957977028	-3.8397374169107934e-10	-3.0996316624509745e-12	False	False
158	30.477051404704103	0.30464758763180017	3.0210624308555203	7.553832633888618	1.0299789212539354	4.567441908362076	0.27690576283268115	1.045325607180619	1.9771866828824194	0.4046247990302914	30.477512100325793	0.30471427669022416	30.477051404430462	0.30464758762932914	24.95989599056411	-2.73640665682251e-10	-2.471023385908211e-12	False	False
159	30.47716167896536	0.307065251168332	2.4791618930344503	6.738179742575099	1.0844411243795167	4.7528667602494625	0.1845358074879296	1.1005992971327714	0.9460595641093712	0.19360800085927138	30.491817485419674	0.3078829395896813	30.477161678953127	0.3070652511650617	20.318107785968753	-1.2231993196110125e-11	-3.270272941335861e-12	False	False
160	30.477099805275788	0.3075041403371925	3.031134358117002	8.499543007272251	1.0252076290180794	4.189106683456315	0.28080481370538457	1.0404832226904486	1.4100786168639585	0.2885679849581611	30.4770196664126	0.3075092848757502	30.47709980503455	0.3075041403349574	24.904043592166925	-2.412399169315904e-10	-2.235100993175365e-12	False	False
163	30.47700647688294	0.3060681829901909	0.09369376391671552	6.684433556710537	0.9767811865376999	4.78769100086815	0.11842184872258481	0.9913352262171115	0.0	0.0	30.545077399410015	0.307563405684022	30.477006476944837	0.30606818299033034	20.318004317963226	6.189537771206233e-11	1.3944401189291966e-13	False	False
165	30.477122734920588	0.3077358152239355	0.4588326723110456	6.908897748901228	1.0359717162837705	5.078032051914389	0.2792546205950749	1.0514076948563986	0.5110510393055112	0.20529795575012275	30.492711200758333	0.30824848094118873	30.477122735564265	0.30773581523107524	20.318081823709516	6.43677111611396e-10	7.139733249061919e-12	False	False
166	30.476949380910664	0.3075278071007812	0.5107411708637493	6.776768238094823	0.9994498007351683	3.92952454691708	0.03893251764538039	1.0143416027661223	0.9738943155148262	0.39123002736392776	30.486228737651942	0.30795433165013036	30.476949381120303	0.3075278071061176	20.317966254080208	2.0963852875865996e-10	5.3363979901632774e-12	False	False
167	30.47721813847011	0.3062285724366107	0.26540219817903776	5.952633225226338	0.9987004278212684	5.773279311738201	0.03789240371200775	1.0135810641958052	0.0	0.0	30.6561831782317	0.3123904509773822	30.477218742195706	0.3062285904150461	20.318145828130476	6.037255957380694e-07	1.7978435351562183e-08	False	False
169	30.477258912750525	0.3047915636408757	0.9871195700497462	6.930711237219599	1.0759301668552674	5.271928347529304	0.2024867923122076	1.0919615263414109	0.2854171381271688	0.12578596846052667	30.49519082206146	0.30544872540663576	30.477258912272124	0.3047915636355423	20.318172608181417	-4.784013185599179e-10	-5.3334003879967895e-12	False	False
170	30.47699481431066	0.30539978163179643	0.31519277140785434	7.1191480329834365	1.024982070809541	5.091489536945826	0.1808745926493186	1.040254303664603	0.0	0.0	30.489802894005358	0.3057549722930767	30.476994814094873	0.30539978163048376	22.736163933120604	-2.1578827613666363e-10	-1.3126721931655538e-12	False	False
171	30.477024783911958	0.3082588445073939	0.7198976971874198	7.4482162857285275	0.9698070471394518	4.83843280421567	0.12246466727925687	0.9842571721418295	0.34502344854717043	0.15205501989778858	30.47972922422123	0.3083620961590808	30.477024783638818	0.30825884450388086	26.820759589832583	-2.731397330535401e-10	-3.5130232056701516e-12	False	False
174	30.476518810497673	0.30754304914269615	1.3997292587390195	7.994081265942611	1.0381867789719152	3.916203520376232	-0.07648069607892265	1.0536557619785967	0.00668193070584551	0.005039981113799749	30.47647659480678	0.30756772165657875	30.47651881063767	0.3075430491439751	24.95507549186402	1.3999823522681254e-10	1.2789769243681803e-12	False	False
177	30.47671627140301	0.3074089305497498	1.8012184859262703	7.481959498300364	0.974004028954391	5.807998863900723	-0.08540544370364178	0.9885166889858114	0.2244584033543386	0.22412030991539034	30.48301549750451	0.30758492453085273	30.47671627140235	0.3074089305500707	27.927744826373015	-6.608047442568932e-13	3.2085445411667024e-13	False	False
178	30.476737777321613	0.3079665178895292	2.6810554948311385	6.331157447750304	1.0354252491294038	5.463510318797979	-0.10976810975838698	1.0508530853414317	nan	0.22412030991539034	nan	nan	30.476737777321613	0.3079665178895292	nan	nan	nan	False	True
179	30.476891259587276	0.3080649615136249	3.0016134633543317	7.942974603903909	0.8792397581801386	5.623947941334595	-0.13992945928958497	0.8923404305770225	0.2623378363605459	0.26194268652460345	30.4784846364461	0.3080989019808678	30.476891259551667	0.30806496151320156	33.01485962713588	-3.560884920261742e-11	-4.233280392895722e-13	False	False
180	30.476716569738315	0.3069376498230176	1.2311706584331983	7.4042769272438145	1.1933532579139143	6.433946090869335	0.4257665683496338	1.2111342214568315	nan	0.26194268652460345	30.4784846364461	0.3080989019808678	30.476891259551667	0.30806496151320156	33.01485962713588	-3.560884920261742e-11	-4.233280392895722e-13	False	False
181	30.476668329870513	0.30431455210521785	3.8570792773324714	7.488334618104335	1.0066684486752986	6.081764690887798	0.1674322290094503	1.0216678085605604	0.06724921141537424	0.02426559763716541	30.481872643255038	0.30447944487368694	30.476668329163353	0.3043145520989427	27.53072190107443	-7.071605523378821e-10	-6.2751470686350785e-12	False	False
184	30.476791351848338	0.3073784409955194	3.7888305822261747	7.353541235792599	1.0044419329686707	5.720527132827581	0.17589245559362204	1.0194081177699037	0.5538727399298999	0.39755568595750174	30.482963551629204	0.30757757158739596	30.47679135084942	0.3073784409873069	25.848292189836254	-9.989165050683368e-10	-8.212541757757208e-12	False	False
188	30.476948324942203	0.3075354004231841	4.798728278943994	7.08827814111671	0.9555289392731957	5.616232669904641	0.04236547406752575	0.9697663204683662	0.0	0.0	30.488089575601386	0.3078600445272288	30.476948324990882	0.3075354004248298	24.374230898264408	4.8679282826924464e-11	1.6456835894018695e-12	False	False
191	30.477280381865363	0.3044797323649102	3.1117136051888648	8.852669341986001	1.0723205496479282	5.875195437319047	0.2008629117072928	1.0882981258376823	0.17669790631052035	0.1281104848467155	30.477507488499253	0.30448849644087483	30.477280381837144	0.30447973236457654	29.72974608833532	-2.821920475071238e-11	-3.336775300510908e-13	False	False
193	30.477020025738206	0.30740088654979003	3.7175342720839515	8.645518115620474	1.0044419329686707	5.720527132827581	0.17589245559362204	1.0194081177699037	1.261392071788795	0.37915579043378195	30.477282168593597	0.30741044657122024	30.47702002572147	0.3074008865495372	30.514694361135113	-1.673683414082916e-11	-2.528532938583794e-13	False	False
194	30.47676416520045	0.3071851809187956	4.512881683115519	8.069740690845626	1.11965422300704	5.5586989857101425	0.420381408534268	1.1363370709298448	0.0	0.0	30.47748201624127	0.3072294522787818	30.476764165503475	0.30718518092381675	26.18790203389952	3.0302516051960993e-10	5.021150162320964e-12	False	False
198	30.476674415927807	0.3066552171864963	3.7453546654869125	7.865274953007256	0.9328056977116653	4.571603588742833	-0.07329434553758077	0.9467045026075691	0.30606066401986975	0.24730364879799632	30.477390797056845	0.30668698152120866	30.476674415535122	0.30665521718275013	29.027647813761195	-3.9268499563149817e-10	-3.7461700408414345e-12	False	False
199	30.476566650890046	0.30480382022294383	2.940713854732465	7.833221335001525	0.9141339529078976	4.569778948812464	-0.1267783352470388	0.9277545488062252	0.02724708192289786	0.02201623263221147	30.477343810020187	0.30483640222997677	30.476566650795917	0.30480382022201596	29.748513232847287	-9.412914891981927e-11	-9.278688928304746e-13	False	False
201	30.47683641081841	0.3059590525084796	3.2520731082060674	7.89281108350181	0.9569264851004564	4.7020530426369325	0.07818420874442267	0.9711846897284532	2.322454553051053	0.5573249354932936	30.47743684610177	0.3059897306106834	30.476836410847067	0.3059590525093222	28.34571943980822	2.865618853320484e-11	8.426037645392626e-13	False	False
203	30.477249003354135	0.30327099967150617	3.3762637205961887	8.118779495121982	1.009897237158548	5.524551222518997	0.09311920480225894	1.0249447059922103	0.019867541256862475	0.008682889505537193	30.478107750649297	0.30330410337702146	30.47724900325882	0.30327099967045346	29.67690176320171	-9.531575528853864e-11	-1.0527134719495734e-12	False	False
205	30.476895191589875	0.3080502337472475	4.348087369632683	9.085303286202704	1.0148261372941998	3.510767459075565	0.08544847210194603	1.0299470467398832	0.44690733436841973	0.35110624036200194	30.4768449797468	0.30805099820125187	30.476895191583804	0.30805023374715973	23.405725252703387	-6.071587677070056e-12	-8.776313009661862e-14	False	False
208	30.47702010564312	0.3090026121244897	3.6905918251376955	8.200278094980105	1.0861757073129343	2.2905592966657466	0.3137696192240414	1.1023597253518969	0.028851738886257878	0.056179244879093426	30.47599532154798	0.3089965944665233	30.47702010565953	0.30900261212476293	16.869098525847747	1.6409984482379514e-11	2.73225886360251e-13	False	False
210	30.477096004978453	0.3076613184997465	3.6444940108294936	8.73291498687896	1.0115722915018774	2.1036173862332213	-0.0010812649297727017	1.0266447186452554	0.5235828812772565	0.1595692798029907	30.47687607944648	0.3076601679742512	30.47709600497972	0.3076613184997755	17.699232289277365	1.2683187833317788e-12	2.9032332093947844e-14	False	False
212	30.477123457353304	0.3078081993845572	3.7363796877887294	9.250453879439238	1.0345457213988702	3.3108332025133764	0.020174912187735483	1.0499604526477133	0.619186444449682	0.12724899241888538	30.47707125870762	0.30780857469907513	30.477123457351095	0.3078081993845397	22.490186912427085	-2.2097879082139116e-12	-1.7541523789077473e-14	False	False
213	30.47716628129635	0.30870986519885024	3.270366299728208	9.0242841275292	1.019614177413535	4.823023115148052	0.02599954914343138	1.0348064286569967	0.05729818501048258	0.011775348726335533	30.4772333469532	0.30871328859694164	30.477166281284454	0.3087098651987969	28.36393582213638	-1.1894485396624077e-11	-5.334621633323877e-14	False	False
221	30.476612756458927	0.30446604764492596	2.394613822435475	9.558873284146063	1.125125301040069	3.070602290510563	0.3330704783981349	1.141889668025566	0.034843625539112286	0.01202395038602478	30.476554535066857	0.3044658694906729	30.4766127564604	0.30446604764494317	19.32139147613817	1.4743761767022079e-12	1.7208456881689926e-14	False	False
223	30.476702272855707	0.3055024124007556	1.208272092360202	7.605937383202636	0.9528776527210804	6.233635218917029	-0.03981398297162443	0.9670755297466244	0.34272852734199666	0.14730540846591456	30.48140445034581	0.30562949171241494	30.476702272822752	0.3055024124003556	30.476702272822752	-3.2954972084553447e-11	-4.000133557724439e-13	False	False
224	30.476936921662116	0.3055051850731379	0.5764151326528358	7.068125097091141	1.197609234355422	5.6945781872679015	0.46763740622913474	1.2154536119473178	nan	0.14730540846591456	30.48140445034581	0.30562949171241494	30.476702272822752	0.3055024124003556	30.476702272822752	-3.2954972084553447e-11	-4.000133557724439e-13	False	False
225	30.47678610192425	0.3059371166747678	0.880118116860226	7.67130167321495	1.1867518590253905	6.964702831698932	0.35553779369079586	1.2044344617248688	nan	0.14730540846591456	30.48140445034581	0.30562949171241494	30.476702272822752	0.3055024124003556	30.476702272822752	-3.2954972084553447e-11	-4.000133557724439e-13	False	False
226	30.476649409304674	0.3045723730277877	0.7826772357874987	8.385020649522778	1.0464259066188664	6.603157737340092	0.4146817888483868	1.0620176526274874	0.08866628236209068	0.03810894599815075	30.4773706918855	0.30459573081051616	30.47664940957755	0.304572373030883	30.800894356219125	2.728768322413089e-10	3.0953017926549364e-12	False	False
227	30.476667157945563	0.30503105261581037	0.33453238780328987	8.197039875693685	0.9977234792069182	6.783451102871062	0.07644666692861168	1.0125895590471012	0.0	0.0	30.47892531696288	0.3050764491490022	30.47666715783245	0.3050310526143233	32.421572295098116	-1.1311485081932915e-10	-1.487088230334166e-12	False	False
228	30.476699177485152	0.3052871662541002	1.5981211440316225	7.426646071046069	1.023495901052686	5.349624628094146	0.263155328206214	1.038745989978371	0.42371935943523686	0.18211543054377952	30.480144953527173	0.30542798439568386	30.476699177254886	0.3052871662521227	25.794380102122922	-2.3026558437777567e-10	-1.9774737403110976e-12	False	False
229	30.476646858404138	0.3061385110628591	0.7961040821798193	8.65206957917663	1.172073815249025	5.312185965511064	0.21955418106172436	1.1895377150962354	0.2308210436358967	0.09920734751497902	30.477087682687806	0.30615924845759357	30.476646858409023	0.3061385110631869	27.402476700627602	4.884981308350689e-12	3.2779334802057747e-13	False	False
231	30.476541313670772	0.3072649069685615	2.1779996588079076	7.922612132096729	1.1613488778648482	3.953964847786487	0.2093287083320331	1.1786529761450344	0.013649691496667353	0.004975784920192151	30.474967189612425	0.3072920736287032	30.47654131426991	0.3072649069748481	22.379197494257554	5.991367402202741e-10	6.286582365788718e-12	False	False
234	30.476946191730313	0.30594844361737783	0.22942142043439084	8.440049137944099	1.0386989690953863	3.113912333046098	0.18268391821429728	1.0541755837349074	0.0	0.0	30.47674014962725	0.305951759781603	30.47694619174073	0.30594844361743423	22.514541116705658	1.0416556506243069e-11	5.639932965095795e-14	False	False
236	30.477030806240993	0.3076336398778217	1.4815040298065687	8.552121319814605	0.9901859432298721	3.881931528168803	0.008389607496014306	1.004939713783997	1.3236462941658889	0.2906911447145978	30.477018993664537	0.30763846823657726	30.47703080624865	0.3076336398778742	25.93219770439024	7.65609797781508e-12	5.2458037913538647e-14	False	False
239	30.476784095944325	0.3089584017905087	1.856473868835968	8.796848094319039	1.0381029407789275	4.345315781116767	0.19028219181933023	1.0535706745965334	0.020756810767149053	0.020961112162517694	30.4767769617509	0.3089619950227457	30.476784096037772	0.3089584017913553	25.75544442890803	9.344702789348958e-11	8.466005674279131e-13	False	False
240	30.47694104898764	0.30825790114310375	1.9774861991406825	8.255955845073569	0.9696594790729984	3.014851259958305	-0.1029128072062829	0.984107405311186	0.39572038020014094	0.39961530542529405	30.476646509641622	0.30826113951044143	30.476941048978638	0.3082579011428764	23.214104984549742	-9.00257646208047e-12	-2.2737367544323206e-13	False	False
241	30.477037052791278	0.3080466598195897	1.0522578921065722	9.496240562141354	0.8737947963674496	3.6807773809371205	-0.14576871388395302	0.8868143388333245	0.6990562013224034	0.7059367456879811	30.477042785856668	0.30804705333808424	30.477037052801254	0.30804665981968216	28.845193388870154	9.976020010071807e-12	9.248157795127554e-14	False	False
242	30.476980144354755	0.3098207018111353	2.3082701942614854	9.301727031319718	0.9248584023086774	3.48943940020911	0.013736889911636796	0.9386387925030767	0.0035836586932592148	0.003618931283050155	30.476974145596305	0.3098211964623645	30.47698014435642	0.30982070181116944	25.860397755203326	1.666222715357435e-12	3.4139358007223564e-14	False	False
245	30.476826765681707	0.3038382256300481	1.7640162916133584	11.797148685855763	0.9135382441424706	3.3336526011338137	-0.03760679758956998	0.9271499639801933	0.2657025369277569	0.07476113300200624	30.476826739081638	0.3038382269597287	30.476826765681732	0.30383822563004836	25.787485542974547	2.4868995751603507e-14	2.7755575615628914e-16	False	False
246	30.4769751655453	0.3060715882863676	0.4439743816177347	11.12388925321822	0.9213071040506836	3.4888614838872107	0.07201368653617568	0.9350345799010387	0.0	0.0	30.47697513862699	0.30607159636712883	30.476975165545173	0.3060715882863653	26.235799655786252	-1.2789769243681803e-13	-2.275957200481571e-15	False	False
250	30.477503427910392	0.30608504568732176	1.5116830389224254	11.950548379937807	0.9637564517375475	3.249075233953456	0.12215038839117907	0.9781164228684369	0.01214345415941367	0.013124467188380805	30.47750337757544	0.30608504640093165	30.477503427910403	0.30608504568732203	23.7353212666969	1.0658141036401503e-14	2.7755575615628914e-16	False	False
252	30.47677382288221	0.3041391041839547	0.5777887358982716	11.59250824355674	0.9145596734970091	3.818573760164442	-0.0050625612793426256	0.9281866126321144	0.2697587511714012	0.10006902386525826	30.476773855112853	0.30413910771090286	30.476773822882265	0.3041391041839553	27.917949267575793	5.684341886080802e-14	6.106226635438361e-16	False	False
254	30.476506132330975	0.30516538835848156	1.885924007502657	11.403662202358134	1.0098863723513627	1.9426220806030532	-0.028421168887143577	1.024933679299398	0.005250891388062142	0.0010864147651130926	30.476505675738238	0.30516538564087037	30.476506132331025	0.30516538835848234	17.23880170628826	4.973799150320701e-14	7.771561172376096e-16	False	False
255	30.477316579855998	0.3054385302862085	1.3879808297567888	11.469133584153717	0.8612094257283267	2.6437096161796734	-0.2290307484597311	0.8740414461716787	0.6026244507608989	0.12468361136039943	30.4773165067213	0.305438531640749	30.477316579856	0.30543853028620865	24.605945946295417	3.552713678800501e-15	1.6653345369377348e-16	False	False
257	30.47688730014538	0.30927968477905066	0.6772355111499144	11.66475585105076	1.161575393575809	3.0075468460076746	0.3272029804571243	1.1788828669400886	0.013159566032036794	0.008954682226247917	30.47688678397813	0.3092796835842169	30.4768873001454	0.3092796847790499	19.125525412403768	2.1316282072803006e-14	-7.771561172376096e-16	False	False
258	30.477435292607527	0.3068058632872126	-0.013753978673416989	11.564009746477502	0.9555256687067812	2.401546141899661	0.10483909703550372	0.9697630011705122	0.0	0.0	30.477435771057955	0.306805868913611	30.477435292607538	0.3068058632872126	-82.20604601529682	1.0658141036401503e-14	0.0	False	False
259	30.477362754335775	0.3085586812296976	-0.03677560656857781	11.863287711885096	1.0606489603499787	2.836286551197654	0.276738612772581	1.0764526298591932	0.0	0.0	30.47736317109576	0.3085586861322605	30.477362754335772	0.3085586812296976	-36.44921975590813	-3.552713678800501e-15	0.0	False	False
260	30.477297040978193	0.3059649281157633	-0.15279517879772608	11.571493505576672	0.9310642913488835	3.5958593781107413	0.05191596484705112	0.9449371492899817	0.0	0.0	30.47729771361179	0.3059649360243389	30.47729704097821	0.3059649281157635	-27.55652931785289	1.7763568394002505e-14	1.6653345369377348e-16	False	False
261	30.477085227282085	0.30611991121780496	0.3483669772628868	12.463082844203637	1.0571363681702077	3.7670129689263567	0.16814466413404466	1.0728877000559438	0.0	0.0	30.47708521459487	0.3061199118212762	30.477085227282142	0.306119911217805	24.205493819761593	5.684341886080802e-14	5.551115123125783e-17	False	False
262	30.47720035681927	0.3068559897404975	-0.15392638563932615	10.719140852329353	1.140179425629166	3.4780534216425365	0.5233326429546952	1.1571680990710405	0.0	0.0	30.47720957815819	0.3068560981817685	30.47720035681927	0.30685598974049755	-21.978253660112482	0.0	5.551115123125783e-17	False	False
265	30.476968228232856	0.30632117005016685	1.2062784979010797	12.52927994183008	0.9549987412387508	4.073826391200699	-0.05787781810884679	0.9692282224832082	0.0	0.0	30.476968234585183	0.3063211706109278	30.476968228232828	0.3063211700501667	27.88061993656518	-2.842170943040401e-14	-1.6653345369377348e-16	False	False
266	30.476865642339867	0.30735682981797113	0.6805913554551264	12.614754665131176	1.03450687416523	4.404278429586688	0.30982142521381806	1.0499210265902919	0.0	0.0	30.476865641497678	0.30735683032678746	30.476865642339895	0.3073568298179711	25.824456349715994	2.842170943040401e-14	-5.551115123125783e-17	False	False
267	30.476866976884658	0.3082430292372642	1.148235212786362	12.342155622342567	0.9951708242121334	5.034301940405232	-0.011298503700302137	1.009998869492894	0.0	0.0	30.47686702346821	0.3082430310018655	30.476866976884672	0.3082430292372643	30.24060658783294	1.4210854715202004e-14	1.1102230246251565e-16	False	False
268	30.476854910804757	0.30786621086529387	0.7258701735355606	12.325310813872086	1.1120987535349065	4.212704709896618	0.35584509036271345	1.1286690249625766	0.0	0.0	30.476854878580863	0.3078662118369145	30.476854910804747	0.3078662108652939	23.753641123289785	-1.0658141036401503e-14	5.551115123125783e-17	False	False
269	30.476951924866825	0.3068324770886728	1.0358476023181655	11.660743710769108	0.9513218250951121	6.758133318274003	0.048852504495392995	0.9654965202890292	0.7773093099472216	0.36666509057789193	30.476952533103827	0.3068324887042773	30.47695192486694	0.3068324770886734	36.47864001356796	1.1368683772161603e-13	6.106226635438361e-16	False	False
270	30.47695190339131	0.3065213906664387	1.3622325668970843	12.173001557964424	0.882207088242283	4.599190235226416	0.05688146748995318	0.895351973857093	0.0	0.0	30.4769519352526	0.3065213918910605	30.476951903391328	0.3065213906664385	31.261857393094864	1.7763568394002505e-14	-1.6653345369377348e-16	False	False
271	30.477377017570014	0.3071343306534537	0.6630951209825837	12.1444640387683	0.9141339529078976	4.569778948812464	-0.1267783352470388	0.9277545488062252	0.0	0.0	30.477377066309483	0.30713433234057463	30.47737701756996	0.3071343306534535	31.238941248503988	-5.3290705182007514e-14	-1.6653345369377348e-16	False	False
272	30.47706676126443	0.3064302241941306	1.0081881040423042	13.221742086828812	1.09853820674799	4.278051884886193	0.15718076408418666	1.114906426028535	0.0	0.0	30.477066759591455	0.30643022436939976	30.477066761264425	0.3064302241941305	24.924415817527773	-7.105427357601002e-15	-5.551115123125783e-17	False	False
274	30.47714608514261	0.3034685554105709	1.8100683779304068	12.945433085782279	0.9374232553034221	4.111132211053108	0.11766379274359584	0.951390861807443	0.0	0.0	30.47714608576598	0.3034685555761851	30.477146085142614	0.30346855541057094	27.57046618955763	3.552713678800501e-15	5.551115123125783e-17	False	False
275	30.476992620014077	0.30585738329125606	0.837372968482674	12.265206337475425	1.1179911491563224	4.127216587126221	0.34666984706683984	1.1346492172787515	0.0	0.0	30.47699257140707	0.30585738427200626	30.476992620014105	0.30585738329125617	23.38578277909409	2.842170943040401e-14	1.1102230246251565e-16	False	False
276	30.47725289085846	0.3056763927795433	2.15168126949905	12.492051377412118	0.987469849242517	4.310684811800833	0.27899239844914936	1.0021831499962304	0.0	0.0	30.47725288811567	0.3056763932915801	30.477252890858434	0.3056763927795433	26.279820806202757	-2.4868995751603507e-14	0.0	False	False
277	30.477194156242142	0.3064940654414923	0.8884981283220313	12.232045471947272	1.0020955873684303	4.101395003198023	0.18039272631416342	1.01702681162022	0.0	0.0	30.477194152781443	0.30649406646285343	30.477194156242135	0.3064940654414923	25.953492865100728	-7.105427357601002e-15	0.0	False	False
278	30.477005492665736	0.3036737154070779	2.139619566544026	11.691465502125439	0.882207088242283	4.599190235226416	0.05688146748995318	0.895351973857093	0.24562242848801344	0.042150750455089314	30.477005574004362	0.3036737189443061	30.477005492665718	0.30367371540707827	31.14345294194247	-1.7763568394002505e-14	3.885780586188048e-16	False	False
279	30.477087275734352	0.3054549949008544	1.4212329882420949	11.799553101868275	1.1953704033763186	4.703447523829707	0.35740523663288265	1.2131814223866257	nan	0.042150750455089314	30.477005574004362	0.3036737189443061	30.477005492665718	0.30367371540707827	31.14345294194247	-1.7763568394002505e-14	3.885780586188048e-16	False	False
281	30.477422876198492	0.30519451433036265	1.2971198777590016	11.441593739661604	1.0642328443128424	4.9845048765335	0.08713446649292905	1.0800899136931037	0.04388853533913873	0.02742870554727926	30.477423184646135	0.3051945310857044	30.477422876198414	0.30519451433036315	28.15015606949024	-7.815970093361102e-14	4.996003610813204e-16	False	False
282	30.477259086314195	0.3074878685157228	1.8026089901731321	11.607256590303786	1.019614177413535	4.823023115148052	0.02599954914343138	1.0348064286569967	0.2879132864822865	0.17993511738428103	30.477259261394607	0.30748787747159756	30.477259086314064	0.30748786851572274	28.65951685716547	-1.3145040611561853e-13	-5.551115123125783e-17	False	False
283	30.47725597409804	0.30507984540448324	1.4853707458672218	11.532003672921196	1.05265299919594	5.81184370200881	0.33256586218068684	1.0683375288839594	0.6256865248484069	0.39103085401127363	30.477256270942053	0.3050798587171209	30.477255974098036	0.30507984540448374	29.486489954763943	-3.552713678800501e-15	4.996003610813204e-16	False	False
284	30.4773898202133	0.3051079427663969	1.6026887555787706	12.139876482912369	1.0417797930307962	5.648656255988636	0.2222556089546711	1.057302311946955	0.0	0.0	30.477389899110772	0.3051079461030006	30.47738982021325	0.3051079427663965	29.80660811571759	-4.973799150320701e-14	-3.885780586188048e-16	False	False
285	30.477526480412028	0.3053718766974112	0.6168191100786337	11.122785539198597	1.0688473968424064	4.950145286224927	0.08278092689794958	1.0847732230553582	0.004833175024975157	0.0030205549944677004	30.477527243218326	0.3053719139007654	30.47752648041216	0.30537187669741317	28.231539486119882	1.3145040611561853e-13	1.942890293094024e-15	False	False
287	30.477383316594576	0.30404027152613605	2.605050575545399	12.279643717439885	0.9110137825271386	4.661920109269075	0.09140573529598188	0.9245878878867929	0.0	0.0	30.477383336496846	0.30404027253829946	30.477383316594597	0.3040402715261359	30.28099665889363	2.1316282072803006e-14	-1.6653345369377348e-16	False	False
289	30.47741305865021	0.30489695661750865	0.9201971278258613	11.560610310177493	0.9661332177947753	3.1157931313074956	-0.014071328358728291	0.9805286027399174	0.04916754229559002	0.044838243122390445	30.477412940134407	0.3048969585167051	30.477413058650217	0.30489695661750843	23.774592294568492	7.105427357601002e-15	-2.220446049250313e-16	False	False
290	30.47750809734944	0.3043959716268262	1.115054583669538	11.386067962180524	1.0418507263437244	4.356741861941103	0.14168177333214443	1.0573743021662458	0.0029172028734832634	0.002660337400885515	30.477508099697502	0.3043959817539345	30.477508097349652	0.304395971626826	26.19298425657432	2.1316282072803006e-13	-1.6653345369377348e-16	False	False
291	30.477202388817915	0.3069051942530561	1.9270679015818326	12.960308158307377	0.9446561014253009	3.753718363045298	-0.018590969699134097	0.9587314773365377	0.0	0.0	30.477202388492586	0.3069051943993512	30.477202388817908	0.30690519425305607	26.60075763398399	-7.105427357601002e-15	-5.551115123125783e-17	False	False
292	30.477350668307974	0.3043811435402422	1.5891195341337123	11.50822480850119	1.030246145553176	3.636190024186909	0.12813283853301288	1.0455968131219182	0.07047279482217562	0.06426752609992605	30.477350478371385	0.3043811469149006	30.477350668308247	0.30438114354024504	23.78686240327469	2.7355895326763857e-13	2.831068712794149e-15	False	False
293	30.477067802050286	0.30387694121491327	1.3597833522764122	12.324190176044105	0.9260568086538481	4.036620389205211	0.024677646491134353	0.9398550551027903	0.0	0.0	30.47706780820866	0.3038769419305394	30.477067802050303	0.3038769412149135	28.08676330879988	1.7763568394002505e-14	2.220446049250313e-16	False	False
294	30.47734673836595	0.30555183051390916	1.687878624294388	11.402050774081015	0.8560205204566312	4.1705485109205425	-0.23760706425048908	0.868775226211435	0.27477902221547457	0.2505841867986809	30.477346904115983	0.30555183659789065	30.477346738365963	0.30555183051390866	31.63407763733055	1.4210854715202004e-14	-4.996003610813204e-16	False	False
296	30.47724099523127	0.3041747610929474	1.921326213408084	11.551652489792627	0.8456777133670285	3.867620373991115	-0.16657736087099345	0.8582783112961971	0.25517328517436627	0.4970322323536187	30.477241054381345	0.30417476447563596	30.47724099523128	0.3041747610929481	30.413672028916277	1.0658141036401503e-14	7.216449660063518e-16	False	False
298	30.477162826783808	0.3060187532954924	1.7273127327358582	11.547252815077863	0.9661332177947753	3.1157931313074956	-0.014071328358728291	0.9805286027399174	2.728682741855211	0.8821584126604872	30.477162686980698	0.3060187550185103	30.477162826783733	0.3060187532954917	23.549888286829397	-7.460698725481052e-14	-6.661338147750939e-16	False	False
299	30.47719711945816	0.30565427434013365	2.198975383692561	10.879385348002248	1.088139920810394	4.173152722814259	0.28439887798085345	1.1043532056304686	1.9969923151478688	0.6456095257260628	30.47719613600445	0.3056542967586937	30.47719711945832	0.3056542743401345	23.893312744164422	1.5987211554602254e-13	8.326672684688674e-16	False	False
301	30.47718171172071	0.30560223407712983	1.958522059681715	12.388231411640433	1.11965422300704	5.5586989857101425	0.420381408534268	1.1363370709298448	0.0	0.0	30.47718173779239	0.3056022361109756	30.47718171172072	0.3056022340771301	27.284073168020264	1.0658141036401503e-14	2.7755575615628914e-16	False	False
302	30.476773837447634	0.3043127928111442	2.0622820427448256	11.669636698379565	1.111435067487276	6.403044590258991	0.05816124476928716	1.1279954499928362	0.13169341698036918	0.053263905580224515	30.476775326830815	0.30431282471401644	30.4767738374482	0.3043127928111432	34.321805187065614	5.648814749292796e-13	-9.992007221626409e-16	False	False
303	30.477048435206193	0.3075519765589929	1.3500051348408295	12.473627134666167	1.0583681339615314	5.217498698384747	0.21321954946670388	1.0741378191575581	0.0	0.0	30.477048462318425	0.3075519779800432	30.477048435206232	0.30755197655899297	28.274461042785102	3.907985046680551e-14	5.551115123125783e-17	False	False
307	30.47707376545888	0.30835860442944335	1.0669735483164904	12.610727197991832	0.9281862277927497	7.482192975014478	0.05130880873810532	0.9420162025868616	0.0	0.0	30.47707384776737	0.30835860583446245	30.477073765458883	0.30835860442944335	39.26800126917199	3.552713678800501e-15	0.0	False	False
309	30.47696199129061	0.3073599554801643	-0.21484904673820604	11.972983320055704	0.9185656865829278	6.7785411336548735	0.0719345664393503	0.9322523153130133	0.0	0.0	30.47696253665113	0.30735996189419257	30.47696199129064	0.30735995548016387	-37.83071859094664	2.842170943040401e-14	-4.440892098500626e-16	False	False
310	30.47690454964622	0.3087115352494132	0.4650507023562071	10.846864393309318	1.0340247302326135	6.15733850196166	-0.0590328869943309	1.0494316987130794	0.04226392990954703	0.10372482039551409	30.476911032778464	0.3087116674187966	30.476904549645738	0.30871153524940914	34.0927668261367	-4.831690603168681e-13	-4.052314039881821e-15	False	False
312	30.476946992464182	0.307365583222697	0.3532688789063425	11.377387121990425	1.03450687416523	4.404278429586688	0.30982142521381806	1.0499210265902919	0.0	0.0	30.476947034825333	0.3073655928282014	30.47694699246419	0.3073655832226982	26.05931845506942	7.105427357601002e-15	1.1657341758564144e-15	False	False
317	30.47731267958158	0.30635317727144357	1.6366395390162958	10.98690107264767	1.0871439835984436	3.8237748747251414	0.31978031673147783	1.1033424289540603	0.4981575200745739	0.324974590961901	30.47731159410727	0.30635318737527184	30.477312679581512	0.3063531772714425	22.706984758037564	-6.750155989720952e-14	-1.0547118733938987e-15	False	False
318	30.477093764111853	0.3046258431069987	2.537844753187657	11.706592889591638	1.1825051489316145	3.1957096172336126	0.5156431445600841	1.2001244756506955	nan	0.324974590961901	30.47731159410727	0.30635318737527184	30.477312679581512	0.3063531772714425	22.706984758037564	-6.750155989720952e-14	-1.0547118733938987e-15	False	False
320	30.47704222709429	0.30525553839539626	0.9728189647661286	11.816427824328567	1.088139920810394	4.173152722814259	0.28439887798085345	1.1043532056304686	3.9349147757419103	0.5375632071652996	30.477042139519302	0.30525554134096217	30.477042227094266	0.3052555383953961	24.170948317632046	-2.4868995751603507e-14	-1.6653345369377348e-16	False	False
321	30.47712904925545	0.30633701713774864	0.7857028091417312	11.304288624467626	1.1923528123660931	3.2815510000997983	0.3848624933040183	1.2101188692703477	nan	0.5375632071652996	30.477042139519302	0.30525554134096217	30.477042227094266	0.3052555383953961	24.170948317632046	-2.4868995751603507e-14	-1.6653345369377348e-16	False	False
322	30.477108938557098	0.30760555213911106	1.5510680225271098	12.058818257987717	1.0532579638753552	4.522865139443814	0.31786629936759514	1.068951507537098	0.0	0.0	30.477108926950525	0.30760555408339313	30.477108938557013	0.3076055521391106	25.59260594810518	-8.526512829121202e-14	-4.440892098500626e-16	False	False
323	30.477333408762625	0.3066836910056682	2.1066667616874346	10.690039241329462	1.126644205572978	3.9151547875048465	0.5033205572407962	1.1434312042360153	0.4375561710517491	0.05977616086518624	30.477330154478224	0.3066837033051249	30.47733340876249	0.3066836910056652	21.765509081973875	-1.3500311979441904e-13	-2.9976021664879227e-15	False	False
324	30.47709928444155	0.30568039327218954	1.3688986875428366	12.311617380990029	1.0926137284648658	5.245634098112657	0.19402971348572692	1.1088936730189922	0.0	0.0	30.477099331659616	0.305680395846818	30.47709928444151	0.3056803932721895	27.95165524681307	-3.907985046680551e-14	-5.551115123125783e-17	False	False
325	30.47704133911388	0.3055709225390249	1.32135489162395	12.101846678215935	1.161575393575809	3.0075468460076746	0.3272029804571243	1.1788828669400886	0.0	0.0	30.477041139601933	0.3055709218865465	30.477041339113885	0.3055709225390251	18.836416159996276	3.552713678800501e-15	2.220446049250313e-16	False	False
330	30.47680566442172	0.30854784638862265	1.5786490494698358	10.724670680027822	1.0259164196939006	4.331908589417585	0.3902197477633935	1.0412025743473396	0.10782296699890175	0.09145916877748275	30.476805230454	0.30854787731713595	30.476805664421576	0.30854784638862065	25.206975174491788	-1.4210854715202004e-13	-1.9984014443252818e-15	False	False
332	30.476937821556216	0.3114494226840622	1.7846265045987424	11.58253211753905	1.09589166245513	2.848690723404661	0.44557910399977585	1.1122204482257114	1.5665749463311021e-06	2.4091932394018446e-06	30.47693738363212	0.31144942117268576	30.476937821556298	0.3114494226840621	18.77996482408164	8.171241461241152e-14	-1.1102230246251565e-16	False	False
335	30.47674758816415	0.307597844502457	2.7072340597017712	11.703860515486394	0.9298627647852343	2.5526713498720652	0.029747712220156375	0.9437177199805342	0.2721616920581751	0.11247541218908289	30.476747468076713	0.3075978446352145	30.476747588164162	0.30759784450245736	21.563309965317785	1.0658141036401503e-14	3.885780586188048e-16	False	False
336	30.477255064823463	0.3066542956140042	3.1893700918073717	11.067046265033103	1.0767607616687616	1.3764264985492152	0.13221163708427697	1.092804497017626	0.13885387396978233	0.05738370668809603	30.477253918020796	0.3066542852736607	30.477255064823495	0.30665429561400376	12.597199212035296	3.197442310920451e-14	-4.440892098500626e-16	False	False
342	30.47686087562059	0.3093054452164293	1.2087500730168872	10.329539210115987	1.0803360313492454	2.8523159110848884	0.34028468595986994	1.096433038216349	0.01120444362004862	0.08298115430909854	30.476853693238844	0.30930542686746704	30.47686087561935	0.309305445216411	19.431867594365	-1.2398970739013748e-12	-1.8263168755083825e-14	False	False
343	30.477066624827575	0.3089378047950375	1.4437555131286863	10.304929382207005	1.00128643350637	1.6163746594815809	-0.0770122612284349	1.0162056013656149	0.023124224628244653	0.17126016402287897	30.477061210014618	0.30893776477437274	30.477066624827746	0.30893780479503846	15.798731891572647	1.7053025658242404e-13	9.43689570931383e-16	False	False
344	30.476780029739306	0.3072771778283757	0.37867205163935047	9.700157585653656	0.9684344251808026	0.9513797008580229	-0.1809967063575364	0.9828640981159965	0.0	0.0	30.4767675234163	0.3072770703344863	30.476780029739444	0.307277177828379	13.051002716208775	1.3855583347321954e-13	3.2751579226442118e-15	False	False
349	30.476880683180347	0.3074822014354211	1.6211497845200866	10.962326116872944	0.9696155631159372	3.3080942392944817	0.06380370316119689	0.9840628350063646	1.1958927751223096	0.2577342319133241	30.47688023484649	0.307482209908362	30.476880683180326	0.30748220143542027	24.02311190599838	-2.1316282072803006e-14	-8.326672684688674e-16	False	False
352	30.476948687859416	0.3054195857055358	0.35339625523170215	8.134731526751297	0.9511641361205361	2.1024289811790973	-0.13972951562622113	0.965336481748732	0.0	0.0	30.47643774114866	0.3054190386967274	30.47694868788549	0.30541958570599725	20.393570159578925	2.6073365688716876e-11	4.614642001854463e-13	False	False
356	30.476825128421133	0.3046154077675904	0.5720310088053164	9.15015404003095	0.7930488602322038	1.6847390205633992	-0.3948392726921677	0.8048652882496635	1.8589702839546633	0.21961844062651498	30.47680668078525	0.3046154030804602	30.476825128424732	0.3046154077676303	21.491556725322884	3.5988989566249074e-12	3.991251773527438e-14	False	False
358	30.477036786277207	0.30795497610073197	1.4270605730350234	9.278467572917522	0.8883361182254381	2.1913212027661695	-0.08813548015756503	0.901572326386997	0.6869792067045967	0.12710287846545815	30.477010189100785	0.3079549649591663	30.477036786273068	0.30795497610069034	21.257765981318656	-4.1389114358025836e-12	-4.163336342344337e-14	False	False
360	30.477198683679443	0.3097447764051897	2.261580513872765	7.813167032804706	0.9719720656924651	2.108563237590501	0.03293158654718929	0.9864544494712827	0.0011302137975136874	0.0008146639870686758	30.475809925111513	0.309739078368518	30.47719868370942	0.3097447764056356	18.94951425185947	2.997779802171863e-11	4.4586556668946287e-13	False	False
362	30.476539170838784	0.307447442680398	1.105331055945883	7.96298647355773	0.9894653453076059	1.6428718867500605	-0.08142880576182847	1.0042083789526892	0.005131768427964327	0.002626543420656143	30.475482727316876	0.3074404161889084	30.476539170851673	0.30744744268060775	16.520370245545223	1.2889245226688217e-11	2.0977664050292333e-13	False	False
363	30.476668056914633	0.30700601101363295	1.760887049250443	7.105863325766284	1.0190093298760339	2.204448745303919	0.12117920018795933	1.0341925688911866	0.17263791711782875	0.08835959605867968	30.468544540114575	0.3069790192509975	30.476668057280346	0.3070060110196101	20.30395367278761	3.6571279338204477e-10	5.9771632088256865e-12	False	False
364	30.476780317132704	0.30657219188757157	1.4295554598932874	7.652205861146415	1.1049317478203016	0.7880729775800146	0.19230007143555772	1.1213952308628239	0.08343009028495707	0.04270121651019777	30.474827810817843	0.3065530000528815	30.476780317082223	0.3065721918862807	9.142566443037458	-5.048050866207632e-11	-1.2908563107316695e-12	False	False
365	30.476662872492092	0.3078880319831897	1.4912709556390207	7.2794824816750054	0.9129688374235988	0.8570004944742317	-0.17006104081429702	0.9265720731012104	0.01147320518180234	0.005872219685496375	30.474114904443237	0.307864285130998	30.476662872571655	0.3078880319851472	12.334355865999646	7.956302283673722e-11	1.9574897258678448e-12	False	False
368	30.477227254866122	0.30430856363132935	1.8667324272397072	8.211049353339542	0.9253737980287001	4.101867567312173	-0.05442448530004629	0.9391618676193276	0.35701145235000403	0.07836272571958688	30.477356747410916	0.30431882885302547	30.477227254868332	0.3043085636314137	28.30018402908799	2.2097879082139116e-12	8.432143872028064e-14	False	False
370	30.477300968416873	0.30285075446707627	1.4824380469773086	8.430078906677684	0.9342452366980436	4.077987399333553	-0.1383493201671881	0.9481654907248444	0.004597511433049775	0.0009572138219625339	30.47738824863514	0.3028574693857153	30.47730096835866	0.3028507544665023	28.460065098675216	-5.821476634082501e-11	-5.739853037312059e-13	False	False
372	30.477351227955356	0.3057263781239614	1.95136317179503	8.328992966274653	0.9959409930710421	3.6326785093822926	0.17397734178801658	1.0107805138678005	0.26087667138522397	0.23335810388762449	30.47715380355361	0.3057310417416355	30.477351227854005	0.3057263781228886	24.161211590197826	-1.0135181582882069e-10	-1.0728085086952888e-12	False	False
373	30.47727866922657	0.30718619361849164	1.7153810489066432	8.415667128472972	1.088139920810394	4.173152722814259	0.28439887798085345	1.1043532056304686	0.4183640735930756	0.37423295241382165	30.477051393830166	0.30719346960313754	30.477278669320214	0.3071861936193465	23.93119446275116	9.36424271458236e-11	8.548717289613705e-13	False	False
376	30.477182486102436	0.30430679512341896	0.7831334913793878	6.7154410243468075	0.9178004531969159	6.30484462489122	-0.05367331922916679	0.9314756799495499	0.26903995884414594	0.1750109920722002	30.513348229461066	0.3052027642236655	30.477182485926534	0.3043067951195072	20.31812165728435	-1.759019596647704e-10	-3.9117598049642766e-12	False	False
378	30.477476051112014	0.30703803180757827	2.4535621831569188	6.865531207065883	0.9847191799173914	5.677355408288042	0.07451555181725242	0.9993914956981604	0.006865728648548836	0.00223656066539573	30.500479058499117	0.3076853357451994	30.47747605120058	0.3070380318087531	20.31831736746705	8.856559929881769e-11	1.1748380046583407e-12	False	False
381	30.47667385181228	0.3042368580200127	2.7434739118963103	6.99195903651806	0.9172673844162708	6.523350722662995	-0.06180317212613383	0.9309346684440731	0.060861058625184546	0.027216278121465955	30.49531060324899	0.3047173209962536	30.476673851830274	0.3042368580184429	24.727872658695173	1.7994494783124537e-11	-1.56979984566874e-12	False	False
385	30.476741623390453	0.306115508815869	2.017224893787179	6.125988144028671	1.0738461121028235	4.394163662742891	0.20047686660345732	1.0898464191731556	nan	0.9132790965322398	nan	nan	30.476741623390453	0.306115508815869	nan	nan	nan	False	True
386	30.47672728020638	0.3059073152738697	0.9277872631943886	5.213714575385161	0.9213071040506836	3.4888614838872107	0.07201368653617568	0.9350345799010387	0.5915248619217989	0.6319165563711837	30.813920573179015	0.31887312651279004	30.47673083946648	0.3059074127444402	20.317820559644325	3.5592601008715974e-06	9.747057050368824e-08	False	False
388	30.47671691676756	0.30482587565538777	1.9954012693011882	5.764877169993464	0.9520479332532248	4.6776359642940015	-0.03365998140154142	0.9662334474586978	nan	0.5641304645314204	nan	nan	30.47671691676756	0.30482587565538777	nan	nan	nan	False	True
389	30.47677257258667	0.30513014821964546	1.9872668697499947	5.498569094426817	0.9953900102381883	3.7340124852537966	-0.0018054602067924252	1.0102213213907372	nan	0.5641304645314204	30.47677257258667	0.30513014821964546	30.228909783952115	0.29453765572507057	nan	-0.2478627886345528	-0.01059249249457489	True	False
390	30.476639170077558	0.3050116496573021	1.8271823301366805	6.473118381430224	1.0528670585438935	4.989613035508534	0.20834508446756977	1.0685547777161974	0.08507416049310434	0.16110345342509463	30.505418599808316	0.30641451552587723	30.476639171383503	0.30501164968224387	20.317759447589005	1.305945573903955e-09	2.4941770870867686e-11	False	False
391	30.4766352270292	0.3047520882755669	2.1398479327736175	4.973742330221199	1.068516595375038	4.839455340888548	0.3390872874603785	1.084437492646126	0.0	0.0	31.85341828250633	0.31268071756282495	30.476937675320645	0.25895203494336816	20.317958450213766	0.0003024482914462112	-0.04580005333219872	False	False
392	30.476816426450025	0.3068055842391154	1.620478269476251	6.047868021875919	0.9732084480044376	5.466932302780525	-0.009973224361309346	0.9877092538797037	nan	0.0	nan	nan	30.476816426450025	0.3068055842391154	nan	nan	nan	False	True
393	30.47695080621414	0.3066574419642504	1.4076614080033751	4.948826427950379	1.0054775888946539	6.54699063537379	0.28333993334655777	1.020459204969184	nan	0.0	32.378385796393516	0.3307295783174067	29.743255711891884	0.235113850664803	nan	-0.7336950943222575	-0.07154359129944737	True	False
394	30.476805551624697	0.3072671995367496	1.1293754556906705	5.957895942841615	0.9985714987553962	6.746562848992654	0.21681375787477708	1.0134502140868515	0.4510980858666844	0.824975147589614	30.720526567059025	0.31520985718482736	30.476805551982043	0.3072671995386045	20.31787036798803	3.573461526684696e-10	1.8549051183924803e-12	False	False
396	30.476529610706468	0.30656882526573576	1.1930292974164	6.873966653319983	1.0503013995859896	5.072069881362442	0.06721865559754645	1.0659508904398207	0.012525992868872135	0.013436859469366801	30.49580129228385	0.307276615532838	30.47652961077375	0.3065688252699297	20.317686407182492	6.728129164912389e-11	4.19392298667276e-12	False	False
397	30.47666332185044	0.3067826138486959	1.8679247626507647	7.268023818180066	0.9131597788214412	5.51156097846944	0.018203110849757315	0.9267658595258805	0.1952075053216221	0.20940262730713863	30.48231739791491	0.30695194352179883	30.476663321646562	0.306782613845569	28.306381164769853	-2.0387957988532435e-10	-3.126887637705522e-12	False	False
399	30.476723427559488	0.3093370632935962	2.1369096592762706	6.325277542743627	0.9671436966684968	5.739792900973136	-0.14272697593190078	0.9815541377488572	0.0018615010012288874	0.029674948687273637	30.541158256814885	0.31166468765206573	30.476723427727183	0.30933706329495914	20.31781561848479	1.6769519106674124e-10	1.3629097850298422e-12	False	False
401	30.476629801737634	0.30668628315661234	1.6840251324942583	4.562492206019753	1.0056950060036551	7.172783758422536	0.17720977290718126	1.0206798615931094	nan	1.592479797472908	nan	nan	30.476629801737634	0.30668628315661234	nan	nan	nan	False	True
402	30.47670735464223	0.3090865918802628	2.5449166145738107	5.327645218737874	0.955210373477539	7.159098740061068	-0.003708920118770588	0.9694430080423543	nan	1.592479797472908	nan	nan	30.47670735464223	0.3090865918802628	nan	nan	nan	False	True
403	30.476771884348125	0.30807767233093625	2.476555893717683	5.472632430087539	0.8414762599087826	7.133035417486358	-0.15128088437418466	0.8540142561814233	nan	1.592479797472908	nan	nan	30.476771884348125	0.30807767233093625	nan	nan	nan	False	True
405	30.47667739411696	0.3063319556284406	3.1922348841895802	6.262929838079587	0.9171136488470657	8.195328419189913	-0.07281453704545338	0.9307786422148869	0.17450182542894407	0.3290435885846924	30.592603224995415	0.3098627946489258	30.47667739476978	0.3063319556376848	20.317784929846525	6.528182439069496e-10	9.244160992238903e-12	False	False
410	30.476699380398387	0.305945973939137	1.7173766799297066	6.588967264192096	0.9371085190871911	7.231324001092585	-0.11671868641938549	0.9510714360215902	0.2849772724305691	0.1095032575037891	30.537224888219875	0.3076165062442267	30.476699380470652	0.30594597394085177	20.317799586980435	7.226574894048099e-11	1.7147949726847855e-12	False	False
412	30.476804399533794	0.3070245046360945	-0.030474793047668758	6.417298118727013	1.036225423718027	7.75220782537962	0.23267024056761582	1.0516651825314256	0.0	0.0	30.658831750235368	0.3112743358836906	30.47680439933906	0.3070245046391405	20.317869599559373	-1.9473489487609186e-10	3.0460078903615795e-12	False	False
417	30.477012148903132	0.30556542442815793	1.802022582443961	7.797282302306326	0.839941755495808	9.96426866358827	-0.13667306162271223	0.8524568876526954	0.924443426903689	0.4442749509951476	30.48427568622521	0.30566899237285367	30.477012148871225	0.3055654244281129	36.684737590351055	-3.19069215493073e-11	-4.50195436485501e-14	False	False
418	30.477319553375885	0.3040771764247621	2.0932091802982224	8.204809505606653	0.9932104960800282	8.912528335106517	-0.2486341134423128	1.0080093324716206	0.0003606896929798516	0.00017334256592618208	30.493809477729425	0.3042989470957725	30.4773195533424	0.3040771764243194	47.970100288133025	-3.348432642269472e-11	-4.4270143106928117e-13	False	False
419	30.477259911216827	0.3049244411344603	2.462936970216399	7.776473173915763	0.8587426531413966	9.138485863829796	-0.11145157136719772	0.8715379186732034	0.16374860994013457	0.07869535716246275	30.484117481744644	0.3050263453524278	30.47725991131562	0.30492444113566775	34.99270283826068	9.879386198008433e-11	1.207423050431089e-12	False	False
422	30.47680442585424	0.3074650079926757	2.3574892008232866	7.391059677497932	0.9707932421842007	9.082991094164033	-0.34705845402277613	0.9852580614927452	nan	0.7636616231254594	nan	nan	30.47680442585424	0.3074650079926757	nan	nan	nan	False	True
423	30.47723191084637	0.3056329399439803	3.049121080803747	7.686921299671134	0.9166355928703912	7.147560663789097	0.02305128641604752	0.93029346320416	0.7231792315956876	0.6305513986917175	30.482587357740528	0.305735097672314	30.477231911417288	0.30563293995068447	30.730658123690784	5.709175354695617e-10	6.70419275650147e-12	False	False
427	30.47687005365916	0.3035820292874151	3.0342020148827684	6.35908334609651	0.8731694333535641	6.929421875363818	-0.2047509178689352	0.8861796579105321	0.10378330492858384	0.11480480607817282	30.541968237261024	0.3054211460608878	30.476870053335468	0.30358202928055933	20.317913368890316	-3.2369129598919244e-10	-6.8557937105140354e-12	False	False
428	30.477091518923825	0.30359008876768995	4.014015947045557	7.703987247580085	1.0111386597501015	8.249925795824996	0.1312771592212509	1.0262046257803779	0.12210452142341306	0.13507168530554445	30.486222024195158	0.3038063239769445	30.47709147502491	0.30359008827142225	30.477091475024917	-4.3898914725559735e-08	-4.962676936060006e-10	False	False
432	30.4769775293758	0.306890361392875	4.792458979893123	7.598423942816426	0.8308291828881095	5.568994523778195	-0.22026940213462023	0.8432085377131422	0.0	0.0	30.479999496244755	0.30695107882675193	30.47697752928328	0.3068903613916346	32.288929044991065	-9.252332233700145e-11	-1.2403966742624561e-12	False	False
433	30.47681551071559	0.30642442506277195	3.4390098985644615	8.036593917116408	0.961805250855545	5.571242044412573	-0.07680096817664248	0.9761361490932926	1.4153001883742156	0.4236070691129209	30.478210575358286	0.3064634403865181	30.47681551075867	0.30642442506352685	30.92994468014542	4.3080206069134874e-11	7.548961455938752e-13	False	False
434	30.477048500399018	0.3077961429621545	3.7993945065109496	7.560934255360451	0.8236134596764114	5.609049351511569	-0.44413626593222966	0.8358853002255898	1.3927523279137641	0.4168583714423646	30.48078816593299	0.30786603625316195	30.477048500483804	0.3077961429632672	32.172315946137395	8.478551194457395e-11	1.1126655152793319e-12	False	False
435	30.476783619875444	0.30731079840309905	3.9880164977346837	7.903580353631031	0.8863890175378385	5.269489409294967	-0.14034156790273727	0.8995962138991522	0.4979004550914566	0.14902432305443472	30.47814769499946	0.30734437699866346	30.47678361999601	0.30731079840411574	31.94540576846082	1.205648914037738e-10	1.0166867348004871e-12	False	False
437	30.477199722371	0.3045554363592248	3.318613832215982	7.93663135515935	0.9393621481200609	3.3606754298154806	0.09869604774823837	0.9533586441270497	0.7004567973242875	0.1386267174937981	30.476876009648922	0.30456434269061317	30.477199722388924	0.3045554363595737	24.461358083428294	1.7923440509548527e-11	3.489430966396867e-13	False	False
441	30.476531836126156	0.30587049173500186	3.9931509814512856	5.478628292934991	1.1500699700808932	3.3490631048813446	0.36375874894247373	1.1672060126350985	nan	0.13031564457686023	nan	nan	30.476531836126156	0.30587049173500186	nan	nan	nan	False	True
443	30.476667301164337	0.3069508522667198	2.975460703103264	6.302935459052252	1.0440434348875773	3.3109495746793725	0.24538066602455816	1.059599682067402	0.17952596464335824	0.12896560331731247	30.47572420338319	0.3077701895285433	30.47666730269699	0.3069508522861741	20.31777820179799	1.5326513391755725e-09	1.9454271527052924e-11	False	False
445	30.476816960775817	0.30730720708823656	3.418997704437201	5.124244515811169	1.096180404458251	2.959836134979004	0.1489056076156626	1.112513492484679	nan	0.5781709497286288	30.476816960775817	0.30730720708823656	30.057200003709088	0.2857678447120194	nan	-0.4196169570667294	-0.021539362376217175	True	False
446	30.47653503560433	0.30492536421628563	3.62482424975914	5.35639270198944	1.125125301040069	3.070602290510563	0.3330704783981349	1.141889668025566	0.01523432991494324	0.018928391715130857	30.723126490906747	0.31776074631673834	30.476291364593646	0.30491825311451626	20.317527576395765	-0.00024367101068278885	-7.111101769374795e-06	False	False
447	30.476501199838847	0.30625999515664226	3.6748538628464065	5.662397538337371	1.0402158693677537	3.4335445852177506	0.17623638669742486	1.055715085821333	0.009484760350717951	0.011784650867146473	30.56298034900674	0.31144817645084244	30.476501197397337	0.306259995119493	20.31766746493156	-2.4415101051999955e-09	-3.7149283649284826e-11	False	False
448	30.477068616414076	0.30649636866544844	3.694361903784151	4.815816548905452	1.0614668940797984	3.0626775433322058	0.050134303754888754	1.0772827508015874	0.0	0.0	31.735313767782596	0.35294388771892726	30.477071804459015	0.3064816485142396	20.318047869639347	3.1880449391508137e-06	-1.4720151208846843e-05	False	False
449	30.476526492132496	0.3069164908160548	3.0649994568399186	5.809638240118091	0.9661395937096885	3.8653969777701467	-0.09273536498295842	0.9805350736559628	0.011832066940631065	0.01470113875059461	30.54671743362656	0.31057386278193005	30.476526492359316	0.30691649081634975	20.317684328239547	2.2681945210933918e-10	2.9493074649167283e-13	False	False
450	30.476581412021382	0.30717714086093395	3.512949627126644	4.21994128315241	0.9881003992654753	4.0388084491114755	0.08543028572056366	1.0028230952145307	0.0	0.0	34.426890547585884	0.36714413550314207	30.46883260538344	0.22514855735633113	30.468832605383444	-0.007748806637941641	-0.08202858350460282	False	False
457	30.476798133461646	0.3085213561224682	2.963687880144162	6.714277154338087	0.9145596734970091	3.818573760164442	-0.0050625612793426256	0.9281866126321144	0.05993436854845275	0.06174869972299298	30.484351772138208	0.30884314823667847	30.476798133487144	0.30852135612199555	21.074143871760484	2.5497826072751195e-11	-4.726774527341604e-13	False	False
458	30.476884746492765	0.30894611731895977	3.2932166178771842	6.390832471973315	1.1588884608292938	3.09706736310548	0.287642926727352	1.1761558988956502	0.040614216577195494	0.04184368876569387	30.466124847819835	0.3098702188602887	30.476884745891404	0.30894611730856164	20.31792316392761	-6.013607389832032e-10	-1.0398126804034291e-11	False	False
461	30.477167273139724	0.3067374307129538	3.7858478144349608	7.2263971306610895	0.9210568660460154	3.675278336310627	-0.09479141444187733	0.934780613350101	2.207225937225468	0.4548944402256935	30.477972782233664	0.3068194735432889	30.47716727358149	0.30673743071737875	24.983443166688897	4.417657351041271e-10	4.424960398097255e-12	False	False
463	30.476888311081755	0.3069445634683715	4.030121799829236	7.81287139824957	0.9794912653742913	4.072783331538283	0.04656862356588415	0.9940856852283682	2.358531294165763	0.6762316520619072	30.477011120168825	0.3069726108347579	30.47688831081287	0.3069445634655039	25.880886146496618	-2.688835820663371e-10	-2.867595050304317e-12	False	False
465	30.477074815136373	0.30409755029071917	4.442564630525501	7.084458817852961	1.0381029407789275	4.345315781116767	0.19028219181933023	1.0535706745965334	0.5668946170464418	0.12557261085201932	30.48027469274833	0.3043208108608198	30.477074814465276	0.3040975502823769	21.84862824409312	-6.710969557843782e-10	-8.342271318184658e-12	False	False
466	30.47721073657033	0.308286497626095	3.680886959946391	7.2299463704550115	1.0381029407789275	4.345315781116767	0.19028219181933023	1.0535706745965334	0.10964561639949211	0.024287558755625386	30.479331269248256	0.308445211685778	30.47721073673375	0.3082864976259557	22.745822784172532	1.6341772379746544e-10	-1.392774784392259e-13	False	False
468	30.477315349910032	0.3053001878358163	2.6829784146899414	7.105268768929807	1.059832644106102	3.5382036165686923	0.23318428919802317	1.0756241505032826	0.31208816001403145	0.1757813173368965	30.474797267935312	0.3054141145315416	30.4773153508169	0.3053001878453558	21.229703377316756	9.068692463642947e-10	9.539480316789195e-12	False	False
470	30.476845841158287	0.30510878330440805	4.55337394235751	7.3337206826888615	1.066022734552885	3.9468860566847663	0.1459273436584268	1.0819064732977228	0.0	0.0	30.47616069644921	0.30521022301123396	30.476845842641026	0.3051087833244146	22.446560326416595	1.4827392647021043e-09	2.000655197065271e-11	False	False
471	30.477062777289998	0.3039279126323933	4.696676911336709	5.789038417016526	0.9710629506325311	4.47444818923351	0.09236893273135577	0.9855317885969558	0.0	0.0	30.56785755556562	0.30828239387813555	30.47706277725151	0.3039279126306761	20.318041851501015	-3.8486547282445827e-11	-1.7172374633389609e-12	False	False
476	30.47746695005672	0.30496232497549913	3.9789742958322423	7.051067830064496	1.172073815249025	5.312185965511064	0.21955418106172436	1.1895377150962354	0.009801430414104152	0.007377012979366057	30.496115514501213	0.305816244700767	30.47746694961382	0.30496232497012055	20.31831129974255	-4.4289905076766445e-10	-5.378586465099033e-12	False	False
477	30.47733755193062	0.30270140646746896	3.7742810618586207	7.249385115126451	1.0583681339615314	5.217498698384747	0.21321954946670388	1.0741378191575581	0.0011567823260975217	0.0008706482496312906	30.48357421391846	0.3029563828289043	30.47733755213467	0.3027014064714802	23.151252341082706	2.0405011014190677e-10	4.0112357879706906e-12	False	False
478	30.477064532044746	0.30442502263332155	4.16935743961144	7.346518981684717	1.0793376250066715	5.194699549325951	0.2985745426859449	1.0954197556192709	1.2076045668969617	0.90889943483365	30.481222808018597	0.30462334849789946	30.477064531386095	0.30442502262852816	23.449382010031066	-6.586517997675401e-10	-4.793387908819113e-12	False	False
479	30.47727708525437	0.3065790015503013	3.3368068815738376	6.9504026727946675	0.8243827924608549	3.925025015299797	-0.12779759616387742	0.8366660960685216	0.808950808087031	0.6088540507658268	30.48091702283507	0.3067215301229013	30.477277085844385	0.3065790015560942	26.816145507757135	5.900133714931144e-10	5.7928661867379105e-12	False	False
482	30.476768789423264	0.3038756188866131	3.1164477308090066	6.948746254102123	1.1191356796914662	4.288754854258508	0.3962708486067635	1.135810801318869	0.13658361953019776	0.03795447135314456	30.478369708761356	0.30422038032616194	30.476768789571477	0.303875618886876	20.31784585971432	1.482121092521993e-10	2.6290081223123707e-13	False	False
483	30.476970114792543	0.3033731822307591	4.078124565841955	6.726648971642635	1.0632437386329523	4.479053389812711	0.3355400628377147	1.0790860703385832	0.12315782794775784	0.03422365191987904	30.48379056367492	0.30391571245839	30.47697011372305	0.303373182219391	20.317980075815367	-1.0694947150113876e-09	-1.1368073149498059e-11	False	False
489	30.4769922389638	0.30947186364129	4.0536530153281065	8.38904942400049	0.9342452366980436	4.077987399333553	-0.1383493201671881	0.9481654907248444	0.01375838191519331	0.006116628321072615	30.47710318073256	0.30947941172784915	30.4769922390345	0.30947186364202994	28.0848737139973	7.070255492180877e-11	7.399636459126668e-13	False	False
490	30.47680336963268	0.30495396754606663	4.430243452358161	8.375803845921535	0.9863150410997172	2.3421274371721053	0.1751386519308509	1.001011135212103	0.7494059468082606	0.3331669135573084	30.47638983980786	0.3049523607680474	30.4768033696311	0.30495396754605664	18.9336764367712	-1.580957587066223e-12	-9.992007221626409e-15	False	False
491	30.47700871150325	0.3075088365337781	5.4019801576709465	8.356587499347453	0.9422428210290559	4.329680213630435	0.016379142131216606	0.9562822390623887	0.0	0.0	30.47712719969083	0.3075172433253902	30.477008711480064	0.3075088365334185	28.137319359761108	-2.318500946785207e-11	-3.596012376760882e-13	False	False
499	30.47699767297868	0.3038948763763345	2.8446683738315555	6.848860268011986	0.8637184203891969	4.381023884363675	-0.08155406211212354	0.8765878248529958	0.5581276482867448	0.14422380780173366	30.4841197928833	0.30414560952829806	30.476997672387245	0.3038948763696391	24.99860733289365	-5.914344569646346e-10	-6.6954219946069315e-12	False	False
507	30.47673384473247	0.30608829807750676	3.387825848762348	6.290302957256954	0.7741404764987367	7.5516549132015625	-0.24286900630041158	0.7856751695985679	0.5533990772822321	0.27873057079131286	30.550296232018223	0.3077819890622828	30.476733845369957	0.306088298085205	20.317822563579977	6.374882843829255e-10	7.698230941599604e-12	False	False
511	30.47695788251936	0.30602643326269213	4.51740001732266	5.728970652277311	1.0641271692025192	7.25430436124244	0.23045222051656922	1.0799826640236365	0.0	0.0	30.993521113981114	0.3239873437151529	30.476957875049408	0.3060264330326348	20.317971916699612	-7.469953544614327e-09	-2.30057306538356e-10	False	False
512	30.476588038033178	0.3072187970598123	4.081027596905267	6.269314086655272	1.0525822227806647	8.486794560106878	0.11150543541493262	1.0682656979000966	0.017477943711124395	0.015362811936144988	30.73571067227546	0.3157278023627362	30.476588038940513	0.30721879707743766	20.317725359293675	9.073346518562175e-10	1.7625345627436673e-11	False	False
513	30.477081460695192	0.3064920869636979	4.7688758733226955	6.058111458997085	1.0711500308232544	8.53295910390099	0.39711284982012524	1.0871101662825209	0.0	0.0	30.75794667329229	0.3162085386466379	30.477081459584028	0.3064920869467369	20.318054306389357	-1.1111644937500387e-09	-1.696098816950098e-11	False	False
514	30.477032549241375	0.3079302174796683	4.565567048561445	6.274588768498011	1.1090904000293955	8.970141818638709	0.23723226141829223	1.1256158469898334	0.0	0.0	30.91120968825775	0.32164406310084	30.4770325483339	0.30793021746804805	20.31802169888928	-9.074767604033696e-10	-1.1620260309541663e-11	False	False
515	30.4769908137898	0.3067304924755624	4.637161245192118	6.024005625148677	0.9783645388871508	9.390920109823464	0.10460182749718337	0.9929421705165693	0.0	0.0	30.777177396864243	0.31650944235508416	30.476990813487454	0.3067304924743746	20.317993875658303	-3.0234659220695903e-10	-1.1877721028952237e-12	False	False
516	30.477370618647676	0.3052937430423445	4.690810218344171	6.523707206949521	1.009262937225948	8.398786957268378	0.27360002487218377	1.0243009549906146	0.0	0.0	30.557950315294327	0.3077915285625258	30.477370618401352	0.30529374303765466	20.318247078934235	-2.4632385020595393e-10	-4.6898596117728175e-12	False	False
517	30.47735123162196	0.30630510480068024	3.1813794529865387	5.716323295779892	1.0080879223088715	8.726103626170287	0.219808955072597	1.0231084323512736	0.11366805217258735	0.09991226299486894	31.021306710001703	0.3244256295951654	30.47735122986183	0.30630510477522205	20.318234153241217	-1.7601280433154898e-09	-2.5458191110772077e-11	False	False
518	30.47723181893795	0.3051428538717184	4.6647942631767085	6.681696164043478	1.0056950060036551	7.172783758422536	0.17720977290718126	1.0206798615931094	0.0	0.0	30.52521300355829	0.30658883406054205	30.47723181901481	0.305142853867835	20.318154546009872	7.686296044084884e-11	-3.883393606685104e-12	False	False
519	30.47724614876197	0.30815467036617733	4.054728615257185	6.504011545969089	1.0689451595430965	8.648649354854372	0.47363015034722333	1.0848724424202887	0.09179187116856424	0.08068347611921572	30.57869693013418	0.31147059501448576	30.477246149840344	0.30815467038601474	20.31816409989356	1.07837294649471e-09	1.9837409492851066e-11	False	False
520	30.477080903036136	0.30671145574874625	4.799715995239829	5.622693874672057	1.0187026003275572	9.156793325261328	0.3351497692687692	1.0338812690724377	0.0	0.0	31.178913894343076	0.3298335772294154	30.47708066760935	0.3067114494502886	20.31805377840623	-2.3542678562193942e-07	-6.298457644327016e-09	False	False
521	30.477164859880098	0.30652844427203124	4.278869052259776	5.966139888190646	0.8928397836539259	8.064481334604523	-0.08178340168002608	0.9061430964303693	1.0145559449094816	0.8917772272273516	30.6527521019475	0.3122505647917915	30.477164861381162	0.3065284442969873	20.318109907587445	1.5010641618573572e-09	2.495603723673412e-11	False	False
522	30.477160587550255	0.3060287076457875	4.650382484918636	5.739309681392521	0.9901064654209762	8.75051137709589	0.061558863004994815	1.0048590517557487	0.0	0.0	31.213091679792623	0.3290266103533566	30.47715948863013	0.3060187326707474	20.31810632575342	-1.0989201264521853e-06	-9.974975040072387e-06	False	False
523	30.47725890134282	0.30492829093318197	4.874435873289787	6.08868924780663	1.0187026003275572	9.156793325261328	0.3351497692687692	1.0338812690724377	0.0	0.0	30.704691828480005	0.3126379677453494	30.47725890088937	0.3049282909371039	20.31817260059292	-4.5345061039370194e-10	3.921918345639597e-12	False	False
524	30.477268883499043	0.30722502868995616	3.9549943102237477	5.936219870547791	0.9336336614037378	9.033724614036025	0.010027320411028162	0.9475448029586534	0.16527604716454342	0.14527480303774037	30.754621042591012	0.31623923659163494	30.47726888625276	0.30722502873613655	20.318179257501843	2.753715477865626e-09	4.618039284309816e-11	False	False
525	30.47744500107882	0.30923077605838534	4.88404324597799	6.35040882793973	0.9337922177935237	9.854489365158095	0.060625566427791565	0.9477057218386471	0.0	0.0	30.61811834209938	0.3132818868269627	30.47744500141254	0.309230776065892	20.31829666760836	3.3372060670444625e-10	7.506661958700533e-12	False	False
526	30.477319539132548	0.3077172400004594	4.255041658090736	5.330056444784094	0.9839556685739319	9.067147348191108	-0.002952119876564864	0.9986166080356834	nan	0.0	nan	nan	30.477319539132548	0.3077172400004594	nan	nan	nan	False	True
529	30.477126114633656	0.3059360881916135	4.06758289381455	5.022025362951959	0.8128633772105097	10.304097312711244	-0.23660068946519658	0.8249750415309463	nan	0.8540956703780432	nan	nan	30.477126114633656	0.3059360881916135	nan	nan	nan	False	True
530	30.47721142664442	0.3076230732179044	4.254859689993909	5.809099847988121	0.9870450372906807	10.740467116334253	0.3151570475899379	1.0017520083463118	0.24691981625266524	0.16326347556270765	30.99853495240925	0.32441730458134227	30.477211426623594	0.3076230732074777	20.3181409510824	-2.0826007585128536e-11	-1.0426659535767158e-11	False	False
531	30.477156025019053	0.30883005224644744	3.826425801476985	5.6781878505547425	0.9157609478553516	9.736607376732486	0.000520931343647113	0.9294057859783962	0.019186300845194477	0.012685989349566246	31.005656477852423	0.3257077711270577	30.477156024158663	0.3088300522404633	20.318104016105785	-8.603890933045477e-10	-5.984157613880825e-12	False	False
533	30.477001376761994	0.3059517688207367	5.2020219641051675	7.572640344113133	0.8286247692009916	10.092581643949478	-0.3412668959871005	0.8409712782620863	nan	1.2444389250767018	nan	nan	30.477001376761994	0.3059517688207367	nan	nan	nan	False	True
535	30.47711639927901	0.3070246119019866	3.3609748783332756	5.328810114599844	1.0253636919711502	11.28450709560374	0.1740837761336108	1.0406416109815202	nan	1.0569245484697363	nan	nan	30.47711639927901	0.3070246119019866	nan	nan	nan	False	True
