Iteration_step	Porb	eccentricity	Wdisk	logQ	primary_mass	age	feh	secondary_mass	posterior_probability	acceptance_ratio	inital_orbital_period	initial_eccentricity	current_orbital_period	current_eccentricity	current_spin	delta_e	delta_p	bad_solution_flag	gsl_flag	
1	8.929	0.022	4.1	7.89018901890189	0.8602078855296699	4.330667232711332	-0.32103213157699406	0.6793921879913332	3.683082908719999	0.0	8.961683277344074	0.022193101765466527	8.929000000014836	0.02200000000021705	10.942795934831146	1.4836132322670892e-11	2.1705207076117006e-13	False	False
3	8.929031006240795	0.025834852263302135	3.812964061562525	8.087314407798468	0.8662582442611645	3.1153275864324246	-0.3014277970652832	0.6841707613174677	0.6135950977600757	0.16659823114688493	8.942050567899766	0.025931205535145677	8.929031006237684	0.025834852263316825	13.02654945745638	-3.1104008257898386e-12	1.4689638394571602e-14	False	False
5	8.928942760929496	0.01239247338000197	3.81687429012815	8.12165809579065	0.8926617695760323	3.70177341537885	-0.2862392971253077	0.7050242656111503	0.7912723898994976	1.289567652655687	8.946011297898076	0.01245159724050264	8.928942760929296	0.012392473379416413	12.391452153300758	-2.007283228522283e-13	-5.855576440394472e-13	False	False
7	8.928880930636891	0.024547259341626874	3.9622393021268283	7.785340568383688	0.8908414416850197	2.8131194177749608	-0.23431070277010793	0.7035865706428285	0.5834858245750123	0.7374019768958741	8.953174173357125	0.024722145759384775	8.928880930598064	0.024547259333662867	9.882905226613593	-3.8827607795610675e-11	-7.964007925354011e-12	False	False
8	8.928976222811848	0.027650789003505635	3.7367792527891317	7.9360457938491145	0.8701867859698513	1.4690184295671271	-0.5514619477466117	0.6872735235589885	3.27501093578043	5.612837189602364	8.93264509597882	0.02769918415900834	8.928976222725463	0.027650789001627017	11.508371733852405	-8.638423310003418e-11	-1.8786187883090832e-12	False	False
11	8.928935428230128	0.02761476501971869	3.4871858888893765	8.003562966646141	0.9035391923898565	0.9930207229585629	-0.16553513365024716	0.7136152541495085	1.7399656355699493	0.5312854429157252	8.928923014897705	0.027637920128424278	8.928935428232391	0.027614765021348846	10.772716325073883	2.263078613395919e-12	1.6301543448449252e-12	False	False
15	8.92903807371075	0.023496454699276963	4.053376498284383	7.309061444211583	0.9139073979097263	0.93348438097458	-0.4496522473194714	0.7218040628691018	0.7372943191151992	0.4237407360483234	8.92081286113898	0.023580542711923468	8.929038073940028	0.02349645352909641	8.92903807394003	2.2927792997506913e-10	-1.170180553150546e-09	False	False
17	8.929063403496484	0.021041371623811776	3.5129786795334343	7.543293084216272	0.9018830259725252	1.58616315264317	-0.23105630905829724	0.7123072139131004	0.44589839948343424	0.6047766650617099	8.94119527029257	0.021164064460991575	8.9290634034912	0.02104137162355075	8.929063403491204	-5.282885240376345e-12	-2.610273108771821e-13	False	False
19	8.928984129389153	0.03313481127307631	3.7104613571859186	6.880910407341394	0.8433566271570213	1.721761479761966	-0.3927877131007119	0.6660830641286154	0.38425702099896314	0.8617591394006312	8.935867634892832	0.03403940272363641	8.928984129624286	0.03313481135455629	8.928984129624284	2.3513280211773235e-10	8.147997554441844e-11	False	False
20	8.928969723890601	0.018007664485865424	3.532420032320794	5.946620560423905	0.9154573606232641	2.1794926001623836	-0.20813260209186624	0.723028223420254	0.5859877666214719	1.5249890947940625	8.766291413727577	0.02879774039312043	8.928969915543238	0.018007950912803	8.92896991554324	1.9165263687170864e-07	2.8642693757768845e-07	False	False
21	8.929051315794977	0.014479023419639778	3.150201573340767	5.710775741247633	0.9008754433130557	0.9799981002687597	-0.28183398265753107	0.7115114251286513	0.4031441441961319	0.6879736526249861	8.675008024823477	0.019720581403713806	8.929051374925459	0.014474509655124363	8.92905137492546	5.9130481844249516e-08	-4.513764515415644e-06	False	False
22	8.929032317715603	0.024792017314491693	3.5082848625544027	6.518773386343869	0.9266307737535147	1.8945023843195885	-0.22453787765500033	0.7318529851105259	0.580193246229837	1.4391707149479758	8.884821759917246	0.027460235172153714	8.92903231767572	0.024792017300444582	8.929032317675723	-3.9882763758214423e-11	-1.4047110696857601e-11	False	False
23	8.929092046744618	0.013276240307427658	3.4563983980060122	6.217985980597039	0.8905129747211338	2.609127690989959	-0.2581728384476568	0.7033271474347514	0.22865604100397705	0.39410324489264653	8.863812368074335	0.017492063709228744	8.929092046838853	0.013276240278659016	8.929092046838853	9.423573033018329e-11	-2.8768641982535037e-11	False	False
24	8.929019823444111	0.01122821605071042	2.7606149577565544	6.11221105306719	0.8908414416850197	2.8131194177749608	-0.23431070277010793	0.7035865706428285	0.4061166377301667	1.7761028134091723	8.851382700630541	0.016623996263372097	8.929019824504586	0.01122821596270173	8.929019824504586	1.0604743749809131e-09	-8.800868887826052e-11	False	False
26	8.929020151612464	0.0320583408067047	2.379190769523336	6.700366120522498	0.9460924514902656	2.2319004059434557	-0.17029605353934327	0.7472238181870117	0.41127491748526995	1.0127014736060396	8.913754669214438	0.035048876422507126	8.929020145956056	0.03205833789690308	8.929020145956057	-5.6564086747812325e-09	-2.909801621875374e-09	False	False
28	8.928990397025416	0.020766372443489577	1.646876203752748	6.201980083535016	0.9071120825129139	2.0680680908236604	-0.1645137552203432	0.7164371227686993	0.6820190303547305	1.6583044609793338	8.863149535393514	0.026346926954097124	8.92899039691266	0.020766372553435716	8.928990396912663	-1.127560267377703e-10	1.0994613899861783e-10	False	False
30	8.929060063224508	0.024730954389328014	1.11666325351664	6.05540837554753	0.9356523209355816	2.2710351013108214	-0.35560248376298004	0.7389782030749223	0.5057814987680167	0.7415944075709302	8.884993326295703	0.039311188647055025	8.929060064464382	0.024730954392382976	8.929060064464382	1.2398739812624626e-09	3.0549625329445718e-12	False	False
32	8.929066375925345	0.025271246885334782	0.9209172677184488	6.141462270384233	0.8600974172454904	3.7278636392057707	-0.27279639538875	0.6793049401404883	0.5113242463049746	1.0109587787423204	8.953080420775116	0.04123303929208122	8.92906637498032	0.025271246901813166	8.929066374980323	-9.45025391274612e-10	1.647838462903728e-11	False	False
33	8.929038114840534	0.026843435822596955	1.1378414753501864	5.841672856535993	0.8836388840213187	3.889882952434119	-0.24145823350779244	0.6978979906000375	0.6418497168010179	1.2552694722365905	8.99426858445859	0.08360307377765752	8.929038114638956	0.026843435825742664	8.929038114638958	-2.0157742142146162e-10	3.1457093874198705e-12	False	False
34	8.928933004562728	0.018416008602885094	1.3214668947556452	5.840018060566096	0.8924982887153771	4.184082981371335	-0.2822757172042311	0.7048951484274047	0.5089399186463354	0.7929269193774742	8.95066653660844	0.06564590787586533	8.92893300439192	0.018416008597047312	8.928933004391922	-1.7080736824937048e-10	-5.837781646977902e-12	False	False
35	8.92890169013333	0.022734134299026078	1.9023717651704195	5.490594866170689	0.8559151054327306	4.737680566654214	-0.4884605982922705	0.6760017502707706	0.37428765332160785	0.735426009256904	8.87622551720256	0.023936638406754467	8.928918007693994	0.0013916863793135767	8.928918007693998	1.6317560664447228e-05	-0.0213424479197125	False	False
36	8.92888876479981	0.025172168038015853	2.84519629683764	5.583019024950004	0.8443894141513668	5.188110464605041	-0.4245715818238892	0.6668987592967495	0.26545983614022073	0.7092401627048155	8.895259581583149	0.08262640558520082	8.928623455705962	0.007659096853643563	8.928623455705964	-0.0002653090938480318	-0.01751307118437229	False	False
37	8.928959487589005	0.018015777108990404	4.014113195401943	6.211375550558127	0.8509725871032067	4.384565199380243	-0.46379979108094016	0.6720981492941126	0.7050360927922185	2.655904949853904	8.93238055017982	0.028266069739407696	8.928959603891414	0.018015787147720553	8.928959603891416	1.1630240948079518e-07	1.0038730149236619e-08	False	False
38	8.928971906698363	0.014258477263991974	3.469881948067142	6.592263690952544	0.8382723265585175	5.627617393351331	-0.4411456739240611	0.662067483515917	0.6308351273267427	0.8947557916196731	9.02353269660872	0.018084500195753517	8.928971906500578	0.014258477287749998	8.92897190650058	-1.977848995693421e-10	2.3758023326436728e-11	False	False
Iteration_step	Porb	eccentricity	Wdisk	logQ	primary_mass	age	feh	secondary_mass	posterior_probability	acceptance_ratio	inital_orbital_period	initial_eccentricity	current_orbital_period	current_eccentricity	current_spin	delta_e	delta_p	bad_solution_flag	gsl_flag	
1	8.929	0.022	4.1	7.89018901890189	0.8602078855296699	4.330667232711332	-0.32103213157699406	0.6793921879913332	3.683082908719999	0.0	8.961683277344074	0.022193101765466527	8.929000000014836	0.02200000000021705	10.942795934831146	1.4836132322670892e-11	2.1705207076117006e-13	False	False
16	8.929053266036597	0.027324231625335916	3.8788699416940737	7.5143112013699325	0.8122156190217099	5.190482460870998	-0.3793092888756408	0.6414878959033464	0.6086288840965586	0.1652498461697889	9.012181610857956	0.0279146457840392	8.929053265989415	0.027324231610000735	8.972128734759709	-4.718181401131005e-11	-1.5335181041686852e-11	False	False
17	8.929054310471356	0.018922890538145276	3.6345470990961095	7.5736235747791945	0.827223560220679	4.2306264011409604	-0.5604668095846519	0.6533411678622922	1.0278240122144415	1.6887532601087956	8.986469612595833	0.019213563762901578	8.929054310466142	0.01892289053756107	9.149616047568566	-5.213607323639735e-12	-5.842062944516613e-13	False	False
18	8.929085483813328	0.023682332895761993	3.161146040771699	7.850408388469022	0.8352100252695482	4.18362429927469	-0.5236822163314133	0.6596488779578892	2.167738862662692	2.109056450230531	8.960214927757571	0.023880194221170513	8.929085482868526	0.023682332321472432	11.148983120362677	-9.448015703128476e-10	-5.742895603511045e-10	False	False
19	8.929069403510825	0.018180616396649432	3.465011254490726	7.2603690898830155	0.8364952566271971	4.747149875633055	-0.5011721078389939	0.6606639536841603	0.5545625344424843	0.25582534132423135	9.02849856951826	0.018898663186304374	8.92906940338842	0.01818061649484477	8.929069403388421	-1.2240519708939246e-10	9.819533727806196e-11	False	False
20	8.929020778095008	0.008809570701476994	4.028343523856707	6.578613674395623	0.8492843386638456	5.406967243711886	-0.31160329875858134	0.6707647706767051	0.3507283738334756	0.6324415229133207	9.008433717334421	0.011221432981227703	8.929020777696199	0.008809570690746905	8.9290207776962	-3.9880987401375023e-10	-1.0730088692567641e-11	False	False
21	8.929043231085762	0.010291986410628253	4.288654303889074	6.452633775576745	0.8367995494894342	4.621833257018739	-0.32247757225906776	0.6609042841867552	0.3501565184380893	0.998369520580454	8.978114846095583	0.013264857847316475	8.929043230876127	0.01029198637502443	8.929043230876129	-2.0963497604498116e-10	-3.5603823708707516e-11	False	False
24	8.928969425921393	0.010560266437308539	3.9034237825809375	6.007555728711613	0.8448600030732832	4.8928922039805265	-0.4170137471631544	0.6672704304272791	0.4081931342387138	1.1657447819606586	8.902482096918531	0.023694215522462758	8.928969425323356	0.010560266419421253	8.928969425323356	-5.980371753366853e-10	-1.788728540286222e-11	False	False
27	8.92893626853294	0.013905250464110765	3.923031020419719	5.932688845215303	0.8191765598924884	4.5998418355529385	-0.521594669829852	0.6469856470030872	0.47515702377445906	1.1640495244013203	8.898605246678438	0.030819257284556163	8.928936267613443	0.013905250408305833	8.928936267613443	-9.19497367135591e-10	-5.580493185608493e-11	False	False
29	8.928937649486047	0.022876256850151752	3.6416251430122877	5.780693755824196	0.8421452608345001	5.262072846832234	-0.5163776716916099	0.6651263270070882	0.6593490891600792	1.3876446230815895	8.931621357712352	0.08891891658184	8.91759931550018	0.019683824894552317	8.917599315500185	-0.01133833398586681	-0.0031924319555994354	False	False
30	8.929011797584595	0.032322831304165814	2.894265102245347	5.460620888738845	0.8047525486205556	4.639499998823079	-0.6642641564780869	0.6355935629005147	0.7541194460800823	1.1437332036671615	9.003948869586832	0.12104363937732715	8.928524505125733	0.012275146311132632	8.928524505125736	-0.000487292458862143	-0.02004768499303318	False	False
Iteration_step	Porb	eccentricity	Wdisk	logQ	primary_mass	age	feh	secondary_mass	posterior_probability	acceptance_ratio	inital_orbital_period	initial_eccentricity	current_orbital_period	current_eccentricity	current_spin	delta_e	delta_p	bad_solution_flag	gsl_flag	
1	8.929	0.022	4.1	7.89018901890189	0.8602078855296699	4.330667232711332	-0.32103213157699406	0.6793921879913332	3.683082908719999	0.0	8.961683277344074	0.022193101765466527	8.929000000014836	0.02200000000021705	10.942795934831146	1.4836132322670892e-11	2.1705207076117006e-13	False	False
3	8.929027300245599	0.020861844507644604	4.312911679345248	7.915058729616323	0.832715055176401	4.5657383534576645	-0.35939102937618367	0.6576783505783215	2.578931892596548	0.7002101110704613	8.958892987693492	0.02102752582698112	8.929027300278566	0.02086184451067062	11.843721782336251	3.296740658242925e-11	3.0260169370244228e-12	False	False
14	8.929063955474675	0.01001491549645874	4.375507512759448	7.878726154488274	0.837252155235077	4.622158324578667	-0.5991822091038481	0.6612617522046638	1.6540022410383302	0.6413516563917591	8.962269984223283	0.010103779712376058	8.929063955473133	0.01001491550096839	11.111756120312423	-1.5418777365994174e-12	4.509649598194443e-12	False	False
22	8.929087811987975	0.01387849665657441	3.6597996349347155	7.304597984223852	0.8438424228289518	5.9297450684098205	-0.37621346468077355	0.6664667455503062	0.32735013636194826	0.19791396180723927	9.05620890368716	0.014557385655274481	8.929087811864628	0.013878496687888724	8.92908781186463	-1.233466662142746e-10	3.131431398906148e-11	False	False
23	8.92909649336255	0.00586147219029967	3.460446560116181	6.631549051726888	0.868576393126744	6.0513448765892806	-0.17655439833999892	0.6860016352915024	0.1253150710062325	0.3828166146467484	9.022103959362333	0.007631099380045886	8.92909649329739	0.005861470814418607	8.929096493297392	-6.516032158287999e-11	-1.3758810627276241e-09	False	False
27	8.929129358721267	0.017529920761251358	3.7638561738935703	6.867278146524301	0.8329208713971552	5.484945190009095	-0.3419995824384848	0.6578409042294732	0.16938551813329575	1.3516771508262677	9.040936651615933	0.019691520030024185	8.929129358621124	0.017529920978895542	8.92912935862112	-1.0014389317802852e-10	2.1764418392522522e-10	False	False
31	8.929169929521063	0.009904276937288597	3.268163664181663	6.500587159357042	0.9339195924416431	4.993569585127037	-0.09779792864802545	0.7376096941104097	0.036059074166528295	0.212881682943828	8.952895703055981	0.014351825625276454	8.929169930259402	0.009904276836246924	8.929169930259402	7.383391675830353e-10	-1.0104167329216818e-10	False	False
33	8.929209939240543	0.022000404304980715	3.0562123869806745	7.324731922321541	0.8602078855296699	4.330667232711332	-0.32103213157699406	0.6793921879913332	0.014163797984589556	0.3927942775008087	9.014046532293849	0.02273377961674557	8.929209944774575	0.022000404582141045	8.929209944774579	5.5340318994012705e-09	2.7716032940938717e-10	False	False
36	8.929170707426747	0.031566184317962584	2.7666406713938585	6.9438984300279865	0.8276301844411542	4.513153334207357	-0.16677970915077964	0.6536623196716236	0.03961187099695652	2.7966983883881205	9.021837682615164	0.034008756991331296	8.929170750934649	0.031566228971177925	8.92917075093465	4.350790128171411e-08	4.465321534058431e-08	False	False
38	8.929110120230956	0.02259246758238965	2.0706473002573818	6.941304835065318	0.9382888740887134	3.844329427548874	0.004531809289933408	0.7410605527552658	0.39143214529995934	9.881687874072751	8.972572691653713	0.0248103470690704	8.929110108641021	0.022592468188512342	8.929110108641025	-1.1589934345579422e-08	6.061226937026376e-10	False	False
39	8.929125588015124	0.026347868562673623	1.6569677782367922	7.198641069737334	0.8633345532843592	4.508912645054601	-0.1940936424694894	0.6818616301839868	0.18842129500735288	0.4813638769063366	9.021110676265128	0.027623883950150648	8.929125588076	0.026347868513622925	8.929125588076	6.087574888624658e-11	-4.9050697531471954e-11	False	False
43	8.929117428827013	0.012219185962778092	1.741244755710063	7.251847055064534	0.7880415095490978	4.262011410795451	-0.3908027123447923	0.6223951842418775	0.14572365136878632	0.7733926855937364	9.020602179225962	0.012570964545347067	8.929117428828821	0.012219185963157948	8.929117428828823	1.808331262509455e-12	3.798558689815934e-13	False	False
46	8.92906111413785	0.0324135798454132	2.589135139647019	6.888516102129261	0.8963422444807347	2.7587028884881923	-0.27575453895120633	0.7079311046908843	0.3071129310137675	2.1075023040463727	8.954020276329844	0.03448016336819446	8.929061114138266	0.0324135798485101	8.929061114138266	4.156675004196586e-13	3.096897738252835e-12	False	False
48	8.929074956420061	0.03585183729254163	2.1943821355910074	7.303795416354952	0.9087845722537322	2.9895147181033246	-0.4620183097387929	0.7177580551659977	0.20286349849005308	0.6605501690222185	8.973194599825646	0.03683070412834235	8.929074955968094	0.035851837086833115	8.929074955968096	-4.5196735243280273e-10	-2.057085127238345e-10	False	False
49	8.929106060979086	0.028040807262452318	1.6603355048065007	7.83055420794967	0.8287197243864398	4.0836496004216505	-0.5234431541037313	0.6545228383204101	1.268852472079288	6.254710588763227	8.960448788521585	0.02827564822171335	8.929106060961141	0.02804080725890502	11.197252664309671	-1.794475679162133e-11	-3.5472978721085013e-12	False	False
50	8.928959530702834	0.025531098954927584	0.6975278100671678	7.89900047532998	0.857066036654142	3.926097213531272	-0.46497177116891375	0.6769107557494414	3.243786831915652	2.556472799867749	8.95820780887466	0.02573590774801949	8.928959530697103	0.025531098954954957	11.06951646443762	-5.730527163905208e-12	2.7373936450914016e-14	False	False
53	8.929029907410083	0.04240574360847377	0.9894751754623174	7.811381944008531	0.8923647994572675	4.109132222067485	-0.2684674843292524	0.7047897186113499	0.2115242061494428	0.06520903410429255	8.972803594235895	0.04290068802959763	8.929029907410769	0.04240574360472748	9.574814218230667	6.856737400084967e-13	-3.746288002037801e-12	False	False
54	8.929002041448943	0.03802674899448867	1.454853491672783	6.734484612581543	0.9127056837221184	4.078899808063246	-0.1637209829755808	0.720854949003729	0.24721751765061706	1.168743389472677	8.98008730991398	0.04448793400844676	8.92900204052189	0.03802674863257319	8.92900204052189	-9.270522127735603e-10	-3.6191548369313153e-10	False	False
55	8.928950193533128	0.042714110426575594	1.146502163589639	6.295271623810198	0.9142516692925835	4.054781024227223	-0.15658874448380194	0.7220759684072824	0.08380273222529888	0.33898379460202344	8.965135521607033	0.06678903435731981	8.928950193225766	0.04271411032385994	8.928950193225768	-3.0736124756458594e-10	-1.0271565542563366e-10	False	False
56	8.929025767258159	0.02873513413846502	0.6575178598187508	6.097901507280228	0.8747044360132681	3.3827874864757543	-0.16869473369134713	0.6908415635632791	0.6289186017844837	7.504750562233124	8.972447040281718	0.04875724873697549	8.929025767438569	0.02873513413970774	8.929025767438569	1.8041035332316824e-10	1.242721203720265e-12	False	False
57	8.929018272429406	0.013426814588588609	0.8726386865059554	5.598121975226902	0.8416571311090305	3.824966394320559	-0.48579622806959477	0.6647408021499123	0.6211654552234475	0.987672257524205	9.017917366492716	0.07088643124455979	8.929018272691314	0.013426814591298184	8.929018272691316	2.6190782875801233e-10	2.7095756194306375e-12	False	False
59	8.929039134715172	0.021976992673347774	1.0478788422609515	5.077771092130176	0.8639769125970918	2.5051633509043425	-0.26348889369711875	0.682368965569183	0.6254177411644106	1.0068456574737137	8.896934978239857	0.023528132022459253	8.929050699431981	0.000488993392965598	8.929050699431983	1.1564716809076003e-05	-0.021487999280382176	False	False
62	8.929074363902089	0.010601203768136681	1.6271027647000238	5.979555244654637	0.8905129747211338	2.609127690989959	-0.2581728384476568	0.7033271474347514	0.22904632915547107	0.3662293441324989	8.846214608553034	0.017608835471071557	8.929074367866034	0.010601210238668017	8.929074367866038	3.963945616192177e-09	6.470531336427721e-09	False	False
64	8.92907769527748	0.018907034563035253	2.038182695894944	6.500160537125026	0.9126571396865392	3.5466065741051844	-0.1631320891027162	0.7208166089244286	0.46905357007001663	2.0478545619983914	8.93509889630806	0.023703195776775873	8.929077695412625	0.018907034512426472	8.929077695412628	1.3514522834157106e-10	-5.0608781054783947e-11	False	False
65	8.929080308252912	0.019609851878243777	1.5539558791965042	6.909581931925623	0.8568110538822309	3.021808111386407	-0.32349846312808866	0.676709370356186	0.4168476331339088	0.8886994145928472	8.973330774294844	0.02075667262951222	8.92908030652216	0.01960985186191172	8.929080306522158	-1.7307524302623278e-09	-1.6332057234391684e-11	False	False
68	8.929072248562376	0.025659784957034748	1.3599384254491413	7.223845431803017	0.8272559453360997	3.733995398463086	-0.46947696056270477	0.6533667456264515	0.5240965083776723	1.2572855564452987	9.008172923557662	0.02645718825351349	8.929072248569845	0.02565978496099643	8.92907224856985	7.469580509678053e-12	3.961681677155937e-12	False	False
69	8.928934733473568	0.019938167841864175	1.690750351564843	7.552702644807477	0.8738008438078727	4.150442486400586	-0.3682348241982669	0.6901279064394579	0.5452610021871966	1.0403828178039929	8.994962122726394	0.02033036376752697	8.92893473359999	0.019938167984702132	8.928934733599991	1.2642153990327643e-10	1.4283795674030486e-10	False	False
71	8.92894236580606	0.030038547973385024	1.550841631480862	6.7262312968999245	0.8836388840213187	3.889882952434119	-0.24145823350779244	0.6978979906000375	0.4398231994193392	0.8066287478016647	8.979880075115501	0.034346501987953706	8.928942365869244	0.030038547977592606	8.928942365869245	6.318323642062751e-11	4.2075821993226015e-12	False	False
72	8.928960473251744	0.02932002209379056	1.2009149965150083	6.929799474250001	0.8632275611006376	3.464425930061743	-0.16384566040273693	0.6817771277572835	0.5632289222045381	1.2805802944185776	8.98600225214254	0.03131693191230324	8.928960473476911	0.029320022135660994	8.928960473476915	2.2516744024869695e-10	4.187043420311731e-11	False	False
Iteration_step	Porb	eccentricity	Wdisk	logQ	primary_mass	age	feh	secondary_mass	posterior_probability	acceptance_ratio	inital_orbital_period	initial_eccentricity	current_orbital_period	current_eccentricity	current_spin	delta_e	delta_p	bad_solution_flag	gsl_flag	
1	8.929	0.022	4.1	7.89018901890189	0.8602078855296699	4.330667232711332	-0.32103213157699406	0.6793921879913332	3.683082908719999	0.0	8.961683277344074	0.022193101765466527	8.929000000014836	0.02200000000021705	10.942795934831146	1.4836132322670892e-11	2.1705207076117006e-13	False	False
7	8.929014321160881	0.021148190994350995	3.757127108559474	8.19131200452059	0.9195177925803615	4.289547660692528	-0.21874953331235503	0.7262351525799694	2.3358595871763925	0.6342131429205828	8.949145523833128	0.021264460648820115	8.92901432114242	0.021148190995327828	12.09158232816448	-1.8461676631886803e-11	9.76833197663396e-13	False	False
10	8.929076149252404	0.021079345437715828	4.056844240180034	7.841961405740635	0.9283776315300877	2.4479213071320634	-0.17885121255010356	0.7332326533824632	1.0268990249785501	0.4396236103471762	8.947757297076382	0.02120304489464489	8.929076149211836	0.02107934543715151	9.650251828325779	-4.056843749822292e-11	-5.643194245230632e-13	False	False
15	8.929106467389566	0.02002921044399754	3.840579371777659	8.054944239607183	0.9542410974526766	3.041700463858759	-0.1678582393120481	0.7536596187681239	1.1717174776263333	1.1410250171878469	8.947073516578552	0.020136307598806732	8.929106467413078	0.02002921044580592	10.526121546422749	2.3511859126301715e-11	1.8083798347667823e-12	False	False
27	8.929104813951014	0.023007710612586017	4.379173011367856	8.099888237750607	0.9018417531598185	4.716642795819695	-0.11857263923060202	0.7122746166456246	1.2251403210616612	1.0455936217180544	8.955163774587515	0.02316859676713517	8.92910481362149	0.02300771061351151	11.833607831644674	-3.2952307549294346e-10	9.254923216683864e-13	False	False
29	8.929097984790815	0.0216949855383963	3.7573337708039793	7.301011128894393	0.9119988781034271	5.192572457385947	-0.10087578951343226	0.7202967139260866	0.44828071314611734	0.36590152608613347	9.024995887363723	0.02287904254313873	8.92909798481498	0.021694985536508567	8.92909798481498	2.4165558443201007e-11	-1.8877330254518654e-12	False	False
31	8.928989655842845	0.017682719785638082	3.961615265395268	7.256395831491337	0.9061951840240214	4.231462263690139	-0.059202939586045625	0.7157129563421721	0.9707658832235263	2.1655312279899595	9.001617980277285	0.018476335468841216	8.928989656094775	0.01768271975124013	8.928989656094776	2.519300323911011e-10	-3.4397953235787426e-11	False	False
32	8.929036962874292	0.022555104831585127	3.1550051543146203	7.185063455954976	0.8093560807320652	5.401021938690975	-0.3054296441516157	0.6392294325621851	0.768591212856278	0.7917369431073258	9.058119549981193	0.02366359284239669	8.929036962482602	0.022555104390430424	8.929036962482604	-3.9169023580143403e-10	-4.411547030458429e-10	False	False
33	8.929100475413092	0.020323741275962516	2.6845077135553796	7.9449071648649765	0.8805710859120408	4.575788024709221	-0.37011985405530734	0.6954750436533298	1.4051495726440428	1.8282144645163898	8.963506929531915	0.020510537608633323	8.929100475410712	0.02032374127704108	10.65091300142413	-2.3803181647963356e-12	1.0785643211885798e-12	False	False
36	8.929048162161516	0.014869494769583217	2.564199699293847	6.874810178174075	0.8590932024084005	5.922412909899708	-0.15621157622492154	0.6785118112621547	0.6851441734453987	0.4875951904224517	9.04372065825711	0.017084400869767626	8.929048163110075	0.014869494649290207	8.929048163110075	9.485585650281791e-10	-1.2029300992810743e-10	False	False
37	8.92901137315364	0.011867072098928948	2.6554125998698583	6.742602522802394	0.7982280436543113	7.104545255677232	-0.441884041440753	0.630440508878175	0.6885662114986503	1.0049946247605714	9.09730010334694	0.01428312799109449	8.929011373257062	0.011867072099124288	8.929011373257062	1.0342127154672198e-10	1.9534027173584434e-13	False	False
38	8.928928337640324	0.014556108274671211	2.2723577221232043	6.808660308672478	0.8452676281804318	6.850954448311973	-0.2712346815653213	0.667592372736905	0.5480714917896704	0.7959604793804854	9.070850871846718	0.01754271804170284	8.928928337271735	0.01455610827433482	8.928928337271737	-3.6858871510503377e-10	-3.363906375675185e-13	False	False
39	8.928935017014641	0.01812215872344586	2.895241306554686	6.172020617185896	0.8779575305393571	7.4066038157191345	-0.14501815143295715	0.6934108576199842	1.024448741492392	1.8691881567259798	9.01339073134772	0.05145546237225856	8.928935016507843	0.018122158748339827	8.928935016507843	-5.067981589945703e-10	2.4893965361316717e-11	False	False
40	8.928966833613906	0.018904675452424743	2.9581706991107355	5.604922490416588	0.8173182573679244	6.787903848322225	-0.43118974561272727	0.6455179596691867	0.9415137384373238	0.9190442628352	9.11364386006891	0.13652539485953044	8.929026748771982	0.008734741500127438	8.929026748771985	5.991515807579617e-05	-0.010169933952297304	False	False
41	8.929050315320472	0.02309712312154731	3.334199156618971	6.079673413463947	0.8371791239136842	6.2356127872890434	-0.46698093244475325	0.6612040720670277	0.7970168424851856	0.8465270446377482	8.99856024773556	0.05690422811783295	8.929050316168512	0.023097123208144863	8.929050316168514	8.480398605570372e-10	8.659755204587505e-11	False	False
42	8.928999967506547	0.020297920395185607	3.586735902210223	6.000738339335331	0.7488134563385482	7.02939813276678	-0.5854728785292436	0.5914128678161854	1.2923966194981846	1.6215424199422823	9.059815645217798	0.04578532352545694	8.928999967544415	0.02029792039762022	8.928999967544417	3.786837510233454e-11	2.4346115401474577e-12	False	False
Iteration_step	Porb	eccentricity	Wdisk	logQ	primary_mass	age	feh	secondary_mass	posterior_probability	acceptance_ratio	inital_orbital_period	initial_eccentricity	current_orbital_period	current_eccentricity	current_spin	delta_e	delta_p	bad_solution_flag	gsl_flag	
1	8.929	0.022	4.1	7.89018901890189	0.8602078855296699	4.330667232711332	-0.32103213157699406	0.6793921879913332	3.683082908719999	0.0	8.961683277344074	0.022193101765466527	8.929000000014836	0.02200000000021705	10.942795934831146	1.4836132322670892e-11	2.1705207076117006e-13	False	False
9	8.928948720403348	0.021410492652140248	4.067977496958936	7.860259890703947	0.8191765598924884	4.5998418355529385	-0.521594669829852	0.6469856470030872	2.9176259665064257	0.7921695054973399	8.961346656529928	0.02159434193613306	8.928948720336164	0.021410492635192152	11.585628834503552	-6.718359202295687e-11	-1.694809570462752e-11	False	False
13	8.929027933800143	0.030083189266951697	4.314645719224534	7.68615469534469	0.8133784818848944	5.654385591211095	-0.26464907217105094	0.6424063249926896	2.281570221528843	0.7819954468875263	8.99187404245846	0.030571492813505158	8.929027933776604	0.030083189264891775	10.219649999852763	-2.353850447889272e-11	-2.0599216776773233e-12	False	False
15	8.929113364494448	0.0204104101394856	4.44593795159383	8.024929409668628	0.8877888773668874	5.169293425069121	-0.2627348355730711	0.7011756553443677	1.1787048208497377	0.5166200056993673	8.963425764549257	0.020595523115709172	8.929113364508694	0.020410410139137396	11.094186740441147	1.4246381851990009e-11	-3.482041044389206e-13	False	False
24	8.929064298517941	0.027965434644069146	4.351542027752316	7.709812626479477	0.8421555728633644	5.05660015355736	-0.3866162366140923	0.6651344714474852	1.1894454350841899	1.0091122171085287	8.986832140224612	0.028388361736367308	8.929064298536204	0.027965434641572577	9.665755917571948	1.8262724665873975e-11	-2.4965689238154454e-12	False	False
25	8.92906654512798	0.025573494476519555	4.402949748724405	7.653199511532868	0.7695570968713608	5.87012049209496	-0.7281102798468027	0.6077961951090007	4.447302273727494	3.7389712403349633	8.986552892267905	0.025951463430581124	8.92906654508915	0.02557349447682605	10.836906684947596	-3.8831160509289475e-11	3.0649441318253423e-13	False	False
29	8.929068289612127	0.029928435631022314	3.9236596016914302	7.325924506943105	0.7488134563385482	7.02939813276678	-0.5854728785292436	0.5914128678161854	0.6234425041220708	0.140184423218783	9.072225335284974	0.031022512529236625	8.92906828960754	0.029928435635568143	8.929068289607542	-4.586553359331447e-12	4.545828991009415e-12	False	False
32	8.928920501774888	0.03257271793313788	4.353103534010718	7.496830357038521	0.7884611099428506	6.713559135983866	-0.4111554001849253	0.6227265846328633	0.41080266421343925	0.6589263027421107	9.039515326199247	0.033488877459364096	8.928920501759444	0.03257271792946652	9.055219995737161	-1.5443646361745778e-11	-3.671361825663411e-12	False	False
36	8.928943960132989	0.03589595699222693	3.4820568826728246	7.701873692225797	0.8452676281804318	6.850954448311973	-0.2712346815653213	0.667592372736905	0.46071543016038197	1.1215005896870467	9.019576142367736	0.03672342562697	8.928943960031077	0.03589595699263609	9.165581648004673	-1.0191136823323177e-10	4.0915881793779363e-13	False	False
38	8.928999343581577	0.027858571396259434	3.3471236334445265	7.864366713388879	0.8644414298965399	5.773811188935423	-0.30254274894356054	0.6827358413322872	2.7224698322304173	5.909222166235423	8.98250937586706	0.028244912888924147	8.928999343568014	0.027858571395846927	10.14086217085203	-1.3562484468820912e-11	-4.1250683424642887e-13	False	False
39	8.928984012779287	0.020791932698635253	3.6633608781566696	7.8269248942977345	0.8611968769609936	6.213589106064989	-0.2296784443613395	0.6801732934237926	3.1641152894299327	1.1622223511794405	8.991478418570976	0.02112774816182882	8.928984012666723	0.020791932706987128	9.953681430829116	-1.1256418019911507e-10	8.351874747347665e-12	False	False
41	8.929054627337464	0.01926581387520401	2.578249919317628	7.726332353127963	0.740411322749809	8.546664467338573	-0.6485088497618676	0.5847768627077992	4.255416944686225	1.3448994601751405	9.000394107633106	0.019611517234478872	8.929054627348544	0.01926581387342722	11.724198460227424	1.1079137607339362e-11	-1.7767905202692447e-12	False	False
50	8.92902565269614	0.026133811263470377	2.437146057059966	7.808345004597935	0.7363067155823497	8.325240803747757	-0.6304355469370411	0.5815350439669398	1.8818006981320152	0.4422130011212734	8.985418301232025	0.026503789737896025	8.929025652613882	0.02613381126365602	12.734433293703681	-8.22577561621074e-11	1.85643167505134e-13	False	False
51	8.929036636909306	0.01951878247073756	1.5964754277743483	7.912159029669381	0.8109499414226813	8.813754230415288	-0.3634195776969511	0.6404882637356336	5.7441613161822955	3.0524812334718994	8.997758906805606	0.019856633370594647	8.929036636830078	0.01951878249766856	11.081352854013808	-7.922729139409057e-11	2.6931002566898954e-11	False	False
59	8.928964627309963	0.02984961213309523	2.340361371240917	7.832938873883236	0.8032530252619805	9.24526056311637	-0.34717718374490686	0.6344092393519122	4.463184785383091	0.7769950284664756	9.01369326527785	0.030483304554377175	8.928964627326927	0.029849612132369824	10.576682284042919	1.6964207816272392e-11	-7.254058465022695e-13	False	False
63	8.928998380616806	0.025545903600399742	3.26578525932324	7.734254153626493	0.8113572059817349	7.415297063878108	-0.25732795055866875	0.6408099212843742	4.77038670941024	1.0688302050663987	9.008820334498052	0.026064037283275502	8.928998380443153	0.025545903600146778	10.254171506836142	-1.7365309190608968e-10	-2.529643161608419e-13	False	False
65	8.929007198557489	0.007181635450941994	3.1441924048290932	7.931015946847012	0.8083389351856626	7.40203963306644	-0.46260236288176254	0.6384260910096362	1.528834547810443	0.32048440534068395	8.97991859357479	0.007274867753082358	8.929007198556889	0.007181635450347821	11.666230524669569	-6.004086117172847e-13	-5.94173148182886e-13	False	False
66	8.92899844260273	0.019454336689460876	2.9758603203476786	7.465241592340203	0.8191947326145191	7.342264514800614	-0.2815694463655378	0.6469999998189472	1.250790632745758	0.8181334170771506	9.070358773177887	0.02020603797657867	8.92899844255398	0.019454336702521443	8.92899844255398	-4.8750337100500474e-11	1.3060566517175687e-11	False	False
67	8.929048170520824	0.008645535164827887	3.1160765838037054	8.021883722449369	0.7744226809521751	8.135215859880354	-0.5100974193725231	0.6116390334160279	0.16311256374061892	0.1304075673980315	8.969198879807264	0.008732620119650215	8.929048170545098	0.008645535164645881	13.576852170074599	2.4273916210404423e-11	-1.8200545237601062e-13	False	False
68	8.929082319701145	0.013567784980185345	2.437296793440542	7.9097565709923945	0.7558215397132106	8.565215162196285	-0.571997398558449	0.5969478520654937	0.5738709851456366	3.5182512737535316	8.979999455015303	0.01374186857437228	8.92908231967588	0.01356778498056872	12.950747158021281	-2.5265123326789762e-11	3.8337388819087437e-13	False	False
72	8.929045343169168	0.001434796996393822	2.138073011915307	7.795731852145423	0.7658234898593648	9.180461329109187	-0.46375664467463207	0.6048473922909262	0.6093762508911876	1.061869769799462	9.00518116475035	0.001462321349408585	8.929045343022514	0.0014347969967020275	11.434655056325946	-1.4665424430404528e-10	3.0820550105115085e-13	False	False
74	8.929006534805852	0.0030038115113001185	2.3700821484603587	7.744145090441199	0.7509567394213892	8.844106596950159	-0.5150011857185222	0.5931056327950132	0.9373703440691703	1.5382456121292958	9.0031475083568	0.003009864998936142	8.927326564439717	0.002953378343852323	11.545467060172571	-0.0016799703661352083	-5.043316744779555e-05	False	False
75	8.92902917695824	0.01214505356341515	2.028041501542024	7.243898544585432	0.7942796135946624	8.48967356026165	-0.5097278624612857	0.6273220388170643	0.8004193888336362	0.8538987753324653	9.13387975174982	0.013027182069407828	8.92902917695496	0.012145053563483586	8.929029176954964	-3.2791547255328624e-12	6.843484112728504e-14	False	False
76	8.92913263596764	0.01658843982651581	2.4629058968872943	7.057736903790102	0.8072936254799817	7.463844068334643	-0.46918836402683656	0.6376005054040895	0.2135887595415225	0.26684605910504255	9.116765085235004	0.018297940346621633	8.929132636548154	0.016588439850710932	8.929132636548156	5.805134151160019e-10	2.4195121600678604e-11	False	False
78	8.92909827235534	0.015148715914081564	1.737754728443028	6.974774826073132	0.7511547984867755	7.734509695789364	-0.564544823608214	0.5932620598448552	0.4492056806299973	2.1031335244150333	9.153787234722415	0.016634378814160508	8.929098272348233	0.015148715913848072	8.929098272348234	-7.107203714440402e-12	-2.3349204514300226e-13	False	False
79	8.928955316496022	0.017945365948825447	2.2454759493049035	7.372937315725877	0.8132715677846448	7.01407603961708	-0.41574453932144645	0.6423218842363124	0.871593287800712	1.9402988995560542	9.076162180606957	0.0187524853272504	8.92895531488045	0.017945366268811224	8.92895531488045	-1.6155716764387762e-09	3.1998577745828705e-10	False	False
80	8.92898966997842	0.014364289516662469	1.6654411961743198	7.98578090165482	0.8026384003549616	7.044980296981019	-0.476465702176581	0.6339238086003486	1.5850670528441442	1.8185856580466995	8.970201628720153	0.01451521576767745	8.928989669972008	0.014364289515915738	12.518593987462944	-6.412648190234904e-12	-7.467308021924524e-13	False	False
81	8.929096797185881	0.025158141687499774	1.9833711532405	7.794643794363312	0.779940561491309	6.3378132866534695	-0.4258305077448408	0.6159970554658358	1.412985532792557	0.8914358104013234	8.979376239468175	0.025481329104307504	8.92909679717973	0.025158141686548823	11.779246151992075	-6.151523734843067e-12	-9.50951123401822e-13	False	False
86	8.929040631327354	0.03465611680661062	2.0009843090433073	7.548703374713585	0.7767328179032539	6.757142433744334	-0.7574291655906145	0.6134635795799899	1.4498315622087907	1.0260767209296284	9.021652946126862	0.035469233017322147	8.929040631329066	0.03465611680421505	9.479546667569371	1.7124079931818414e-12	-2.3955698535971237e-12	False	False
87	8.928933364330879	0.015663918223293855	1.9152306756727675	7.519779353797679	0.7558215397132106	8.565215162196285	-0.571997398558449	0.5969478520654937	1.7580531181968244	1.2125912857894086	9.052949478888012	0.01615416203256912	8.928933364328987	0.01566391822265731	9.55696309959705	-1.8918200339612667e-12	-6.365429017218815e-13	False	False
90	8.928967803553137	0.009393200390254857	2.179755059904829	8.04885829831029	0.7990499412220825	7.679339340588002	-0.5444260500219394	0.6310896435772008	0.6239141247168923	0.3548892341528451	8.968411438931795	0.009486993287981886	8.928967803573398	0.009393200389738848	12.894020779526628	2.0261126110199257e-11	-5.160091104405851e-13	False	False
91	8.928973581479633	0.005179645033858672	2.2270530629983067	7.937806576432947	0.7838394704294207	8.126128134875417	-0.5167210843270514	0.6190764137451564	0.7848213521536533	1.2578996388481738	8.928973581479633	0.005179645033858672	8.876998546134438	0.00511197647932914	12.215803143344472	-0.051975035345195764	-6.766855452953243e-05	False	False
94	8.929067614308776	0.007439334867604024	3.2675500566928743	7.816116529065092	0.7558215397132106	8.565215162196285	-0.571997398558449	0.5969478520654937	0.9744989219493979	1.241682478789911	8.991915099996875	0.007557369186888745	8.929067612016905	0.0074393348678876495	12.04041627227367	-2.2918715814057578e-09	2.83625553598732e-13	False	False
96	8.929052726923377	0.014692866131442796	3.4104141431300743	7.423635924985068	0.7878311097406124	8.856204673270442	-0.5159196016245272	0.6222290104731356	0.8575007667634463	0.8799401902344773	9.105312659091373	0.015399678032198534	8.92905343642975	0.0146928799460319	8.92905343642975	7.095063736528573e-07	1.3814589102864594e-08	False	False
97	8.928985854206054	0.02760871041126004	3.8439712765503895	7.589386814302436	0.78713407778579	7.140660179580486	-0.6386248748056096	0.621678494635217	2.3192704795355232	2.704686187383115	9.02485120330468	0.028280775346336297	8.92898585426611	0.027608710413987235	9.424929057740211	6.005507202644367e-11	2.727193471052658e-12	False	False
