Iteration_step	Porb	eccentricity	Wdisk	logQ	primary_mass	age	feh	secondary_mass	posterior_probability	acceptance_ratio	inital_orbital_period	initial_eccentricity	current_orbital_period	current_eccentricity	current_spin	delta_e	delta_p	bad_solution_flag	gsl_flag	
2	8.92891351514153	0.017352048850008864	3.2546076317262833	7.791105496047239	0.8781222346914861	4.52021369516418	-0.40758431723613553	0.6935409409593357	0.7633464513876604	0.20725747160900873	8.976449614469436	0.017572742854912917	8.928913514020657	0.017352048785637095	9.469422998625577	-1.1208740602342004e-09	-6.437176833240521e-11	False	False
3	8.929039069069557	0.016304134054494754	4.718582243197435	7.9468774889627465	0.8876609984096815	4.645718191869664	-0.39583621624610654	0.7010746565439664	0.0	0.0	8.964643898731033	0.016459862683456818	8.92903906898148	0.016304134050887507	10.379566614033527	-8.807710116798262e-11	-3.607246445991308e-12	False	False
4	8.928987327462886	0.011026287506915776	3.5977733234951956	7.41715144911551	0.8076667806208777	6.372642193460244	-0.3259390859546496	0.6378952233343692	0.5432624942634927	0.14750210834984856	9.054072496872186	0.011403928507613887	8.928987327437095	0.01102628750712923	8.928987327437097	-2.5790924951252236e-11	2.1345425427199416e-13	False	False
5	8.929010627283189	0.030474499389829282	4.2397457373441805	8.402257744807425	0.9005471673587798	5.139463309013049	-0.17245352013484874	0.7112521527799642	0.016296655082990247	0.0044247320755138545	8.943897857371153	0.03059352839357166	8.92901062725452	0.030474499390248818	14.718413528602667	-2.8668623031080642e-11	4.195359337710869e-13	False	False
6	8.928819626554734	0.009684025189508028	3.846659287570022	8.00356051475744	0.9387018795459278	4.949521102472307	-0.08707840494568395	0.7413867444653737	0.0799949818505325	0.021719571302926104	8.968929346810077	0.009788140835269323	8.92881980207357	0.009684025127358997	9.961939427783854	1.7551883502164856e-07	-6.214903071344313e-11	False	False
7	8.929185625427255	0.0412969458071111	4.045811244666535	7.131791207475976	0.8414207974102705	4.333768999336065	-0.3428276479706621	0.6645541457946317	0.005344743288914945	0.001451160188726903	9.019477481242989	0.043335772602958005	8.929185622568756	0.04129694547490646	8.929185622568756	-2.858499215108168e-09	-3.3220463879768403e-10	False	False
8	8.929067646589044	0.032992291129708584	4.193290285544241	8.132330829553121	0.8509725871032067	4.384565199380243	-0.46379979108094016	0.6720981492941126	0.18998363949956232	0.05158277568223093	8.94762842585065	0.03315605046360269	8.929067646597224	0.03299229113113971	13.298895358781989	8.180123245438153e-12	1.4311260509991541e-12	False	False
9	8.929077760321313	0.029354718024404803	4.85393525614049	7.707891073678203	0.9391272037265447	2.754695311876023	-0.31514966979797865	0.741722665503225	0.0	0.0	8.957651376248238	0.029647380268330928	8.929077759348976	0.02935471774945748	8.929077759348976	-9.72336877680391e-10	-2.7494732185440185e-10	False	False
10	8.92895526540285	0.016262253356257216	4.753056955940682	7.799291350172807	0.8515084028334542	4.852707443800424	-0.31084801094152836	0.6725213365578621	0.0	0.0	8.974386754476054	0.016457893848657094	8.928955265419024	0.016262253356573064	10.284802488981246	1.617372902273928e-11	3.158480421650012e-13	False	False
11	8.928910077401966	0.04649980002390913	3.913562505069409	8.108859506945443	0.8471592317409495	4.072210262249643	-0.5082624349126038	0.6690863612290019	0.014851210271189096	0.004032276937352576	8.946513383326735	0.04671882841949495	8.928910077373558	0.046499800008296614	13.238098150242754	-2.8407498575688805e-11	-1.5612518222685168e-11	False	False
12	8.929019081394818	0.043132424903851274	3.988330351159213	7.924527406725916	0.892212186720226	1.7536537650626616	-0.17466308321753124	0.7046691850716345	0.30356661859745304	0.08242188028912799	8.936334575778078	0.04324831159709167	8.92901908140791	0.04313242490504033	11.1883169636755	1.3091749906379846e-11	1.1890557982674466e-12	False	False
13	8.92892644743452	0.02638943240941139	4.081594735872883	7.573184285682696	0.8122156190217099	5.190482460870998	-0.3793092888756408	0.6414878959033464	0.8676356985131352	0.23557321950557694	9.001457011245064	0.026887418147693704	8.928926447458428	0.026389432410307462	9.392004365764413	2.390798670148797e-11	8.960714115158197e-13	False	False
14	8.929029838340037	0.012426007425796776	3.5502028674133594	7.515451817815588	0.8764292252924736	5.513522417659964	-0.21921503892575367	0.6922038021359956	0.5480130556370071	0.1487919412130369	9.025404144583577	0.012805102588543473	8.929029838342537	0.012426007424699148	8.929029838342538	2.4993340730361524e-12	-1.097627197466089e-12	False	False
15	8.929028451434625	0.012011700566557764	4.088645088664551	7.9926700064779155	0.8491039865257562	4.325624646601642	-0.5503233015884824	0.6706223285580423	1.8155764046075924	0.4929501859187224	8.953523466110747	0.012091212077508502	8.929028448504871	0.012011700566973383	11.925273163057343	-2.92975421700703e-09	4.1561892816233126e-13	False	False
22	8.928992612841267	0.028682036399771994	4.585178678548827	7.127327910577708	0.8438128997394928	4.873825348751901	-0.5376687351280236	0.6664434282142514	0.0	0.0	9.030642022609928	0.030364074842629037	8.928992613184036	0.028682036418430028	8.928992613184038	3.4276936844435113e-10	1.865803345157957e-11	False	False
23	8.928937503515272	-0.010520833315292081	4.897567128656763	6.7450047839421305	0.8408744312017968	3.4966390998034282	-0.17192503637229722	0.664122625763179	0.0	0.0	9.030642022609928	0.030364074842629037	8.928992613184036	0.028682036418430028	8.928992613184038	3.4276936844435113e-10	1.865803345157957e-11	False	False
25	8.928869374960609	0.010363586589713794	3.770156328765688	6.975968640222121	0.8271697540235191	5.799536633173211	-0.34983285076703513	0.6532986717277753	0.09585673472098889	0.2348318153360495	9.056296425534716	0.011382323189813122	8.928869375012923	0.010363586590722366	8.92886937501292	5.2313708920337376e-11	1.0085716983798676e-12	False	False
26	8.929078833426527	0.00851505612945405	4.6902561738378665	5.609226772015934	0.843316006838114	5.142826423248719	-0.35231895351023174	0.6660509822007424	0.0	0.0	8.801669582680423	0.07019017821590465	8.928969842960715	0.008115193216494293	8.928969842960715	-0.000108990465811587	-0.00039986291295975723	False	False
28	8.928878570642857	0.028378341156165453	3.859363764741309	5.823862153794561	0.8147156284055611	4.165803113401545	-0.3812700507474838	0.6434624033147122	0.17438952706094496	0.36701452011729446	8.89140551630083	0.07013360280821039	8.92887857199932	0.028378341158173646	8.92887857199932	1.3564633860596587e-09	2.008192223623695e-12	False	False
29	8.929151942367968	0.03600344006331013	1.9897759946965676	5.760779486986657	0.8138257364476326	5.162597686113484	-0.6064770110442181	0.6427595666463402	0.05032665585895231	0.06673565589715341	9.12986995435243	0.1333056205611349	8.927526964840146	0.03421542312320669	8.927526964840148	-0.0016249775278218692	-0.001788016940103443	False	False
30	8.92906111941636	0.03172956377034762	2.274471895214939	5.4526276022173645	0.8097747789760565	5.857975025136367	-0.3993077130245495	0.6395601204352894	0.40687902430840456	0.5395418808298398	9.231427792197188	0.16264398524161267	8.928899235005012	0.006584386516409839	8.928899235005016	-0.00016188441134801224	-0.02514517725393778	False	False
32	8.929108212025357	0.021336111753033016	2.0837771418752746	5.227879525319304	0.8007428868654501	6.164722367638696	-0.37933013769217294	0.6324267320463325	nan	0.7287068767996739	nan	nan	8.929108212025357	0.021336111753033016	nan	nan	nan	False	True
36	8.92891627279373	-0.01951976905902058	3.2230956117929543	6.177550850532246	0.8007428868654501	6.164722367638696	-0.37933013769217294	0.6324267320463325	0.5711091152397243	0.8210493787023792	9.084378832542106	0.018924394278019608	8.928935066783117	0.014316962681792033	8.92893506678312	1.6120100809757787e-09	1.3821777056222118e-11	False	False
37	8.928886893150986	0.005430018088540205	3.9857250412178025	7.420291740083075	0.8382723265585175	5.627617393351331	-0.4411456739240611	0.662067483515917	0.07142505584739263	0.12506376442164088	9.035148793513354	0.005612894126777123	8.928810270617856	0.0054297426244848635	8.928810270617856	-7.662253313078793e-05	-2.7546405534113055e-07	False	False
39	8.928812498222136	0.0023468847426190674	4.124136370549799	6.989940534940485	0.8334760750584931	6.348939185727399	-0.38789447874910876	0.6582794040811978	0.005666887642298867	0.05661509854708786	9.068726057276141	0.002607019386526586	8.928812498079152	0.0023468847447910366	8.92881249807915	-1.4298429107384436e-10	2.1719692017141412e-12	False	False
40	8.928581301084943	0.02020744190774077	3.482938044434209	7.7572376281312545	0.8168709939071207	5.788539171474389	-0.5226871710163564	0.6451647109878439	3.8743544756185096e-07	3.870677773920203e-06	8.984789687319541	0.020501341348642284	8.92858130099265	0.02020744189713805	10.365269655597018	-9.229239594787941e-11	-1.0602720090790996e-11	False	False
41	8.928711427187881	0.03083558376456503	3.808626886554799	7.384722696792027	0.8040164907425389	6.42436099612238	-0.5458863345055524	0.6350122243884572	0.0003598130414147147	0.0035947158447556067	9.058630761369692	0.031984253833489205	8.92871142710976	0.03083558374721127	8.92871142710976	-7.812062108314421e-11	-1.7353760789484696e-11	False	False
46	8.928995333481474	0.042025679684913816	3.100306473058263	6.392953923857906	0.9296153977918049	5.16760034676347	-0.08249498723172152	0.7342102411759674	0.1511562168168408	0.27122868342264705	8.978898285178424	0.06878556193812621	8.92899533322529	0.042025679553603125	8.92899533322529	-2.561844070214647e-10	-1.3131069148686336e-10	False	False
48	8.929036729982057	0.009471077891025666	2.0343067004215967	5.2699237719441285	0.8396779453641087	5.909442848429304	-0.28868163581251116	0.663177641248573	nan	1.8471626002073112	nan	nan	8.929036729982057	0.009471077891025666	nan	nan	nan	False	True
49	8.928990903020448	0.009053705941891801	2.4348178727441607	6.501356370055134	0.8764292252924736	5.513522417659964	-0.21921503892575367	0.6922038021359956	0.4037735271227007	0.3922313628581695	8.993843460408717	0.012642752683691154	8.92899090181019	0.009053705508651344	8.928990901810193	-1.2102585600359816e-09	-4.332404573981208e-10	False	False
50	8.928913801792664	0.029080509391368393	3.2585468475418313	5.424851002726	0.905233732301733	5.14248999939041	-0.04662889713204979	0.7149536017719087	nan	0.3922313628581695	nan	nan	8.928913801792664	0.029080509391368393	nan	nan	nan	False	True
51	8.929148799543675	0.0255889592861483	1.9987216128371146	5.986377444960816	0.8930374594970963	5.311354058340966	-0.29758117536129824	0.7053209855108067	0.1060216717998419	0.10299096406564684	8.982317512997106	0.08356175610052462	8.9291487993173	0.025588959262391197	8.929148799317302	-2.2637536289948912e-10	-2.375710392299446e-11	False	False
53	8.928961086151888	0.04311211485834327	3.527862611116162	5.3708628077014176	0.8311511172420244	5.520809085126668	-0.5626322057241121	0.6564431523977509	nan	0.3175854801633352	nan	nan	8.928961086151888	0.04311211485834327	nan	nan	nan	False	True
54	8.929037682493952	0.0381815482454966	3.3496550837652728	5.4983548075115065	0.8862948640350128	4.220727914229233	-0.3200224171245472	0.6999956836148531	0.19328063004633206	0.5911969290771821	8.931348082878976	0.13139425742644076	8.928104206451541	0.008680124798638944	8.928104206451541	-0.0009334760424106747	-0.029501423446857654	False	False
55	8.928904337029717	0.03948628154423699	3.383261460492187	5.961357851235693	0.8443894141513668	5.188110464605041	-0.4245715818238892	0.6668987592967495	0.08144489811758555	0.24911949865114955	9.021075082377314	0.10494474400574012	8.928905810255332	0.039486503426369536	8.928905810255332	1.4732256143901168e-06	2.2188213254920042e-07	False	False
56	8.928950046534169	0.021648129429346775	3.8864520727769363	5.497856259456324	0.824593396609792	5.397956069763544	-0.4863570687347184	0.6512638646424137	nan	0.24911949865114955	nan	nan	8.928950046534169	0.021648129429346775	nan	nan	nan	False	True
58	8.92903495161272	0.036937917923113184	3.398477474034572	4.720911532439237	0.9229414815996767	5.3503114259680356	-0.014206051507181405	0.7289391821674246	nan	0.5198006342364682	nan	nan	8.92903495161272	0.036937917923113184	nan	nan	nan	False	True
59	8.928866747540082	0.02972153366980861	3.762380576471551	6.037306792525065	0.8364952566271971	4.747149875633055	-0.5011721078389939	0.6606639536841603	0.13450569514128288	0.7914941423151082	8.944257765380138	0.06009996182425056	8.928866747117299	0.02972153369439403	8.9288667471173	-4.22783585918296e-10	2.4585420504985578e-11	False	False
60	8.92892874054332	0.04124528564418573	3.3645447205043846	5.212400471015922	0.9153361680053675	4.76471440187374	-0.24601791735478562	0.7229325054906393	nan	0.7914941423151082	nan	nan	8.92892874054332	0.04124528564418573	nan	nan	nan	False	True
62	8.928925838924656	0.03609119693343531	3.9265132886322966	5.186002400451459	0.8716954617395148	3.855504085978011	-0.355752580314243	0.6884650756818688	nan	2.738947627462445	nan	nan	8.928925838924656	0.03609119693343531	nan	nan	nan	False	True
63	8.928871316644047	0.05707952588090563	3.44047558985444	5.8473986763429355	0.9014761430257361	3.025333598355129	-0.3313413496639044	0.7119858577617263	0.0003620425074473469	0.0007778267376415752	8.958411732459172	0.13559925999384811	8.931091413919361	0.05740378221369737	8.931091413919361	0.002220097275314359	0.00032425633279174054	False	False
64	8.928866537595328	0.028560829795400377	3.070505762991366	5.285863541806151	0.8898312308589013	4.431338334447357	-0.17446403398757895	0.7027887061323602	nan	0.0007778267376415752	nan	nan	8.928866537595328	0.028560829795400377	nan	nan	nan	False	True
65	8.929031220826202	0.029689806120302108	4.2677012402026895	4.667482860866928	0.8922628660944769	4.317307123114702	-0.26871532387126174	0.7047092116414179	0.0	0.0	8.588424026356899	0.030584795309594844	8.929027795037904	2.5800573626932316e-08	8.929027795037904	-3.4257882983723675e-06	-0.029689780319728482	False	False
66	8.928946783750867	0.03634557729262751	3.912963908946881	5.321996316174427	0.8980833327935356	5.460108531403766	-0.15948536192898624	0.7093062162403344	nan	0.0	nan	nan	8.928946783750867	0.03634557729262751	nan	nan	nan	False	True
70	8.929102354562994	0.011505915632398193	4.6172979859638845	5.267269033602634	0.8602078855296699	4.330667232711332	-0.32103213157699406	0.6793921879913332	nan	0.4297363946231008	nan	nan	8.929102354562994	0.011505915632398193	nan	nan	nan	False	True
71	8.929099450342607	-0.0035450729499314397	3.2220741801891846	5.718421555595732	0.8610877199517063	5.708519684545822	-0.14462880723044327	0.6800870812178575	nan	0.4297363946231008	nan	nan	8.929102354562994	0.011505915632398193	nan	nan	nan	False	True
72	8.929052860019732	0.00043578621159412294	2.8362907151969337	6.190435394291241	0.8143931670542089	4.221046321836793	-0.49526371334112784	0.6432077233394142	0.0701935359499072	0.2952791856985235	8.946398941082986	0.0006408098598923046	8.929052860152167	0.00043578621195016127	8.929052860152169	1.3243450780464627e-10	3.5603833249686634e-13	False	False
74	8.928895406849088	0.025144371440484356	2.6902837433352014	6.193423559888899	0.8443894141513668	5.188110464605041	-0.4245715818238892	0.6668987592967495	0.30329522405592885	0.6168221894586899	8.974548637902735	0.04429612259994098	8.928895409838692	0.025144371756957058	8.928895409838693	2.9896032316401033e-09	3.164727022109126e-10	False	False
75	8.928906489065309	-0.003245618197826778	3.6832850541334112	6.75708351316084	0.8295959825941063	4.812182873238824	-0.623466044161462	0.655214907052825	0.30329522405592885	0.6168221894586899	8.974548637902735	0.04429612259994098	8.928895409838692	0.025144371756957058	8.928895409838693	2.9896032316401033e-09	3.164727022109126e-10	False	False
76	8.928860023842569	0.02109991465873094	4.24100202496517	5.718794712129468	0.8299861512047709	4.664253308812281	-0.4314080153151865	0.655523062221528	0.14111933473356164	0.286999366034388	8.890716383805715	0.0864465877966308	8.928863552289682	0.021142215206455626	8.928863552289682	3.528447113154698e-06	4.230054772468711e-05	False	False
77	8.928948132804425	0.021016239318035104	4.337340845574785	5.464872613927469	0.826084906507792	4.699301273072673	-0.5348564207997166	0.6524418591598541	nan	0.286999366034388	nan	nan	8.928948132804425	0.021016239318035104	nan	nan	nan	False	True
80	8.928724158228738	0.0120175302407944	4.619559772329293	5.9363397189706495	0.8515955877700198	3.849197444639147	-0.42403241723358925	0.6725901952207616	0.0	0.0	8.840985093432685	0.025000279280362626	8.928724064785294	0.01201752837809313	8.928724064785294	-9.344344320538767e-08	-1.862701271004852e-09	False	False
81	8.92885878663344	-0.000478789511755116	3.3956918979595514	5.978230411208885	0.7975366943782879	5.404400071922766	-0.46475917071197537	0.6298944812199717	0.0	0.0	8.840985093432685	0.025000279280362626	8.928724064785294	0.01201752837809313	8.928724064785294	-9.344344320538767e-08	-1.862701271004852e-09	False	False
82	8.928882386295488	-0.005074745325161681	3.758125781747207	5.9648323967034536	0.8396004319130597	5.0566577987144115	-0.3121076575684797	0.6631164211249345	0.0	0.0	8.840985093432685	0.025000279280362626	8.928724064785294	0.01201752837809313	8.928724064785294	-9.344344320538767e-08	-1.862701271004852e-09	False	False
83	8.928853343288367	-0.0010306528870181186	3.328053071063027	5.650292866117287	0.8295959825941063	4.812182873238824	-0.623466044161462	0.655214907052825	0.0	0.0	8.840985093432685	0.025000279280362626	8.928724064785294	0.01201752837809313	8.928724064785294	-9.344344320538767e-08	-1.862701271004852e-09	False	False
84	8.928868876496123	0.012604968550887025	4.69461781214973	6.708831466103066	0.8901989116193241	3.9746615521225848	-0.016695964283832104	0.7030791003969421	0.0	0.0	8.965248355535286	0.014480942847938985	8.928868876383223	0.012604968541128029	8.928868876383225	-1.1289991164176172e-10	-9.758995694886252e-12	False	False
86	8.92880539038662	0.0013454065483082013	3.323940636056122	5.763730331932306	0.9005471673587798	5.139463309013049	-0.17245352013484874	0.7112521527799642	0.003463189989690545	0.017165526516405363	8.781142757922204	0.009045632716475072	8.92880539165578	0.0013454065420750426	8.92880539165578	1.2691607764736546e-09	-6.2331587374203634e-12	False	False
88	8.928952492572039	-0.010979210488468066	3.729399194320718	5.697322594783152	0.8408744312017968	3.4966390998034282	-0.17192503637229722	0.664122625763179	0.06307998815935381	0.3126600656121319	8.796397208999494	0.025628345578394697	8.928877762823571	0.006415573574839598	8.928877762823571	-7.162319572984188e-07	-8.039087146136277e-06	False	False
91	8.928877584062619	0.018677842141616184	3.997859599719459	5.830063373147617	0.8443894141513668	5.188110464605041	-0.4245715818238892	0.6668987592967495	0.20778293600704112	0.34918218461718586	8.906806441296242	0.06972494209491345	8.928877581182427	0.01867784220645929	8.928877581182428	-2.8801920848309237e-09	6.484310657861592e-11	False	False
92	8.929189564235806	0.0176234495673874	4.058521487485529	5.569422903322986	0.8396004319130597	5.0566577987144115	-0.3121076575684797	0.6631164211249345	0.02810558849756935	0.04723184194105502	9.126437602121412	0.1728182258830791	8.92918881398917	0.01762334868199514	8.929188813989168	-7.502466363717986e-07	-1.008853922589148e-07	False	False
96	8.929101839405645	0.030221155770657367	3.5076848666651474	5.290026496985776	0.8084521499320724	3.3279185767889525	-0.40220726109182764	0.6385155080163507	nan	1.071656799342146	nan	nan	8.929101839405645	0.030221155770657367	nan	nan	nan	False	True
97	8.929016720638318	0.007693583913763	4.151225838626359	6.828230377201602	0.8720643601904478	3.4861828056399258	-0.251351171133613	0.6887564316784156	0.2811170202425373	0.3710544174320539	8.970317376057455	0.008376451906726645	8.92901672062843	0.007693583905375179	8.929016720628434	-9.887202168101794e-12	-8.387820819855119e-12	False	False
99	8.929089639337942	0.01851043507278043	3.254356742411667	4.990444053734103	0.8167488996270261	4.177492954454806	-0.3921062593424515	0.6450682809254252	0.0	0.0	8.853124458968805	0.10147941030891848	8.929108546117288	0.0001335599602159149	8.929108546117288	1.89067793456843e-05	-0.018376875112564514	False	False
100	8.929051139868701	0.032065225306705795	4.039242777023775	5.242465154282782	0.8359839871955288	4.4466464374822685	-0.3992873320139983	0.6602601530870286	nan	0.0	nan	nan	8.929051139868701	0.032065225306705795	nan	nan	nan	False	True
101	8.928878258346586	0.013247392018441164	3.7618108426547185	6.290990540384318	0.8648292584873162	3.513879492705784	-0.321003134111043	0.6830421483532823	0.13960756460407453	0.17160219993047057	8.912781029555864	0.017888530217023232	8.928878259507934	0.013247391960029343	8.928878259507936	1.1613483508199351e-09	-5.841182051935512e-11	False	False
102	8.92910681940547	0.034560777734977	2.8946974788670965	4.979700413440958	0.8862948640350128	4.220727914229233	-0.3200224171245472	0.6999956836148531	0.0	0.0	8.806955919443151	0.07636754756312117	8.929104537913458	7.514328971229034e-06	8.929104537913458	-2.2814920122016247e-06	-0.034553263406005764	False	False
103	8.928942967863698	0.018245420331860832	3.41790491052339	4.788565315989915	0.9112962580711771	3.1792230256248306	-0.3817810547580161	0.7197417846246156	0.0	0.0	8.651759649259592	0.009891735127079826	8.928943120950342	8.540702102177883e-08	8.928943120950347	1.5308664380597747e-07	-0.01824533492483981	False	False
104	8.929013318491732	0.019879942769888304	3.9735827198823035	5.445505568709639	0.881428164668138	3.0038556671420347	-0.3590019940937079	0.6961519644548954	nan	0.0	nan	nan	8.929013318491732	0.019879942769888304	nan	nan	nan	False	True
105	8.928897056349577	0.037977600002406284	2.9396345921297438	5.098798859292261	0.8862948640350128	4.220727914229233	-0.3200224171245472	0.6999956836148531	0.08591257658482285	0.10560163545192562	8.950524953969452	0.12975266852208558	8.928909337691072	0.00011951727215327401	8.928909337691074	1.2281341495778975e-05	-0.03785808273025301	False	False
108	8.929056331035413	0.02564135112388219	3.665579607899523	4.580951893421554	0.8838378859863172	2.1217544314708627	-0.2015845365451006	0.6980551623519933	0.0	0.0	9.19274626198904	0.2117284692338864	8.929056588776403	3.7873551438274914e-06	8.929056588776405	2.577409894399807e-07	-0.02563756376873836	False	False
110	8.929164647341537	0.014796847162920825	3.1937142077018175	6.176054280430303	0.8735273564814858	2.4133939088241707	-0.25376606218834846	0.6899119061490775	0.045200281238270204	0.19097705969732504	8.859742752928726	0.01918766905093084	8.929164647262025	0.014796847165761077	8.929164647262025	-7.951150848839461e-11	2.8402523388759704e-12	False	False
112	8.929018026619538	0.005063569190104603	3.355400769954161	6.517150652195682	0.9505356816505327	0.4535826745752226	-0.15982292623709043	0.7507330813675906	0.18107125383326814	0.2757913508720351	8.843527267609666	0.005086658778551307	8.929018027248448	0.005063569173951973	8.929018027248448	6.289102572054617e-10	-1.6152629581100975e-11	False	False
113	8.92906951489568	0.006059262240508822	3.1420479217389574	6.3437872380072955	0.8659458523780375	2.653817250447341	-0.2934242848795005	0.6839240342081739	0.13281870765618797	0.20229743832948446	8.900435849095858	0.007323903950481558	8.929069514630193	0.006059262231497199	8.929069514630193	-2.6548718778940383e-10	-9.011623045007688e-12	False	False
117	8.929124214654076	0.03462566670449371	3.619540921107247	5.185399096697386	0.8918870345568201	2.8417055041360726	-0.1527292056787811	0.7044123798929764	nan	0.4715879852315199	nan	nan	8.929124214654076	0.03462566670449371	nan	nan	nan	False	True
118	8.929075553521328	0.03454526649488418	3.933322393218236	5.15225232411961	0.9126228717526892	3.157275449296029	-0.2935340905438214	0.7207895441102738	nan	0.4715879852315199	nan	nan	8.929075553521328	0.03454526649488418	nan	nan	nan	False	True
122	8.929171378029485	0.030930590057262338	4.891859867594502	5.282806561912548	0.8490089264734697	5.571190331964673	-0.43698483591963544	0.6705472501287463	0.0	0.0	8.62609246088167	0.01772320892690104	8.929181779235094	8.640274930921898e-05	8.929181779235098	1.0401205608800979e-05	-0.03084418730795312	False	False
123	8.928963134518717	0.009927830866389457	4.471704069044024	5.874152045684452	0.8974867264762534	3.6545528612095697	-0.3917495415180544	0.7088350165709448	0.35491246564778123	0.4828659788401983	8.779206461954486	0.026414446259092728	8.928963134644974	0.009927830866562732	8.92896313464497	1.262563387172122e-10	1.7327458912141935e-13	False	False
124	8.929147745278257	0.0344398105295005	3.4419384100599455	6.639467492624161	0.7947681607399706	4.8662989205992035	-0.4958525673816871	0.6277078933524287	0.05722635451861901	0.0778576758064962	9.02967413557649	0.039869024082987974	8.929147745447612	0.03443981058151189	8.929147745447615	1.6935430835474108e-10	5.201138825183804e-11	False	False
126	8.928850653341673	0.013313805793403011	4.882216237874236	6.347345390468	0.9279837236288991	5.183092096793257	-0.10332554578238348	0.7329215449221045	0.0	0.0	8.92795536698291	0.022861972117992475	8.928850653842764	0.013313805807615663	8.928850653842764	5.010907244695773e-10	1.4212651888723116e-11	False	False
127	8.92900618163097	0.033291058870640065	3.724532442408064	5.1106159960362145	0.9012799692459301	4.722805335894385	-0.22753370957947272	0.7118309197104356	nan	0.0	nan	nan	8.92900618163097	0.033291058870640065	nan	nan	nan	False	True
128	8.928898598510159	0.020798308783569412	4.910910444927578	5.602155523893685	0.8299861512047709	4.664253308812281	-0.4314080153151865	0.655523062221528	0.0	0.0	8.937149884711351	0.12598178623255554	8.928902690689396	0.019875144648375826	8.928902690689398	4.092179237247251e-06	-0.0009231641351935861	False	False
129	8.929140474287824	0.03337655388894487	5.414685999561663	7.237872430687357	0.8865622955244113	4.053088364368075	-0.37740960054468875	0.70020690100518	0.0	0.0	9.000732944911261	0.03479408813084291	8.929140475466312	0.03337655378515849	8.929140475466312	1.1784884179633082e-09	-1.0378638226615777e-10	False	False
130	8.928917675794908	0.02562448591107492	5.203289493728551	6.280836876596395	0.7941348845003807	5.903578680255663	-0.4646150948366508	0.6272077317784006	0.0	0.0	9.023401487668574	0.039230976223375603	8.928917675845339	0.025624485868606037	8.928917675845343	5.043077067057311e-11	-4.2468882577306744e-11	False	False
131	8.928955307398418	0.025562330231662864	4.944711136417974	6.3327487177892445	0.8199206087672809	5.015233928398127	-0.2993566851114206	0.6475732968043985	0.0	0.0	8.985610648374456	0.03612213835450787	8.928955324061217	0.025562330904236888	8.928955324061219	1.6662799140476636e-08	6.725740242519151e-10	False	False
132	8.928976119233809	0.03645145149784239	4.68915392664261	6.259737622525736	0.8456544722535716	4.580422435761442	-0.3433185283349982	0.6678979021858708	0.0	0.0	8.961617109324756	0.05512032578413194	8.928976118498163	0.03645145148209186	8.928976118498165	-7.356462106145045e-10	-1.575052588353998e-11	False	False
133	8.92900059676789	0.024686273858414456	4.916343723184919	6.0520896101626365	0.8154291085428191	4.54879844540198	-0.6526209227734028	0.6440259099271185	0.0	0.0	8.933876320213312	0.04386176608392292	8.929000561663498	0.02468627310868934	8.929000561663502	-3.510439228193718e-08	-7.497251153232298e-10	False	False
134	8.929102733242573	0.03251895280698431	5.429988630621496	6.767420402084228	0.9027371122912577	5.163772104863427	-0.23943813275214465	0.7129817712876353	0.0	0.0	9.000284996567217	0.039151966625523386	8.929102733197688	0.03251895280089391	8.929102733197688	-4.488498461796553e-11	-6.0903990184435486e-12	False	False
135	8.929024632654292	0.049202997686235914	3.8437992061675814	6.053753174167191	0.837884037207951	4.462667070440738	-0.5819780223750226	0.6617608125868397	0.025099828262724725	0.046899231406430514	8.985101662639385	0.09297515327314294	8.929027194392393	0.049240684657157634	8.929027194392393	2.561738101647393e-06	3.7686970921720075e-05	False	False
136	8.928909174290887	0.044385663395358266	4.6338657185747785	6.375562849464428	0.8421452608345001	5.262072846832234	-0.5163776716916099	0.6651263270070882	0.0	0.0	9.009028187357758	0.06449679428626814	8.928909175254814	0.04438566353535446	8.928909175254816	9.639276044026701e-10	1.399961951920048e-10	False	False
137	8.9289609091879	0.03808573064476988	4.504971495593538	6.4349977107817296	0.8356283439773813	5.097757329492091	-0.35541984498034784	0.6599792660733357	0.0	0.0	9.003395758134564	0.05139237306787704	8.92896091073326	0.038085730603346066	8.928960910733261	1.5453593960046419e-09	-4.1423815766439276e-11	False	False
139	8.929083051771103	0.033839278970481335	5.0063284957218865	6.511513485242323	0.8074217913299476	3.653589445084084	-0.5329131917560569	0.6377017307923926	0.0	0.0	8.974407812197292	0.03916007869641159	8.929083052229691	0.033839279088606844	8.929083052229695	4.5858783437324746e-10	1.181255093740674e-10	False	False
140	8.928889520685159	0.04226131110305096	3.9590156551495617	5.7878287719295365	0.8016445001087981	4.514619920030188	-0.7171047960258589	0.6331388261859286	0.0630209408609762	0.276021403401102	8.960011835518257	0.09725165244234724	8.918788655684692	0.035855639298891705	8.918788655684692	-0.010100865000467252	-0.006405671804159255	False	False
144	8.928915025902576	0.05605905773951569	3.1713589752431446	8.167517588273352	0.8648292584873162	3.513879492705784	-0.321003134111043	0.6830421483532823	0.0003729835513185974	0.0034257266193379174	8.94245722950222	0.05626585299164345	8.928915025886385	0.05605905773953203	13.670794418282469	-1.6191492591133283e-11	1.6341095143701523e-14	False	False
146	8.92899483579459	0.04329261552280737	3.8313953517156913	8.330208972725295	0.8842905686478156	5.468950578240732	-0.3173802236079698	0.6984126911180447	0.01650224225811855	0.03603291524841733	8.947822929231599	0.04350217195306864	8.928994835790727	0.043292615521243694	13.908317811839972	-3.863576125695545e-12	-1.563679741245494e-12	False	False
147	8.929012860996322	0.03221870101826722	3.6105854011301526	8.807934056351687	0.907836216047843	3.2439609807011642	-0.2946816375724804	0.7170090434345864	1.6871382686592106e-11	3.6838939397493695e-11	8.932042621983946	0.032246524630083206	8.929012860991055	0.0322187010181693	19.291892626958223	-5.266898028821743e-12	-9.792167077193881e-14	False	False
149	8.92902855667546	0.004077912741488863	3.7827077420541415	8.337519188648107	0.8865622955244113	4.053088364368075	-0.37740960054468875	0.70020690100518	0.005936472101375838	0.05578713040049756	8.940693174045235	0.004090920450572174	8.929028244183886	0.00407791196202303	14.553940547607615	-3.1249157395052407e-07	-7.794658330242954e-10	False	False
150	8.929116140250056	0.013916088539842799	3.48375075674255	8.21659927854041	0.8132408502519073	5.511198263486127	-0.4025279006276687	0.6422976235289564	0.0006945699831572423	0.006527120074174055	8.947024803264059	0.013980352303124654	8.929116140256673	0.013916088539971732	15.346248687361044	6.616929226765933e-12	1.2893332235197619e-13	False	False
151	8.92918561939928	0.017641472879490878	3.557354155021235	8.552832089406717	0.8117876071783761	6.1390110565856935	-0.4393761479708223	0.6411498521494814	1.147051475568362e-13	1.0779248878940214e-12	8.938732395412245	0.017683564965823257	8.929185619390827	0.017641472879450674	19.687855476467934	-8.453682198705792e-12	-4.020395127923848e-14	False	False
154	8.929142051048506	0.01986922711968744	2.8071823977240493	8.564269788249472	0.8695310046232526	5.084190632924824	-0.26333027799640396	0.6867555874514448	1.2556519719940316e-08	1.4808283052767845e-07	8.938156548746056	0.019915468081049898	8.929142051040461	0.019869227119578416	17.89093930951201	-8.045120125643734e-12	-1.0902390101819037e-13	False	False
156	8.929114809773338	0.0013684569306696356	3.1128573067069123	7.577752324989016	0.8048255357027551	6.07881016561675	-0.446385496186433	0.6356512080980359	0.05996668636390418	0.019253657920472407	9.014693493284105	0.0013986943677243384	8.929114809771864	0.0013684569317100985	9.344724249501864	-1.4743761767022079e-12	1.0404628547622252e-12	False	False
157	8.928937470382202	0.033423411453752196	2.5659127201663834	7.1544279074647275	0.8332968514148138	5.717795735627996	-0.4906998220108869	0.6581378532474199	0.35120510007861033	0.11276232299720813	9.061066529507107	0.03560140129381211	8.928937470562918	0.033423411460551354	8.928937470562916	1.8071588669954508e-10	6.799158458470345e-12	False	False
158	8.929033058277732	0.039351143552245504	2.5569648634857507	7.158832197218075	0.850211561615724	6.619128004174544	-0.22140853323387422	0.6714970913640987	0.23243253967364635	0.07462771214846993	9.080692760831703	0.04260858471392608	8.929033058647189	0.03935114359255119	8.929033058647192	3.694573535995005e-10	4.0305682402763665e-11	False	False
159	8.929008973073367	0.03191814579719225	2.81717304123304	7.177646946068796	0.8824307833515502	5.745648322159305	-0.25478718521431815	0.6969438326910543	0.5704186308949165	0.1831457740397297	9.04561648753146	0.03437739057174562	8.929008973108699	0.031918145798112585	8.9290089731087	3.533173753567098e-11	9.203332540508313e-13	False	False
160	8.929085270861838	0.01647658008316861	2.7386079836187314	9.068642935444807	0.7709394305443759	6.092673789852148	-0.5062340047400273	0.608887962243948	8.434216801005113e-66	2.7079956382482536e-66	8.931509095837349	0.016486508343635416	8.929085270860014	0.01647658008321632	31.203134540221118	-1.8243184740640572e-12	4.77118344832661e-14	False	False
161	8.929189973238602	0.037381565763157064	2.939743125281088	7.9952914458887845	0.8132715677846448	7.01407603961708	-0.41574453932144645	0.6423218842363124	0.029242550351835588	0.009388980704715666	8.971578724678114	0.03778247399381026	8.929189973199417	0.0373815657607266	12.293420595804612	-3.9184655520330125e-11	-2.430465551039873e-12	False	False
162	8.929016040888108	0.01617196459010541	3.255715877494093	7.6031248108925995	0.8824307833515502	5.745648322159305	-0.25478718521431815	0.6969438326910543	0.7744280953037687	0.24864761645320635	9.022677485711633	0.016610978896917105	8.929016038508115	0.016171961590664443	8.929016038508115	-2.3799930914947254e-09	-2.999440966433564e-09	False	False
163	8.929053749142378	0.04101638925351285	2.0248526683008286	7.994699899017562	0.8117876071783761	6.1390110565856935	-0.4393761479708223	0.6411498521494814	0.19947428939617357	0.06404572213072998	8.96448869653019	0.04138632705136948	8.929053749134088	0.04101638925300712	12.619754141907723	-8.290257369480969e-12	-5.057274043984705e-13	False	False
165	8.928877269321989	0.017237383225472906	1.4666032273460046	8.449366250549112	0.8443894141513668	5.188110464605041	-0.4245715818238892	0.6668987592967495	1.5323957008494288e-06	3.1470289386799436e-07	8.940071248245946	0.01728747910944941	8.9288772693187	0.017237383225469454	17.06260945523811	-3.2880365097298636e-12	-3.452099717193846e-15	False	False
166	8.929075508394375	0.013092166009632705	2.780406868715476	8.658507681718763	0.8014029434726384	6.247619235166951	-0.5778050417419731	0.6329480447546898	1.2384934963016967e-18	2.543451975927536e-19	8.93639839793951	0.013116050240737	8.929075508388387	0.01309216600947726	21.71578549771094	-5.988098905618244e-12	-1.5544510123532973e-13	False	False
167	8.928940176773693	0.029514696408991972	2.215114370110884	7.363866474576161	0.8480603674037106	7.173532455786634	-0.2853167434157919	0.6697980781754506	1.137110835666466	0.23352458534993784	9.083057800548913	0.031155935193880057	8.928940176762897	0.02951469639531165	8.928940176762898	-1.0796696869874722e-11	-1.3680320765097065e-11	False	False
168	8.929035860424486	0.03404939605772195	2.8898987406688272	8.523443976927354	0.7868789901793825	6.983510391974926	-0.3732207464194337	0.6214770264436762	5.071092048682882e-14	1.0414329287839009e-14	8.940100513483701	0.034141664282937655	8.929035860384166	0.034049396058084866	20.27283799789305	-4.0319747540706885e-11	3.6291802896215586e-13	False	False
170	8.928965615458967	0.016583627151611727	1.9464887475621366	8.111918611482919	0.7897639428683285	7.098137570013125	-0.45586348409403876	0.6237555620774058	0.08905943800768171	0.0520610112871095	8.95828429552846	0.016705981802434787	8.928965615507103	0.016583627154993383	14.38891988728718	4.813571763406799e-11	3.38165606628138e-12	False	False
171	8.928770656977468	0.03186581059253023	1.8209283603839315	7.773836523711528	0.8117062420690095	6.620994504104926	-0.3303326474906959	0.6410855899861037	0.03595855810406448	0.021020106809593986	8.992843488500057	0.032385575591397084	8.928770656996937	0.031865810589542465	10.653418238347276	1.9468870959826745e-11	-2.9877628149321822e-12	False	False
173	8.928901696361821	0.016469429802629332	1.9230833610547926	8.079596268836172	0.8334760750584931	6.348939185727399	-0.38789447874910876	0.6582794040811978	0.7999256572389328	0.2968866402552261	8.96176307126496	0.01660876158501834	8.928902146001331	0.016469431402975018	12.71508978561178	4.496395096253991e-07	1.6003456858315612e-09	False	False
175	8.928989286768617	0.02653649427912544	2.428939735831108	7.382713944568124	0.8703984338039553	4.647687636735692	-0.3799528340489332	0.6874406830183639	1.1607780854355476	0.18063118638459214	9.016283589510907	0.0274281234239602	8.928989286790053	0.02653649426946641	8.928989286790053	2.1435297981042822e-11	-9.659030519859613e-12	False	False
176	8.929007946806625	0.01739097301669816	2.3930536763544548	7.2697817266194225	0.8642557201619732	6.08589799297038	-0.3252421896576279	0.6825891677839263	1.3356977783641386	0.20785081781299258	9.061370735753197	0.01845257698788624	8.929007947540224	0.017390973106224453	8.929007947540226	7.335998475355154e-10	8.95262926292606e-11	False	False
177	8.928945968644527	0.02429950370052756	2.0797143866316103	8.042126789903563	0.8117062420690095	6.620994504104926	-0.3303326474906959	0.6410855899861037	0.962512561992263	0.14977865981808228	8.963289315795494	0.024512961906796055	8.92894596867373	0.02429950370093288	13.154308366631659	2.920330643974012e-11	4.0532160960893293e-13	False	False
178	8.929024337541817	0.01941510822804104	3.1132180352618755	7.795421150980434	0.8560945215468587	6.052818921146173	-0.27186255708066986	0.676143453117709	3.9852834129314454	0.6201585643189799	8.992935231020406	0.0197361713399397	8.929024338225112	0.019415108237159553	9.822154771274548	6.832951982005397e-10	9.118511501426951e-12	False	False
179	8.929007164251995	0.02125240065665642	2.161155441337588	7.706949160412166	0.8362314258739653	5.014401311391898	-0.35092805158177454	0.6604555801552577	3.7596911633463193	0.5850536668428697	8.985378039981493	0.02156622052801112	8.92900716424206	0.021252400658358553	9.86421448476159	-9.935163802765601e-12	1.7021314913101548e-12	False	False
180	8.928933260620992	0.011577258632101597	1.0192537707241098	7.48501958604491	0.8562185686264455	5.681006126087495	-0.3090671069242794	0.6762414255011666	0.5385540818519118	0.08380556452413922	9.034270975573701	0.01194849048650492	8.928933260626446	0.01157725863542339	8.928933260626446	5.453415496958769e-12	3.3217924938488963e-12	False	False
181	8.928967949386935	0.010601707756759057	3.142672708227207	8.459930847407854	0.8769245123082028	6.604864393519415	0.032965594287023	0.6925949798210185	0.0001887439757278427	2.937085794988323e-05	8.944826798395159	0.01064496117703856	8.928967963095577	0.010601723307241111	16.403567601902694	1.3708641333209926e-08	1.5550482054815795e-08	False	False
182	8.92893731966555	0.03187096788425114	2.490554870702604	8.465491543143877	0.8396004319130597	5.0566577987144115	-0.3121076575684797	0.6631164211249345	1.0638141863537617e-07	1.6554242450376545e-08	8.939019579146828	0.03195327439555675	8.928937319662648	0.031870967884426234	17.754456106513413	-2.9025670755800093e-12	1.75096048771195e-13	False	False
183	8.928976756785087	-0.00691880930962642	2.1775710325425646	7.330793858380899	0.8496014244568286	5.496421726035855	-0.3872589239230002	0.6710152050360032	1.0638141863537617e-07	1.6554242450376545e-08	8.939019579146828	0.03195327439555675	8.928937319662648	0.031870967884426234	17.754456106513413	-2.9025670755800093e-12	1.75096048771195e-13	False	False
184	8.928877406573624	0.03449250490394779	1.9093944472696378	8.686540486374426	0.779940561491309	6.3378132866534695	-0.4258305077448408	0.6159970554658358	2.2035257052707055e-26	3.428953969463038e-27	8.935406306170098	0.034547925683750126	8.928877406571244	0.03449250490338268	23.618167432396447	-2.3803181647963356e-12	-5.651104584281086e-13	False	False
185	8.928907962026775	0.021312205515267295	3.067839143057105	8.553794363420538	0.8877888773668874	5.169293425069121	-0.2627348355730711	0.7011756553443677	7.1767366478970594e-06	1.1167874991308201e-06	8.939123090574695	0.021369298361705275	8.928907962027216	0.02131220551535465	16.877429375874247	4.405364961712621e-13	8.73537353562881e-14	False	False
186	8.92911163673351	0.0073679578304461195	2.0186915153883955	8.546063624711648	0.8885790832121188	6.679408053139822	-0.16939629566650477	0.7017997599209314	3.4117242209601624e-05	5.309057789610559e-06	8.943932884182605	0.0073959262667584	8.929111636702812	0.007367957830397847	16.26875377455384	-3.069722254167573e-11	-4.827215016600661e-14	False	False
187	8.92913998237088	0.02420941839609933	2.6043390730684775	7.472612776090644	0.8084448355817023	5.69690048279728	-0.5277539955931685	0.6385097311424285	0.26975142956031734	0.04197660290264443	9.0295339210861	0.024850202841561742	8.929139982380768	0.024209418397542235	8.929139982380772	9.887202168101794e-12	1.4429048234010367e-12	False	False
188	8.92900002471376	0.016202652678883715	2.7155331279296533	7.291902973582932	0.7975366943782879	5.404400071922766	-0.46475917071197537	0.6298944812199717	1.2311327202698579	0.19157922315167825	9.044966370241966	0.016789318440738613	8.92900002473094	0.016202652676113885	8.929000024730941	1.7179146993839822e-11	-2.769829504645216e-12	False	False
189	8.928925341718948	0.018321513337277308	2.600079901823653	7.402463841762457	0.7972951895149513	5.985585399991671	-0.3445981360447203	0.6297037406789084	0.8138919612488927	0.12665148695851475	9.046739238402266	0.01889876169051447	8.928925499270862	0.018321733916468238	8.928925499270866	1.5755191462574203e-07	2.2057919093002032e-07	False	False
190	8.928893338095936	0.03282554481158901	2.016697927992527	7.598766618585557	0.9111957947859095	4.932783636300757	-0.10987093955586102	0.7196624387219113	0.3626699096395755	0.056435848390098485	9.008184327530383	0.033646719453497	8.928893338054078	0.032825544811704285	8.928893338054078	-4.18580725636275e-11	1.1527584442561079e-13	False	False
191	8.928912098927409	0.0066331211617031965	1.8808460401427343	7.305042803428828	0.767274597386856	4.382994668343589	-0.6788247349477231	0.6059934770161388	0.43419752416269786	0.06756641506143901	9.014910489803833	0.0067857565208786575	8.928912098942318	0.006633121160417123	8.92891209894232	1.4908962953086302e-11	-1.2860736781084015e-12	False	False
192	8.92901097540908	0.015200681269596996	3.051459008919524	7.388056924013289	0.8117062420690095	6.620994504104926	-0.3303326474906959	0.6410855899861037	1.3361518562421053	0.2079214778528721	9.064903500030667	0.015799916186415106	8.929010971916703	0.015200680874615048	8.929010971916703	-3.4923761660365926e-09	-3.949819481902095e-10	False	False
193	8.92890390515162	0.02677263022657365	3.508009821113502	7.836743872264752	0.8733491643664628	5.611256492789772	-0.18906294936859552	0.6897711700166322	1.9387968054862625	0.3017003607560665	8.984604102974679	0.027160944880977603	8.928903905179478	0.026772630225202005	9.953698872488715	2.7858604312314128e-11	-1.3716458524548614e-12	False	False
194	8.928930122251192	0.025502436252677056	2.3661489888624634	7.995337801751924	0.8409519439343688	4.91756360439081	-0.3868357341528601	0.6641838453193645	2.0393520760420913	0.3173479837131348	8.95779809408058	0.02569610874631582	8.928930122201201	0.025502436252921076	12.178960338213523	-4.999023417440185e-11	2.440200819187055e-13	False	False
196	8.929039105261795	0.01849003548606827	2.5173330897022352	7.228981024665552	0.8567333291288338	5.435576039069022	-0.2812095451515886	0.6766479833459529	1.1294971723289489	0.37585948757669785	9.045919531885586	0.01951476316027052	8.929039105297687	0.018490035487392014	8.929039105297688	3.589128994008206e-11	1.3237431983892378e-12	False	False
197	8.929025463999904	0.004361378400475565	3.5767097656433324	7.104808397380356	0.8444486495357362	5.7552612338556495	-0.20869348270280652	0.6669455434033243	0.3187864065251611	0.10608162493749786	9.053532547295069	0.004690442085031891	8.929025463943276	0.004361378399104208	8.929025463943278	-5.6628479683240585e-11	-1.3713570209961112e-12	False	False
198	8.9291048693291	0.0179779102089769	3.392901636590715	7.867673843438224	0.8117876071783761	6.1390110565856935	-0.4393761479708223	0.6411498521494814	2.1332066140630643	0.709860958043601	8.97529888603107	0.01819191372083518	8.929104869326638	0.017977910208755315	11.46149181496426	-2.462030579408747e-12	-2.2158663792737343e-13	False	False
199	8.92901337739892	0.02618124768784661	1.6693834844678976	8.291860762277052	0.8454950401232021	6.134992306985809	-0.18547829814195013	0.6677719826893049	0.012569420069815658	0.004182689343821822	8.948873031527073	0.026313970092324807	8.929013377410806	0.02618124768968908	15.121171075652017	1.1885603612427076e-11	1.8424706205166785e-12	False	False
201	8.929161188585812	0.03607127668529097	3.5679545300757014	8.309935880102628	0.7812532927530251	6.51541135644189	-0.5155713073531433	0.6170338506163392	8.104426728677215e-08	5.356035686214598e-08	8.945236428323623	0.03621483986196578	8.92916118814247	0.03607127672669874	17.36064628379349	-4.433431399775145e-10	4.140777304373344e-11	False	False
202	8.92906661137866	0.036589463065834466	3.6429323853979994	7.327299855749536	0.7814360244426266	5.89274449934674	-0.5916475363044528	0.6171781721047864	0.4649800209677577	0.3072949721252656	9.052761099673798	0.037838393100487956	8.929066746194348	0.03658946122208192	8.929066746194348	1.3481568750250972e-07	-1.8437525464709559e-09	False	False
204	8.929063255494269	0.0525203960886375	3.516045728537811	7.954308329289464	0.8830270000875616	5.857028538230788	-0.10265033720234373	0.6974147246691561	0.06212120217689817	0.045027996287481976	8.976620591983675	0.05315886764364203	8.929063255492183	0.05252039608941909	10.68891780510619	-2.085442929455894e-12	7.815900704422063e-13	False	False
205	8.929134909462519	0.03478760974781089	2.5987171692558766	8.048287289748599	0.8590932024084005	5.922412909899708	-0.15621157622492154	0.6785118112621547	0.4090297984228938	0.2964815811582093	8.964115808285712	0.03510170117624903	8.929134909469045	0.03478760974759319	12.15275181026975	6.52633502795652e-12	-2.1769391844728148e-13	False	False
206	8.929077366547018	0.029752661864857477	3.159269449822747	8.123397965979569	0.8191947326145191	7.342264514800614	-0.2815694463655378	0.6469999998189472	0.35316665064490654	0.25598967947879037	8.962772172274105	0.03000573366340683	8.929077366559518	0.029752661865556248	13.559819687858825	1.2500223078859563e-11	6.987709022521216e-13	False	False
208	8.928914836176173	0.012613133131275555	3.5132628944040687	7.277131273225448	0.8524353063140715	5.646716650075277	-0.4619189563528274	0.6732534049268536	0.4885755388116344	0.3930311217862266	9.050035642524485	0.013264837115099298	8.92891483519508	0.012613133337632193	8.928914835195082	-9.810925405417947e-10	2.0635663837420548e-10	False	False
209	8.929022063850399	0.04926857226430273	3.3910664991974158	7.4354029316023755	0.8292183517832845	3.74766847722489	-0.6024941128205008	0.654916654238438	0.04871512162629814	0.0391885335629097	8.929022063850399	0.04926857226430273	8.864186025724758	0.048344949881076564	8.86418602572476	-0.06483603812564098	-0.000923622383226165	False	False
212	8.92908237952121	0.03318007729097416	3.260598420024016	8.182145387354888	0.8453848151479315	5.97926613867742	-0.31157137137251967	0.6676849270038363	0.13530858920631048	0.07120733639846827	8.954132069300101	0.033392896132283086	8.92908237945624	0.03318007729553488	13.634551533885002	-6.497025140106416e-11	4.5607198573272e-12	False	False
213	8.929040031729851	0.050291346473489484	3.2098328400603022	8.93985256515264	0.7856145828107249	5.608117730616481	-0.49511178837411446	0.6204783975039105	9.523529869050264e-47	5.011841443800196e-47	8.932245432013726	0.05033103725131546	8.929040031802474	0.050291346472795546	27.764771080633786	7.262279666520044e-11	-6.939379626480502e-13	False	False
214	8.929040310378033	0.02881517087769197	3.0000079463916163	7.208269484904644	0.8117639745758204	4.941018948699784	-0.3152869647674739	0.6411311871199828	0.8910176700795907	0.46890589387194503	9.043300200371824	0.030030569523045697	8.929040310360636	0.0288151708780515	8.929040310360637	-1.7397638885086053e-11	3.5953184873704913e-13	False	False
215	8.928909250222958	0.015592371892481433	3.6070381202688218	8.565559357771802	0.8117639745758204	4.941018948699784	-0.3152869647674739	0.6411311871199828	4.623431304627548e-15	2.4331214312037825e-15	8.93575594052519	0.015619736443173535	8.92890925022117	0.015592371892646738	20.550057305559417	-1.787014980436652e-12	1.653052694727819e-13	False	False
216	8.929060136144772	0.040060721036883226	3.3976024858427647	7.235216774796265	0.8515084028334542	4.852707443800424	-0.31084801094152836	0.6725213365578621	0.18242679475842183	0.09600370692396105	9.03367743840247	0.041915931359768566	8.929060138587584	0.04006072462675503	8.929060138587586	2.442812174763276e-09	3.5898718026006193e-09	False	False
217	8.929061234778713	0.04366651119098516	3.0802192652243257	8.814741065581945	0.7732932382426636	5.695004425513473	-0.6743948823330562	0.6107469995640556	1.284366254734524e-38	6.759090497963505e-39	8.933077133757914	0.043709775928826765	8.929061234782754	0.043666511190969794	26.351065319297128	4.04121180963557e-12	-1.536964999715451e-14	False	False
218	8.929034756698114	0.014760210470091049	3.551769554723143	7.1710017388813	0.8117062420690095	6.620994504104926	-0.3303326474906959	0.6410855899861037	1.1720996678892226	0.6168277700143838	9.09211457177247	0.015742087716421802	8.929034756661359	0.014760210467460136	8.929034756661359	-3.675459936403058e-11	-2.6309128486889932e-12	False	False
223	8.929087219053569	-0.003579011583937643	2.4982915294666235	6.330303394283119	0.846130199747842	5.9749417065741435	-0.2908040210129138	0.6682736317608455	0.6413778560416636	0.4335617594880485	9.043448739372277	0.012633583556304348	8.92896028105289	0.010675527642776982	8.92896028105289	9.937206613130911e-10	4.851405735473158e-12	False	False
224	8.928721853552657	0.019188047339599647	2.1749196708465495	7.277565613371778	0.8334760750584931	6.348939185727399	-0.38789447874910876	0.6582794040811978	0.0012230300974754474	0.0019068792069366358	9.071934190083557	0.020239134231433795	8.928721853597143	0.019188047345839333	8.928721853597144	4.448530432910047e-11	6.239685851339161e-12	False	False
225	8.929013274385557	-0.0062597061690309996	1.7253275706524063	5.772544061432034	0.8537332193637409	5.5768545960911196	-0.3569108902503925	0.6742784966534825	0.0012230300974754474	0.0019068792069366358	9.071934190083557	0.020239134231433795	8.928721853597143	0.019188047345839333	8.928721853597144	4.448530432910047e-11	6.239685851339161e-12	False	False
228	8.929104801777415	0.012398665466949704	3.058175021756349	6.396132195092461	0.8468323329015163	5.371729101568083	-0.38586762736743013	0.6688281765256175	0.30802023471994167	0.429609111947462	8.992270406766515	0.01792651908209328	8.929104799642142	0.012398665658650358	8.929104799642143	-2.13527329151475e-09	1.9170065361506783e-10	False	False
229	8.929126058225803	0.009326518465710894	2.6982768084101076	6.125006517463291	0.8040663386032453	5.356150287373215	-0.2821883125183001	0.635051594228843	0.142465700245954	0.198703059301562	8.970409354895269	0.016518410404943475	8.929126866018374	0.009326522513842061	8.929126866018374	8.077925706118094e-07	4.0481311670836906e-09	False	False
231	8.929092947538823	0.012775326607258108	2.261078059492037	5.6871212523975965	0.8168709939071207	5.788539171474389	-0.5226871710163564	0.6451647109878439	nan	0.6967727996794477	nan	nan	8.929092947538823	0.012775326607258108	nan	nan	nan	False	True
232	8.929285029860035	0.036518755639490696	2.1879969867412603	5.4566300178024205	0.8409519439343688	4.91756360439081	-0.3868357341528601	0.6641838453193645	0.00025921846616253167	0.0005188824532014219	8.968627610541233	0.09730636098253792	8.931295323335545	0.004982745391726151	8.931295323335547	0.0020102934755108492	-0.03153601024776455	False	False
234	8.929102767659352	0.016243320618693373	2.183636606261104	6.1797065081792955	0.9012799692459301	4.722805335894385	-0.22753370957947272	0.7118309197104356	0.4483511582795104	0.3097970994492669	8.92310086264298	0.031033383002015465	8.929106258874121	0.016038543077676028	8.929106258874123	3.491214769724138e-06	-0.00020477754101734524	False	False
235	8.929160021811592	0.022601718469353292	2.240626580745706	6.538767101998798	0.8396004319130597	5.0566577987144115	-0.3121076575684797	0.6631164211249345	0.12412490763677432	0.08576655963785466	9.007304281216292	0.028633576097936753	8.929160021442287	0.022601718403302086	8.929160021442287	-3.6930458691131207e-10	-6.605120617120264e-11	False	False
236	8.929138795438133	0.03396791978795741	2.186837424094176	6.259323466869675	0.8898312308589013	4.431338334447357	-0.17446403398757895	0.7027887061323602	0.12504048387996852	0.08639919514961437	8.949325639138477	0.05482450734520551	8.9291387979982	0.03396791825611524	8.929138797998203	2.560067713375247e-09	-1.5318421670018623e-09	False	False	False
237	8.929065320961643	0.027697815516373625	2.645070386198137	6.581809609595661	0.8739760186367127	6.209544520548187	-0.10382539397072094	0.6902662595192757	1.3443860525674565	0.928930129730594	9.028520010393624	0.037821425374399704	8.92906532175561	0.02769781586874369	8.929065321755612	7.939675583656935e-10	3.523700636831606e-10	False	False	False
238	8.929265273299784	0.012184148724031573	1.9812869761767755	6.872448994269295	0.9153361680053675	4.76471440187374	-0.24601791735478562	0.7229325054906393	0.0013009585003338536	0.0008989230036872965	8.996159489096698	0.01401697479959562	8.929265273224901	0.012184148731723908	8.929265273224901	-7.488232256491756e-11	7.692334616504759e-12	False	False	False
240	8.929178593337268	0.012914662131704254	0.6204947377843125	6.460777817996664	0.9125142057119418	4.762464644228341	-0.18993130947802978	0.7207037196712915	0.05261026140107245	0.03697540708147214	8.99096333997819	0.018907412037724263	8.92917859326638	0.01291466215256068	8.929178593266382	-7.08872960331064e-11	2.085642596127979e-11	False	False	False
242	8.929035830422096	0.001982045366424743	1.7064329135572383	7.249740013565246	0.8396779453641087	5.909442848429304	-0.28868163581251116	0.663177641248573	0.17674844333422846	0.3204401453417644	9.064063313098755	0.002089520673799152	8.929035830473206	0.0019820453667316455	8.929035830473207	5.1109338983224006e-11	3.069025068802578e-13	False	False	False
244	8.929126279163361	0.018507908118714236	2.5963765702681516	7.554343217160392	0.9216784244455561	3.9898544902917394	-0.11876018211412911	0.7279416196271002	0.3615050117349147	0.6733992556632028	8.990333876454551	0.018914675281022118	8.92912627924543	0.0185079081245175	8.929126279245432	8.206946233713097e-11	5.8032641192529155e-12	False	False	False
247	8.928981536937474	0.004718320244463635	2.290164254322653	5.673057989091967	0.825231919037225	3.7874040444005637	-0.4641750540096753	0.6517681696556002	0.33336619277833607	0.29141201755357654	8.830964304135982	0.016141169947880635	8.928981535982587	0.004718320255062976	8.928981535982588	-9.548877244469622e-10	1.0599340849459793e-11	False	False	False
248	8.929080770428495	0.010804838465704488	2.03638085898272	6.760492151364986	0.8716954617395148	3.855504085978011	-0.355752580314243	0.6884650756818688	0.3856737947090966	0.3371367015264585	8.979663596959075	0.012131061787038487	8.929080771608259	0.010804838306863757	8.929080771608259	1.1797638421739975e-09	-1.588407304992101e-10	False	False	False
249	8.92885772527771	0.014659725118097705	1.8587622923121234	6.2894738646144965	0.8666605209125964	4.34840692338249	-0.25896683092355466	0.6844884794167686	0.15677508183643432	0.13704491904030686	8.948039904830638	0.02182354390620495	8.928857722986244	0.014659727281457572	8.928857722986246	-2.2914665720463745e-09	2.163359866247383e-09	False	False	False
251	8.929013020495855	0.003265568640656886	1.7736409061173861	4.991672735237332	0.8509725871032067	4.384565199380243	-0.46379979108094016	0.6720981492941126	0.0	0.0	8.871159986756592	0.0027486805856011907	8.92901291131481	8.133938410865385e-07	8.92901291131481	-1.0918104464963108e-07	-0.0032647552468157994	False	False	False
253	8.928865039774132	0.02394512345026383	2.0337173599246814	4.886344710964198	0.8652016795878061	2.7415203971515893	-0.3278538584963884	0.6833362865384492	nan	0.5822488882600525	nan	nan	8.928865039774132	0.02394512345026383	nan	nan	nan	False	True	False
254	8.92888837638614	0.0032124171062540502	1.6011766023469367	6.0922907573731475	0.9008754433130557	0.9799981002687597	-0.28183398265753107	0.7115114251286513	0.052414959446070185	0.1652652069804615	8.820727773962599	0.0036320575414793403	8.928888375942524	0.0032124170999252937	8.928888375942526	-4.4361669893078215e-10	-6.328756529255797e-12	False	False	False
255	8.928890895902569	0.02128076695823963	1.8836424642010314	5.2053207187980854	0.8323329026787886	1.5950865703378567	-0.2620296293595917	0.6573765265357072	nan	0.1652652069804615	nan	nan	8.928890895902569	0.02128076695823963	inf	nan	nan	False	False	True
258	8.929187734325032	-0.002636000747969761	2.6641381631862857	6.129423153699352	0.9041016544750972	0.7659617767934093	-0.26660739411542167	0.7140594867044316	0.20481590821191112	1.1380598361167547	8.703443011237745	0.008310377408516053	8.92906736392522	0.004737398284765095	8.92906736392522	-1.0473574556968401e-05	-0.002827327477283514	False	False	False
259	8.929060141651275	0.020390453648057468	2.0212343322779724	4.605515197316367	0.9816746033829349	0.6433249334937712	0.031093470238919674	0.7753266017518419	0.0	0.0	8.715783471757808	0.023019187733742594	8.929070406231068	0.0002576413457672192	8.92907040623107	1.0264579792362838e-05	-0.02013281230229025	False	False	False
262	8.92892824981462	0.014883093595939005	1.3994339826646585	5.357162535012727	1.0523446074974816	0.7482477762129931	-0.011688984685320758	0.8311417710015109	0.6005865964230227	0.6398894598380651	8.792593646860816	0.023420682533764885	8.928961715379215	0.007437599769810155	8.928961715379218	3.346556459504768e-05	-0.007445493826128849	False	False	False
264	8.92903418714847	0.03499696375743733	1.8352245715721334	5.983493652997315	0.8791288453252631	1.915637715729486	-0.36012370884548284	0.6943359620378928	0.44088602241746483	0.5044711587121218	8.841000029351422	0.048943714570576856	8.929034187253666	0.034996963621204934	8.92903418725367	1.0519585202928283e-10	-1.3623239342175353e-10	False	False	False
265	8.929107512079447	-0.003014798826042709	1.2176023315362174	5.252856402019878	0.953151330456731	1.3087987555609044	-0.2957657822430835	0.7527989207947261	0.44088602241746483	0.5044711587121218	8.841000029351422	0.048943714570576856	8.929034187253666	0.034996963621204934	8.92903418725367	1.0519585202928283e-10	-1.3623239342175353e-10	False	False	False
266	8.928904807282146	0.010008544331256607	1.4941295038485174	4.963308525566846	1.0141166521188678	0.8966404347420038	0.12578488120360798	0.8009493318434817	0.0	0.0	8.773833141644994	0.0114645626451245	8.928912664534701	0.0006163073611072327	8.928912664534705	7.85725255525449e-06	-0.009392236970149374	False	False	False
268	8.929194325661191	0.0347737908160118	2.0135370560428343	4.780594017902683	0.9847084047695283	0.2123543587721542	-0.14044564702069096	0.7777226980869734	0.0	0.0	8.728114473865697	0.0359708563508017	8.929234653466594	0.01099746828196053	8.929234653466597	4.032780540264014e-05	-0.02377632253405127	False	False	False
269	8.929093993161368	0.03925275651575508	1.1821912933984238	4.9176936102251245	0.9290680513593189	1.5861247653972648	-0.22065898668101605	0.73377794696359	0.0	0.0	8.86511682162401	0.039686197727163995	8.9291419104694	0.00046374040725862285	8.929141910469403	4.791730803255234e-05	-0.03878901610849646	False	False	False
270	8.929153471296237	0.022872916570856362	1.6726562490779293	5.821731935487891	0.9826568588722878	0.7609447571706689	0.05689744473911053	0.7761023871373328	0.1711262925923399	0.25359012619271615	8.760409600213418	0.029813944169342924	8.929153474206744	0.022872916519727834	8.929153474206744	2.9105073906521284e-09	-5.112852849431526e-11	False	False	False
271	8.929012218532888	0.03502297057259743	1.318206106013594	4.726027367790039	0.8978399972594028	1.0583629619000812	-0.31404329471451614	0.7091140298354762	nan	0.25359012619271615	nan	nan	8.929012218532888	0.03502297057259743	inf	nan	nan	False	False	True
273	8.929007376221135	0.029901573518756313	2.3249624285483805	3.936817266829383	0.8945466627762151	3.873071920724196	-0.19513271890293618	0.7065129542606546	0.0	0.0	8.78152296921902	0.028783576724501977	8.92900797264959	9.979413541688577e-09	8.92900797264959	5.964284550685761e-07	-0.02990156353934277	False	False	False
278	8.928875593038583	0.00908991422465873	1.8385275394317078	5.242021942146147	0.9008754433130557	0.9799981002687597	-0.28183398265753107	0.7115114251286513	0.10078029215177463	0.09878129271987697	8.765711931281267	0.017683424200718927	8.928876301336471	0.005581880221179692	8.928876301336473	7.08297887896947e-07	-0.0035080340034790384	False	False	False
280	8.9291130517157	0.0318440428231744	2.089387344002346	5.998040057559162	0.8951735736516065	0.8527862145936417	-0.4128895474019707	0.7070080884700388	0.23776777489532627	0.2345080534860095	8.793405562963205	0.03607980692464815	8.929113048496445	0.03184404281021593	8.929113048496447	-3.2192541965514465e-09	-1.2958467632273596e-11	False	False	False
282	8.929104361308253	0.030254285499313627	3.577225518497965	6.308406004158105	0.8677407297953794	1.150260441360098	-0.39226081416946285	0.6853416283923907	0.29894829324542416	0.5299535799555574	8.853804840619922	0.03240880891206076	8.92910435931504	0.030254285511937304	8.929104359315042	-1.9932127059973936e-09	1.2623676409750928e-11	False	False	False
283	8.929170984751817	0.05340316255428076	3.420939857811991	7.099570407904876	0.9505356816505327	0.4535826745752226	-0.15982292623709043	0.7507330813675906	0.0005300190765477058	0.0009395788951054487	8.89972456006902	0.05335635738885926	8.929170984757516	0.05340316254203691	8.929170984757516	5.6985527407960035e-12	-1.2243844826897998e-11	False	False	False
285	8.929127094167766	0.04580007710648806	3.532321903624555	6.844187315107729	0.9158005588448034	1.1523786999395136	-0.31829009114488827	0.7232992813756257	0.013253180320555327	0.041973118354498	8.90404575591274	0.04677154619331654	8.929127094112523	0.045800077164538044	8.929127094112523	-5.524292134850839e-11	5.804998148839502e-11	False	False	False
286	8.929193536698861	0.022718154506455403	4.11570714926498	6.609160261188172	0.8831105420187244	3.537895072312179	-0.22699443627760285	0.6974807060863885	0.042741945286653524	0.13536469623338035	8.950603090095822	0.02646733117037342	8.929193536471338	0.022718154503483103	8.92919353647134	-2.2752288941774168e-10	-2.972299489867325e-12	False	False	False
287	8.92885688273575	0.01827329136563129	4.610855475406807	6.588648584556755	0.9080649797621554	1.8914996917493667	-0.3804436819952528	0.7171897210161503	0.0	0.0	8.893602769242746	0.019766963883146593	8.928856883161805	0.018273291390571995	8.928856883161805	4.2605385885963187e-10	2.4940705750653436e-11	False	False	False
288	8.929244946067582	0.021222679984625955	4.658522838481163	6.322722093918691	0.980637164331887	0.14916039657521196	-0.14705679319708004	0.7745072323893243	0.0	0.0	8.823124581492431	0.020859758586600705	8.929244946888428	0.02122267998322758	2.28321499736052	8.208456137026587e-10	-1.398374471772712e-12	False	False	False
291	8.928797728997656	0.006468567885747446	4.777247763577135	7.263305895480807	0.8837594195807525	1.4525962218723716	-0.19259650387812238	0.6979931895848783	0.0	0.0	8.937349144723726	0.006528303665520959	8.928797727388732	0.006468567869323077	8.928797727388734	-1.6089245491457405e-09	-1.6424368809442313e-11	False	False	False
293	8.929063942938237	0.02060334996887008	4.497299044936858	6.325254550003722	0.916914510119206	2.993002851494273	-0.3608663816195525	0.7241790800921488	0.0	0.0	8.876547665351053	0.02739161036514322	8.92906411373212	0.020632077387944762	8.92906411373212	1.7079388214824576e-07	2.8727419074680433e-05	False	False	False
294	8.929162862718984	0.018257575190882943	3.586800788305649	8.404460066168786	0.8905129747211338	2.609127690989959	-0.2581728384476568	0.7033271474347514	0.0001512908396568944	0.00014339817321512043	8.93416413160881	0.018285603303788582	8.929162862716721	0.018257575190945972	15.60838067166211	-2.263078613395919e-12	6.302944277614131e-14	False	False	False
295	8.929154605295079	0.02329592434866374	4.483135846212041	7.157767808884084	0.8922628660944769	4.317307123114702	-0.26871532387126174	0.7047092116414179	0.14416575053578318	0.13664479167345273	9.00353723266733	0.02462774341198595	8.929154605260555	0.023295924345932948	8.929154605260557	-3.452349517374387e-11	-2.730791287541834e-12	False	False	False
297	8.92893417148931	0.035998115855556845	4.958812029504159	5.40255370632855	0.9120992574602561	4.083139052971164	-0.2089899640154117	0.7203759935421102	nan	0.8562499656611472	nan	nan	8.92893417148931	0.035998115855556845	nan	nan	nan	False	True	False
300	8.928893405075717	0.005138104035963912	2.7853694355534317	6.818895796105107	0.8865622955244113	4.053088364368075	-0.37740960054468875	0.70020690100518	0.11185174318028393	0.4223527390346571	8.98144172408519	0.005760234355572424	8.928893404434673	0.0051381040220571435	8.928893404434671	-6.410445507754048e-10	-1.3906768098204125e-11	False	False	False
303	8.928861359960656	0.025851564782902188	1.7910436805873668	8.280619693151095	0.8382723265585175	5.627617393351331	-0.4411456739240611	0.662067483515917	0.0031708688763138954	0.007551919636542526	8.946933002352107	0.025971434108609852	8.92886135995975	0.025851564783508734	14.919883996792526	-9.059419880941277e-13	6.065460633752906e-13	False	False	False
304	8.928913557348164	0.03419127711046793	2.28646113377975	9.105981666078112	0.8167488996270261	4.177492954454806	-0.3921062593424515	0.6450682809254252	1.589747226746471e-43	3.786231398115126e-43	8.930542765005947	0.03420574043358207	8.92891355735305	0.034191277110098575	27.366197364234846	4.886757665190089e-12	-3.6935732250498177e-13	False	False	False
305	8.928813571617386	0.04691021552447383	2.173617008637209	8.083498030757776	0.9142516692925835	4.054781024227223	-0.15658874448380194	0.7220759684072824	0.011593715764200301	0.02761224546186171	8.952736033559214	0.047212898140330986	8.928813555891843	0.04691021553574674	11.436350415433576	-1.572554353401756e-08	1.1272906219605972e-11	False	False	False
306	8.928830806903333	0.027958874089357745	2.0612119708535466	8.479421107851728	0.9737866864410152	4.103329850428092	-0.08826538010690113	0.7690967249511137	0.03350225601654249	0.07979085700128971	8.940666242229057	0.028050323656002945	8.928830806917926	0.027958874089573975	13.664608190921378	1.4592771435673058e-11	2.1622981183355705e-13	False	False	False
307	8.928797765842441	0.0469105595890399	2.3744814806240826	7.79158380363177	0.8396004319130597	5.0566577987144115	-0.3121076575684797	0.6631164211249345	0.005578215770911526	0.01328539238310898	8.977388372828061	0.04749933464582084	8.928797765900974	0.046910559589607846	10.437185760892577	5.853273421507765e-11	5.679484660348066e-13	False	False	False
313	8.929150377609634	0.02410194765780786	-0.015398851976968442	6.56232045188091	0.8642557201619732	6.08589799297038	-0.3252421896576279	0.6825891677839263	0.0	0.0	9.107161375599514	0.033766743970904324	8.929150377700477	0.0241019476581686	8.929150377700479	9.084288876692881e-11	3.6074268572328094e-13	False	False	False
315	8.928972711121764	0.05162776769325364	0.23375276667188682	5.758748582194194	0.8824307833515502	5.745648322159305	-0.25478718521431815	0.6969438326910543	nan	1.2926585292577253	nan	nan	8.928972711121764	0.05162776769325364	nan	nan	nan	False	True	False
316	8.929076857145409	0.04236471115935907	0.8635700669726518	6.238221353556921	0.8117876071783761	6.1390110565856935	-0.4393761479708223	0.6411498521494814	0.11355594145359174	0.1461093078717989	9.084256930298432	0.07414455123730558	8.929076858328543	0.04236471130447232	8.929076858328544	1.1831335910983398e-09	1.4511325474586556e-10	False	False	False
