Iteration_step	Porb	eccentricity	Wdisk	logQ	primary_mass	age	feh	secondary_mass	posterior_probability	acceptance_ratio	inital_orbital_period	initial_eccentricity	current_orbital_period	current_eccentricity	current_spin	delta_e	delta_p	bad_solution_flag	gsl_flag	
2	5.078008412525028	0.02871951940460078	4.698597765870829	7.500981724687864	0.9992667781642073	5.127684197206414	-0.4242231234198349	0.9168272689656601	nan	0.0	nan	nan	5.078008412525028	0.02871951940460078	nan	nan	nan	False	True
3	5.077985426960795	0.03623637066997248	4.083467995628492	8.67289590993733	0.9295776247396763	5.1310753644159535	-0.43701363538124194	0.852887470698653	1.7885528967417994e-06	2.6171074975061577e-08	5.163235894062358	0.037618627616052905	5.077985426893015	0.03623637097628739	6.749424465093379	-6.777955974257566e-11	3.0631491093613405e-10	False	False
4	5.077998159319518	0.019201568484176555	4.615115283259424	7.369919997551821	0.9749307597070392	4.305784526205457	-0.4109079431496021	0.8944989720312085	0.0	0.0	5.259992491952612	0.04088795564066215	5.077998159332952	0.019201568516247602	5.077998159332952	1.3434586776384094e-11	3.2071047206816417e-11	False	False
5	5.077993766512147	0.0284600997857034	4.130228084797029	8.343033750151562	1.0858126619560613	4.294573808556811	-0.2438863462922457	0.9962331173446862	54.02138629367822	0.7904701915856819	5.261380274098994	0.0327426916608225	5.077993779850399	0.028460099884592204	5.077993779850398	1.333825139226974e-08	9.888880339592454e-11	False	False
6	5.078000631832977	0.025079803465272013	3.7785603563298733	9.429054932022716	1.1334674016769388	4.133188135194603	-0.08357703507285022	1.0399563410385912	5.849788880805589e-18	8.55972801624921e-20	5.105811993182332	0.025404576204736455	5.078000631868579	0.025079803484327836	7.789346718855732	3.560174377525982e-11	1.905582289185581e-11	False	False
7	5.078003240287344	0.04816324724544154	4.049656839498626	9.373420054614197	1.0044267745238433	4.5045480060390926	-0.28367224102703625	0.9215615656256262	4.576748132395813e-62	6.69694582324648e-64	5.0985964749033466	0.04859505384987263	5.07800389296741	0.04816482180145638	10.012517296466774	6.526800664374832e-07	1.574556014835582e-06	False	False
8	5.078015992813279	0.02410748841646508	3.739684560508698	7.776925957420774	1.1101754975837084	5.5091444824286455	-0.17960175711210186	1.0185860190330525	16.390276754767353	0.23983140928761132	5.302622015675576	0.06179744972606772	5.077033648960793	0.022103858614278098	5.077033648960794	-0.0009823438524865225	-0.0020036298021869833	False	False
9	5.0779926566819	0.026807154892597752	3.439824423737368	7.7885922181223375	1.160885537675041	4.271991780204735	-0.20941545786480276	1.0651124808168502	nan	0.23983140928761132	nan	nan	5.0779926566819	0.026807154892597752	nan	nan	nan	False	True
10	5.078021313599813	0.03001710382447823	4.415160442654191	7.6668056264623665	1.194472225882483	3.95631731672567	-0.2658086173913819	1.095928267247178	nan	0.23983140928761132	nan	nan	5.078021313599813	0.03001710382447823	nan	nan	nan	False	True
11	5.077994213616613	0.03586343335871956	3.996198342063334	9.195023491593592	1.012062944822131	5.987507724979528	-0.17639901640459404	0.9285677518743052	1.0627372100683855e-18	1.55505466202058e-20	5.126581720979437	0.03656961373173165	5.07797586150423	0.03581102388162062	7.846522849849966	-1.8352112382657992e-05	-5.2409477098940005e-05	False	False
12	5.078030548736168	0.037901378267816005	3.824415682201787	8.093670959685305	1.160885537675041	4.271991780204735	-0.20941545786480276	1.0651124808168502	1.2346945422439413	0.018066719466463932	5.180994289406555	0.048168482709488626	5.077939469860955	0.031260188568521044	5.077939469860956	-9.107887521242475e-05	-0.006641189699294961	False	False
13	5.078009816355407	0.03580066796051824	4.846296895444764	7.807820770715915	0.8827111043994591	4.800431880511315	-0.42078102738103795	0.8098874382865037	0.0	0.0	5.396921262556204	0.04268263360695778	5.078009816433505	0.0358006679725949	5.0780098164335055	7.809752844423201e-11	1.2076659117177257e-11	False	False
15	5.077979441697143	0.03416428952519311	4.663018379428735	7.785425658850645	1.023036808816993	4.096957285544069	-0.36420427116608084	0.9386362720895911	0.0	0.0	5.255484797390803	0.04850664559890163	5.0779764257251605	0.03415310533842897	5.0779764257251605	-3.0159719823785736e-06	-1.1184186764143234e-05	False	False
16	5.078018120047028	0.009145110122357948	4.003322494021857	6.975707390922352	0.8827111043994591	4.800431880511315	-0.42078102738103795	0.8098874382865037	1.1607152931135338	0.016354275536895006	5.324103873871267	0.0324584425045787	5.078018119206991	0.009145110042749269	5.078018119206993	-8.400364848171193e-10	-7.960867902390145e-11	False	False
17	5.077995449801127	0.04992103907436018	3.9533479715776036	7.624995248584194	1.1229728013606783	3.9272108409668016	-0.07909577893574679	1.0303275452484224	17.241732096528985	0.2429329906419871	5.187449270636682	0.05611341740556059	5.078231046566217	0.026910737757740406	5.078231046566216	0.00023559676509066207	-0.023010301316619772	False	False
18	5.078012813238381	0.02501016463140065	4.6010409146515485	6.532383108003276	1.0246153620154546	4.508134910090345	-0.10253045026902032	0.9400845946491795	0.0	0.0	5.035069182200666	0.020165515746305804	5.0780258729149805	3.012654876255929e-05	5.0780258729149805	1.3059676599702641e-05	-0.02498003808263809	False	False
19	5.0779833465420285	0.04556479532788048	4.7062855674275035	8.426417921028126	1.0839186965858554	4.25053810428003	-0.05674559826280878	0.9944954041175222	0.0	0.0	5.257094402505916	0.05009154201581452	5.077983142803667	0.04556479190000299	5.077983142803668	-2.0373836129294887e-07	-3.427877488804132e-09	False	False
21	5.077980231920379	0.04397879408274635	3.3926493921398437	7.618493605325816	1.0860671270695295	4.9189330652438255	-0.31995238495831396	0.9964665890862933	7.4322793282267545	0.15763293658010558	5.238446875390143	0.04633578106788674	5.078378043434402	0.015005096774640127	5.078378043434402	0.00039781151402262793	-0.028973697308106228	False	False
22	5.077985941387259	0.027961094994287984	2.5504744629849103	7.853071637460441	1.1440719756664177	3.9275741566505946	-0.14170902872823032	1.0496860376739383	28.931975309657243	0.6136249766345216	5.197003630179345	0.04770604105172995	5.077985941415387	0.027961095018432046	5.0779859414153865	2.8128610551902966e-11	2.4144061749886703e-11	False	False
23	5.077994226085328	0.041671301101376644	2.8489060535440007	6.430708264101691	1.0931849359921877	4.509853552381513	-0.12784150244590625	1.0029971787728322	42.09897422684336	0.8928869114464252	5.193696883324417	0.10077742930910354	5.077993201829195	2.044777167578155e-07	5.0779932018291944	-1.0242561323536847e-06	-0.041671096623659885	False	False
24	5.0779897775595355	0.05185264503719049	2.4096549792232027	7.105476540399155	0.8822133895043813	4.995759373599215	-0.34782304469962766	0.8094307848702699	7.917131130617928	0.1679162709438737	5.48677452071672	0.13778644742743673	5.074803911740379	0.05148056405012045	5.0748039117403785	-0.0031858658191561418	-0.0003720809870700406	False	False
28	5.078011999522708	0.025488305589617725	2.2055701538346204	5.922455960018402	1.0875842394059156	3.7271086645436067	-0.20143010687766089	0.9978585396549275	31.790194619834747	0.33066193842662045	5.128253514413414	0.005172326948332897	5.07803381978507	1.556530288904653e-08	5.078033819785072	2.18202623614161e-05	-0.025488290024314835	False	False
29	5.077988510432783	0.03423944747671445	2.127371558074154	7.245196423254186	0.9941810471661865	2.990234308530827	-0.48232060235052	0.9121611107749761	67.4053295193955	0.7011085394633634	5.22825910074911	0.03322027561932733	5.145917622949211	0.01646192519300324	5.145917622949212	0.06792911251642852	-0.01777752228371121	False	False
30	5.078001055965457	0.023569765937581706	1.7762189691868422	6.949215982554495	1.0146932805657891	3.4484651797211594	-0.3239497605735772	0.9309810849191115	nan	0.7011085394633634	nan	nan	5.078001055965457	0.023569765937581706	nan	nan	nan	False	True
31	5.078002369672425	0.037355473554145924	2.038254819571018	7.098605147347406	1.11878009934037	1.9783837164741418	-0.09351211583734832	1.0264807411447896	nan	0.7011085394633634	nan	nan	5.078002369672425	0.037355473554145924	nan	nan	nan	False	True
32	5.078014090304223	0.04508980211512628	1.5710778416626967	6.9170198034655455	1.0803502570117118	2.196020002702121	-0.053946266203623666	0.9912213608082456	26.98737787583543	0.2807060097677949	5.140064071461711	0.08155068521261107	5.078643905695489	0.01804397926155388	5.07864390569549	0.000629815391265609	-0.0270458228535724	False	False
