Iteration_step	Porb	eccentricity	Wdisk	logQ	primary_mass	age	feh	secondary_mass	posterior_probability	acceptance_ratio	inital_orbital_period	initial_eccentricity	current_orbital_period	current_eccentricity	current_spin	delta_e	delta_p	bad_solution_flag	gsl_flag	
1	17.081	0.219	4.1	6.678678678678679	0.7434448475545768	5.372540635221831	-0.5539170225677931	0.5188501591083392	19.28376528165202	0.0	17.132010827254213	0.2207353384697209	17.08136103533825	0.21901219651386875	17.08136103533825	0.0003610353382512699	1.2196513868745207e-05	False	False
3	17.081028139863324	0.2183432598230575	4.058451505780377	6.491574417275249	0.8137326899562064	5.9040231349335786	-0.2994790102052972	0.5679040443204364	19.025110987406592	0.9865869403372416	17.152865910908037	0.2225569294086894	17.081028139755826	0.21834325982169453	17.08102813975583	-1.0749801049314556e-10	-1.3629652961810734e-12	False	False
4	17.080995633514906	0.21854924833944991	3.511573767023644	6.515340509697563	0.7305515530410908	5.749783501472347	-0.39982468660998005	0.5098519288673772	19.23374949104726	1.0109664802365028	17.1460715941695	0.2211947317990799	17.08099563342736	0.21854924833734954	17.080995633427367	-8.754597047300194e-11	-2.1003754291371024e-12	False	False
7	17.08102492506764	0.21963739721254985	4.220495819885947	6.513108356108345	0.7646560477718022	5.460820801041223	-0.4923314775547463	0.5336534557399407	15.193631179768373	0.7899464005622283	17.142237089352697	0.22256026876138593	17.08102492513741	0.21963739721348544	17.081024925137417	6.976819122428424e-11	9.355849428516194e-13	False	False
10	17.0809761477969	0.22030274334732822	3.918396284687898	6.665023731212857	0.7551319224065279	5.1160182316271126	-0.4353505323793632	0.5270065686475158	8.103653786521013	0.5333585954957052	17.12996092111376	0.22209487793267513	17.0809761474829	0.2203027433598982	17.080976147482904	-3.1399949307342467e-10	1.2569972840381638e-11	False	False
11	17.080994951156672	0.2203365109305365	3.2490499880231223	5.9858232496421335	0.7985752504918544	5.137221889323335	-0.6103223605994889	0.5573256673182652	7.95006554137366	0.9810470376458061	17.21740853911685	0.23169232162312509	17.080994949830966	0.22033651087380682	17.080994949830966	-1.3257057673854433e-09	-5.672967651193517e-11	False	False
12	17.081064040422536	0.21901353253826816	3.3121700272032744	6.566140560664023	0.781976848556948	4.116471397271496	-0.4165914918335926	0.545741642607894	13.816801046553014	1.7379480678049435	17.118621919863767	0.2209339115115019	17.081064180661052	0.2190135373936154	17.081064180661055	1.4023851591105085e-07	4.855347235377394e-09	False	False
13	17.08105398443637	0.21893384010886874	3.2625950222390174	6.3825848726724015	0.7679824811986813	4.139144369437031	-0.4959245876378494	0.5359749736285596	14.580522278124823	1.055274822949147	17.12689085057668	0.22175867073984068	17.081053985190813	0.21893384013591663	17.081053985190817	7.54443618689038e-10	2.7047891704157223e-11	False	False
14	17.08103369656688	0.22006339883894643	2.6790808359416904	6.178064369754684	0.7211547519748258	3.59188857918671	-0.5865642697584179	0.5032939014032309	9.623879701293099	0.6600504095612417	17.126808906082832	0.22321119989880506	17.081033696433618	0.2200633988365611	17.081033696433618	-1.332622900918068e-10	-2.3853419239827645e-12	False	False
15	17.0809555771653	0.2201348377696882	3.451459436998903	5.880230864211122	0.724635283370173	4.151366732423317	-0.8078621414966689	0.5057229642640437	11.312719929884915	1.1754843452963049	17.172109920719425	0.22772023833790286	17.080955575836906	0.22013483766125153	17.08095557583691	-1.3283951716402953e-09	-1.0843667630489051e-10	False	False
18	17.080933534756372	0.2204298318609731	3.4394007013106975	5.708855520586917	0.758544330049845	4.361444618990406	-0.48583774671664265	0.5293880879417868	4.712732749803054	0.4165870612029725	17.24189330810106	0.23535024730667498	17.080933535730956	0.22042983190200055	17.080933535730956	9.745839690822322e-10	4.102745920775419e-11	False	False
19	17.080907646072426	0.21949475037599053	4.138509104865396	5.943426307688898	0.6610085362306067	5.456225425644685	-0.7432006490479544	0.46131785743534043	10.175518355407206	2.159154549095202	17.191971094933468	0.22642761751433346	17.080907646474007	0.21949475038919164	17.080907646474007	4.015809906832146e-10	1.3201106874305424e-11	False	False
23	17.080940882458307	0.2195877273556207	3.631152106749723	5.370405347049327	0.7451209272169148	4.837246273736392	-0.6211174150240292	0.5200198951046848	12.349198268722473	1.213618592920152	17.51251555853852	0.25567448048339236	17.08094088477973	0.21958772744267774	17.080940884779732	2.321421277429181e-09	8.705702825295702e-11	False	False
27	17.08107277035748	0.21942662537479155	3.129472922219574	5.376547461103065	0.7229241060343833	4.605151829549297	-0.7568092092621392	0.504528733601396	13.634686687865692	1.1040948886859359	17.42003249691434	0.24898874326689857	17.081072770660967	0.2194266253904789	17.08107277066097	3.03487013297854e-10	1.5687368071226615e-11	False	False
29	17.080974725928254	0.21899810046638857	3.2381072944730813	5.5402043781315715	0.7472837615726003	4.20952863559074	-0.6385809289761865	0.5215293372015177	18.41763193185446	1.3507924570239953	17.292031449756717	0.2389585954843433	17.080974726508533	0.21899810048990445	17.080974726508536	5.80278936013201e-10	2.351588368476598e-11	False	False
31	17.08099169822017	0.21908896687424076	2.9279986866062404	6.491651795792252	0.7418973355180882	3.9625893529896716	-0.5110572096098301	0.5177701504580737	18.11219569613587	0.983416096225144	17.119640629573567	0.22092078231176876	17.080991698285924	0.21908896687536614	17.080991698285917	6.575362476723967e-11	1.12537756891129e-12	False	False
32	17.081061425340156	0.21964322148910276	2.7732441351025408	6.329725418057122	0.6954148370240114	4.284404009737704	-0.5996281954255099	0.4853300147590575	11.389413066728588	0.6288256408999849	17.1326288221708	0.22207960650199426	17.081061424977708	0.21964322147322343	17.08106142497771	-3.624478495112271e-10	-1.5879325632184305e-11	False	False
36	17.08112497981384	0.21848801422152173	2.8170904955856653	6.325222038493808	0.7647998925059523	4.673791768279778	-0.5805396229074923	0.5337538449799041	4.804364437490407	0.42182721878137813	17.141161363073003	0.22221073593165686	17.081124979850223	0.21848801422124559	17.08112497985023	3.638334078459593e-11	-2.7614022179989206e-13	False	False
