Iteration_step	Porb	eccentricity	Wdisk	logQ	primary_mass	age	feh	secondary_mass	posterior_probability	acceptance_ratio	inital_orbital_period	initial_eccentricity	current_orbital_period	current_eccentricity	current_spin	delta_e	delta_p	bad_solution_flag	gsl_flag	
1	17.081	0.219	4.1	6.678678678678679	0.7434448475545768	5.372540635221831	-0.5539170225677931	0.5188501591083392	19.28376528165202	0.0	17.132010827254213	0.2207353384697209	17.08136103533825	0.21901219651386875	17.08136103533825	0.0003610353382512699	1.2196513868745207e-05	False	False
2	17.080900618714633	0.2204662185780612	3.4920706253931093	5.965299625458077	0.7991965539895688	5.31290178562711	-0.2816634832359052	0.55775927502932	3.878356211875328	0.20112027683543104	17.227385463648663	0.23282773769423293	17.080900618302906	0.22046621855196358	17.080900618302906	-4.1172754094986885e-10	-2.6097624061804936e-11	False	False
3	17.080988742321733	0.21997174275671358	2.960508382388271	6.585118345462062	0.7977540526471625	5.725649174183919	-0.2346592509229627	0.5567525533424547	17.58565869088738	4.534307250334819	17.142321949910897	0.22299600412901643	17.08098874208599	0.21997174274847614	17.080988742085985	-2.3574386887048604e-10	-8.237438509084427e-12	False	False
4	17.081114238212123	0.21875959191012498	3.6298842531941826	6.162957653697988	0.7622116358787959	6.178989917294601	-0.30990934002717274	0.5319475006798117	8.634708783357215	0.4910085504975477	17.19528522618844	0.2265563647047214	17.081114238486787	0.21875959192204103	17.08111423848679	2.7466384722174553e-10	1.191605147887742e-11	False	False
5	17.081135965938774	0.21936822437953188	3.5179532492039063	5.807300379133484	0.8242775909252411	6.17890007158244	-0.2621255130817388	0.5752633307067258	5.98185925698947	0.6927690796612709	17.377083843076996	0.24413643173582708	17.08113596626133	0.21936822439583475	17.081135966261332	3.225544276119763e-10	1.6302875716078802e-11	False	False
6	17.08100093290991	0.22027643314246045	3.2309953014372987	5.932467470303837	0.7267165144910473	6.033945685637493	-0.36035983574864144	0.5071754554633019	10.084038252456196	1.685769895149833	17.235036948517568	0.23167956520718655	17.081000933440706	0.22027643315294174	17.08100093344071	5.307967398948676e-10	1.0481282508578715e-11	False	False
7	17.081092046847644	0.2188251459636401	4.183076019810687	5.580439778999262	0.8263411436633387	6.121051126696785	-0.27647375890513926	0.576703484162644	13.449565102903865	1.3337479258002536	17.628924660364763	0.26165722424554855	17.081092049051342	0.21882514609401194	17.081092049051346	2.2036985569684475e-09	1.303718244471952e-10	False	False
9	17.080948442197922	0.2192670606597811	4.110856077155365	5.703831990770059	0.7655930699849306	5.182991896667559	-0.5208922103312267	0.5343074035424831	14.951830304651052	1.1116961916800445	17.301340786936116	0.23853139101758702	17.08094844305889	0.21926706067359147	17.08094844305889	8.609681856341922e-10	1.3810369514644094e-11	False	False
16	17.080975515940256	0.21910028884653351	3.607815014586856	5.70960732319516	0.7232699380693948	6.795455032396592	-0.5220071437827326	0.5047700897786306	18.521445292553793	1.238741004624186	17.36403058201502	0.24110214893384993	17.080975517219024	0.21910028887706148	17.080975517219027	1.2787673142611311e-09	3.052796904157162e-11	False	False
23	17.081027585431613	0.22067337168776718	3.6595888326857677	5.439801838526401	0.7060701678888013	7.222349557476736	-0.5173727277045708	0.4927663701695944	4.475699263060398	0.24164956850639355	17.67634975071525	0.2636516035468797	17.08102758499447	0.22067337168563872	17.08102758499447	-4.3714365460800764e-10	-2.128464071660119e-12	False	False
24	17.080956875763842	0.21862593126817814	3.6212610588237353	5.292418662864426	0.7286678339138668	7.207057330763998	-0.5048149146689364	0.5085372812884876	15.631172147276896	3.492453632058513	17.98346346614581	0.2786303769879628	17.080539741779013	0.2142381958174007	17.080539741779017	-0.0004171339848291211	-0.004387735450777447	False	False
25	17.08096231114708	0.2197228426561145	3.3258632181272634	5.728121141558811	0.7198278615366088	6.895576894548842	-0.27225567199812806	0.5023678645663993	18.95762873427483	1.212809158242009	17.35673519794288	0.24118995169027177	17.08096231133429	0.21972284265497283	17.080962311334297	1.872102473043924e-10	-1.141670091797664e-12	False	False
28	17.081031728786808	0.2195420103989677	3.702604822506825	5.284285517400122	0.7312846997605525	7.4031413509220965	-0.42026659611477685	0.5103635919628896	16.75464336084458	0.8837942548454217	18.10686688019248	0.2892601056875261	17.08103172661903	0.21954201032056428	17.081031726619035	-2.1677770689620957e-09	-7.840342264309186e-11	False	False
29	17.081034955942048	0.21943830139214066	4.0616670122734115	5.039141843108361	0.7572348278611928	6.652689329295211	-0.5329098924219944	0.5284741863643264	16.140558593525256	0.9633483832455406	17.99184152549243	0.2522177557466207	17.061752911240525	0.1603688437829857	17.061752911240525	-0.01928204470152295	-0.05906945760915497	False	False
30	17.08094174264172	0.21965064042089355	3.86690678196214	5.184763440441361	0.735750947200053	6.448779356598832	-0.4323642903010805	0.513480586050917	12.977027678348968	0.8040011504654287	18.060880541572185	0.2834899428245825	17.080060739023182	0.210675310239787	17.080060739023182	-0.0008810036185380454	-0.00897533018110655	False	False
33	17.080986876450982	0.2197359353566708	4.071853520637445	5.143500118549409	0.7388907768863959	6.055077202831949	-0.5035509428766524	0.5156718731890156	14.969470822373939	1.1535361712566266	18.24034668354864	0.3051647635207567	17.080890442817452	0.22691156186575998	17.08089044281745	-9.643363353006862e-05	0.007175626509089178	False	False
40	17.08091874498791	0.2202107752923132	4.222895432030972	5.143666250297214	0.6817772721588711	6.6568255807293495	-0.6931020343709989	0.4758123582396761	5.859745207731004	0.3914463829257616	18.05183138517606	0.2869122184210917	17.080918749137414	0.22021077547860163	17.080918749137414	4.149505627992767e-09	1.8628842912704613e-10	False	False
Iteration_step	Porb	eccentricity	Wdisk	logQ	primary_mass	age	feh	secondary_mass	posterior_probability	acceptance_ratio	inital_orbital_period	initial_eccentricity	current_orbital_period	current_eccentricity	current_spin	delta_e	delta_p	bad_solution_flag	gsl_flag	
1	17.081	0.219	4.1	6.678678678678679	0.7434448475545768	5.372540635221831	-0.5539170225677931	0.5188501591083392	19.28376528165202	0.0	17.132010827254213	0.2207353384697209	17.08136103533825	0.21901219651386875	17.08136103533825	0.0003610353382512699	1.2196513868745207e-05	False	False
4	17.080945562611376	0.21870259125187566	3.9628983539437037	7.283215315084798	0.7659285224641266	6.185613825227356	-0.30990790599899354	0.5345415158277139	13.489206189002541	0.699511013123415	17.105482289655	0.21924736069900064	17.080945562638206	0.21870259125189925	18.667912305538536	2.6830093702301383e-11	2.3592239273284576e-14	False	False
7	17.080929518027958	0.21933523307220226	4.1807025372768685	6.701639119425395	0.7850186943667129	4.514598740407726	-0.3129704058679013	0.5478645467985289	14.101521156390298	1.0453929578070327	17.11931419510082	0.22091038442355723	17.08092951829391	0.2193352330804879	17.080929518293914	2.659525932813267e-10	8.285649943928775e-12	False	False
8	17.08092755806377	0.2195509073224661	4.260278736589515	6.94392732347591	0.7451872333016181	3.5752288363051776	-0.5143451412249198	0.5200661701211993	10.27016952876907	0.7283022458974223	17.100156499846722	0.22009327901634718	17.08092755867842	0.21955090733808522	17.08092755867843	6.146514408555959e-10	1.5619117110787784e-11	False	False
10	17.08096265863687	0.21775558680806256	4.029508853801867	6.733074985267587	0.8038867606824782	3.0468332524974855	-0.494472266866514	0.5610325702803015	7.384140519697045	0.7189891558277003	17.099281648963235	0.21866829924845013	17.080962658370137	0.21775558679903725	17.08096265837014	-2.667341902906628e-10	-9.02530827850967e-12	False	False
11	17.081108895579234	0.21893868719021703	3.854801708143182	6.654705589665458	0.773741961559642	3.4659691543110336	-0.45870035026767103	0.5399945149724742	7.114507500207452	0.9634848471842657	17.10726760648732	0.22011768371047705	17.08110889593369	0.21893868720206636	17.081108895933692	3.54454243733926e-10	1.1849327075097449e-11	False	False
23	17.080996320932247	0.2191277772346796	4.02799271378127	6.8632453613024245	0.8362093504496796	3.8479205930094196	-0.24049712630831538	0.5835905056788313	24.083476237425913	3.3851220533148165	17.105950662981197	0.22018778516122353	17.08099632086918	0.219127777232207	17.080996320869176	-6.306777322606649e-11	-2.4726054537183018e-12	False	False
27	17.081056776403454	0.219050651995517	4.210456963713175	7.731874636323149	0.8922235057081187	3.3203311472223036	-0.044881792180997415	0.622682784633696	10.364975630465308	0.430377057210622	17.08534244100538	0.21917999202486033	17.081056776404093	0.21905065199552148	20.210145805520348	6.394884621840902e-13	4.496403249731884e-15	False	False
43	17.080957600754036	0.21995771292258867	3.7803675972096813	7.716139228626208	0.9503245691432889	1.522389506470939	0.030819403914165072	0.6632315168051013	26.084386548490407	2.516589278977342	17.079718442121646	0.21998757166613975	17.080957600476264	0.21995771291456584	15.922200774840626	-2.7777247169069597e-10	-8.022832398424384e-12	False	False
45	17.080953252181192	0.21969385809950498	4.077060901956909	7.726623516864993	0.879998883942219	1.455263061918556	-0.20977234424590882	0.6141512211032746	16.561630842018396	0.6349250656606633	17.080217956193554	0.21971953652107176	17.080953252189147	0.21969385809985872	16.966617486967795	7.954525926834322e-12	3.537448112211905e-13	False	False
50	17.080975392825454	0.21754125459045368	4.26069997002298	7.824515178189571	0.849070670635337	0.9710763046784565	-0.2304336788810714	0.5925664210364017	3.780087274900006	0.22824366217061023	17.080139085111995	0.21754197415775117	17.080975392878685	0.21754125459176374	13.655384320807537	5.3230309049467905e-11	1.3100631690576847e-12	False	False
63	17.0809805099503	0.21883647963925415	3.6775424582691243	7.603667605255462	0.7915905702061335	0.9834413466734855	-0.4388050879006202	0.5524510589468605	16.721297977274745	4.423521670598748	17.08011454818944	0.21884347119882985	17.080980509988837	0.21883647964037878	15.14096667390804	3.8536285273949034e-11	1.124628168369668e-12	False	False
67	17.080913966634714	0.21749156762447433	4.375212404052102	7.489569548687192	0.809038056844192	1.4926013733963353	-0.32758162241191496	0.5646276598715616	3.2867839360862345	0.19656272740029948	17.080780587295887	0.21753389433832065	17.080913966620436	0.2174915676249527	17.89532001090558	-1.4278356275099213e-11	4.783673457353643e-13	False	False
70	17.08098973353108	0.22003738540490445	3.606849831175748	7.463297283827878	0.8460378388139996	1.7688521026697797	-0.2357931484699766	0.5904498077082904	11.968806432936928	3.6414947455258906	17.081681914862205	0.22011172031862475	17.08098973357124	0.22003738540618376	17.838839363131974	4.015987542516086e-11	1.2793099912755679e-12	False	False
78	17.080908127706333	0.220228980779051	3.988185635085888	6.798499715114437	0.7422185375936261	2.3803169203045456	-0.247489533050468	0.5179943173865916	5.34756910487467	0.44679217888917544	17.09086109352026	0.22066722377042966	17.080908127701363	0.2202289807789175	17.080908127701367	-4.970246436641901e-12	-1.3350431871117507e-13	False	False
84	17.080919809095366	0.21942019023759743	3.7288866217919283	7.333509581406126	0.8504377734211964	1.802905984318619	-0.1834861128006597	0.593520522070653	13.848531464441685	2.589687237855012	17.0819820797653	0.21952488099893072	17.08091980873737	0.21942019022529693	17.205161371837377	-3.579962992716901e-10	-1.2300493956729497e-11	False	False
85	17.080928452143386	0.21922219736851128	3.170349361409216	7.400794721919726	0.8171373907820519	1.4879430374903007	-0.41167995710868505	0.570280185026794	11.881776348812275	0.857980962047899	17.080873336617326	0.21927816142105847	17.080928452281537	0.21922219737217155	17.60839472593826	1.3815082411383628e-10	3.660266534311063e-12	False	False
87	17.081025097062525	0.21803023452556022	3.4427141018233094	7.091547305601075	0.849070670635337	0.9710763046784565	-0.2304336788810714	0.5925664210364017	9.834062448131778	0.8276592791712335	17.077018669810656	0.21804795229761556	17.081025096992125	0.21803023452331824	14.402472622084536	-7.040057425911073e-11	-2.241984375928041e-12	False	False
89	17.08092445371838	0.21819846639716822	3.091074144088708	6.141066328396574	0.8133043437525316	2.0141289322009457	-0.2805239440343922	0.5676051015048917	9.710972704647558	0.987483327044806	17.08688723970168	0.22043239417496954	17.080924453597174	0.21819846639579352	17.080924453597177	-1.212079325796367e-10	-1.3747059046664845e-12	False	False
93	17.080875555501656	0.21795045167982113	2.741644726663243	5.773501462549656	0.7647747511905105	1.4125259105849022	-0.508090525426909	0.5337362988558573	3.299100809557429	0.33972918160695864	17.071176899323305	0.2206140190842743	17.080875555241512	0.21795045167155921	17.080875555241516	-2.601439064164879e-10	-8.261918926777412e-12	False	False
97	17.080915741042116	0.21786847739144607	2.465658200465268	5.877065875119925	0.7415791528004231	1.9244121923899127	-0.7409867592593968	0.5175480907394152	7.032102056399425	2.1315208180445917	17.09292194917508	0.2207913631937468	17.080915740146732	0.2178684773707883	17.080915740146736	-8.953833230407326e-10	-2.065778104132221e-11	False	False
100	17.08094194651448	0.2183654965532266	2.616459385458825	5.586975517161022	0.7526452426627119	2.282950932853322	-0.9289646319589052	0.5252711148543067	23.25436925277198	3.3068873384182194	17.129373092234946	0.22607928524217505	17.080941946369077	0.21836549654694903	17.080941946369077	-1.454019127322681e-10	-6.277561803713638e-12	False	False
103	17.08086625081297	0.21800625872501025	3.547035656372666	6.306444205775471	0.7415791528004231	1.9244121923899127	-0.7409867592593968	0.5175480907394152	3.4672158165462417	0.14909954249277008	17.088044584841647	0.21899277171057896	17.080866250675843	0.21800625871911133	17.080866250675843	-1.3712764257434173e-10	-5.898920241165229e-12	False	False
104	17.08082065070359	0.21837247742250046	3.745379217683912	6.576371968325879	0.7163401783359014	2.063453628835273	-0.8593956485935519	0.4999338104606255	1.9674798633796302	0.5674523789348289	17.09108398074103	0.2188746564716229	17.080820650106343	0.21837247740563615	17.080820650106347	-5.972466965431522e-10	-1.6864315499631743e-11	False	False
105	17.080797779889757	0.21791787064742293	3.3376699528534894	6.307582251615857	0.7555959588889594	0.9685227654484858	-0.8525556787460054	0.5273304197086047	0.7994396206518583	0.40632671039317486	17.070165395646708	0.2181415829051958	17.080797779324662	0.21791787062521814	17.080797779324662	-5.650946377500077e-10	-2.2204793559410518e-11	False	False
109	17.080908994211967	0.21740590417029998	3.5665791590890703	7.129835549393195	0.7544467039816867	1.6441483757047641	-0.46736775746983705	0.5265283547088191	2.5366226672956538	3.173000939367137	17.082768284590674	0.21751343628850375	17.080908994233734	0.21740590417145816	17.684982812637212	2.176747671001067e-11	1.1581846592889633e-12	False	False
110	17.080951482632237	0.21876841125602928	4.370486392664325	7.228113380200076	0.7862411998387389	1.1351393758849657	-0.5519357644933072	0.5487177333674558	17.2519697067715	6.8011572746703335	17.079398262434253	0.2188028288675958	17.080951482557484	0.2187684112538584	16.818287937289053	-7.475264851564134e-11	-2.1708745912008e-12	False	False
111	17.081050190860044	0.21818129223356322	4.344589209321132	7.137732339726311	0.8133977808336417	1.0371728799131263	-0.5044734101618831	0.5676703112437985	10.694794271926318	0.6199172879215379	17.078393281312252	0.21820807604585404	17.08105019058028	0.2181812922254286	15.360989280902643	-2.7976199135082425e-10	-8.134631857004138e-12	False	False
112	17.080961476614664	0.2177039739920132	4.432540030773357	7.470901743961187	0.796299036740644	1.2560148406998826	-0.5462117707685901	0.5557370977412954	7.796524666135205	0.7290018365852039	17.080189141436293	0.21773063370741372	17.080961476555693	0.2177039739903102	17.153588502566528	-5.897149435440951e-11	-1.7029988530481432e-12	False	False
115	17.080909129438876	0.21888333239567478	4.354352485836881	7.329504482043864	0.7986800391892069	0.8862129413292915	-0.3420914784984411	0.5573987993501475	6.550146161511392	0.8401366560106515	17.078965672118212	0.21888603611848081	17.080909129521775	0.21888333239918953	14.078925093428667	8.289902098113089e-11	3.5147440513583206e-12	False	False
118	17.080891402981973	0.21891497922035486	4.250961890283279	8.202995374873417	0.8510962447603706	1.2340342444793442	-0.2778780287781554	0.5939800692182626	8.411529958950046	1.284174391157274	17.080620736644015	0.2189194577738723	17.080891402939535	0.218914979219161	15.7549826325982	-4.2437164893271984e-11	-1.1938505739550465e-12	False	False
120	17.081041619786344	0.21836448110692355	3.704842832282479	7.111626355310985	0.897719501301049	1.335673726423768	-0.25880481291209484	0.626518439958002	16.800846919397117	1.9973592201880777	17.077500429147403	0.21845620523764353	17.08104162007201	0.21836448111597875	16.65125089381084	2.856666014849907e-10	9.055201033447702e-12	False	False
124	17.081057124934897	0.21790951156826244	3.5857524123484135	7.474471015333243	0.8321805327121952	2.745182378490418	-0.18365386371009135	0.580778793779841	6.320450820692002	0.3761983458937917	17.085667923302605	0.2180556246844478	17.081057124778617	0.2179095115635157	19.191502535666395	-1.5628032201675524e-10	-4.746730786209241e-12	False	False
125	17.080967063854523	0.2190057359197351	4.2737177488466775	6.433511984939217	0.8131698648335487	1.9130659004989814	-0.3398498169475429	0.5675112486673336	17.98641270482544	2.8457483833180395	17.08339760442464	0.21997794827207567	17.08096706397535	0.21900573592476485	17.08096706397535	1.2082779221600504e-10	5.029754390761809e-12	False	False
129	17.08098224456967	0.2181355675790562	4.094794742329591	5.8836336200461785	0.705012463266549	2.5223126129459104	-0.45400451897286176	0.4920281981137245	12.050285270165906	0.6699660164549113	17.109552048927696	0.2218657029190521	17.0809822455558	0.21813556760538222	17.080982245555802	9.86126735824655e-10	2.6326024693545946e-11	False	False
136	17.08095182182294	0.21808120106656373	4.341407975166191	5.5936524171210005	0.7169021700793932	2.65420485405207	-0.44298931019538024	0.5003260244984085	9.82373032340617	0.8152280301386524	17.139633078124046	0.22659233088179617	17.080951822562476	0.21808120110065068	17.08095182256248	7.395364320927911e-10	3.4086955480461256e-11	False	False
137	17.080954552144643	0.21761770812830358	4.371430101836	6.133643861951103	0.8264549404888145	3.375732174860529	-0.26815665113911624	0.5767829029671436	7.300776331724958	0.743177600705306	17.12552920778142	0.22256370505671558	17.08095455253034	0.21761770813532336	17.080954552530343	3.856968078252976e-10	7.019773651251171e-12	False	False
139	17.080977116062332	0.2180049436228158	3.4020198859675563	6.302554999416867	0.7240365225912039	3.4896049924504435	-0.5358602433648301	0.5053050891164012	10.601922064433744	1.4521636580433115	17.117655157550598	0.22024389154011423	17.080977116838284	0.21800494364779166	17.080977116838287	7.759517473004962e-10	2.4975854717723678e-11	False	False
142	17.081023829901156	0.21711283472512427	3.3541542381067555	5.855265538008987	0.779692209876878	3.211315083790649	-0.5326502120399398	0.5441471932730731	2.899853416909676	0.2735214802830716	17.14679688178056	0.22460218152488357	17.081023829701692	0.21711283471779758	17.081023829701692	-1.9946355678257532e-10	-7.326694806408796e-12	False	False
145	17.081035484671734	0.21777356872342007	3.9222602267320497	5.808456282147491	0.7265832269717715	3.872746895914033	-0.6353919158240547	0.5070824341035993	8.223504160760168	2.835834429701559	17.171199546107527	0.22615820548249144	17.081035485020397	0.21777356875238896	17.081035485020397	3.4866332043748116e-10	2.8968882848090516e-11	False	False
148	17.08105604902967	0.217919820774471	3.467008212918116	5.916423840812453	0.7918660340667516	4.244587363830316	-0.502928860584809	0.5526433051751859	8.027790532335265	0.9762007017204681	17.18713078395397	0.22785763276871654	17.08105604980496	0.21791982079443778	17.081056049804964	7.752909425562393e-10	1.9966778230795512e-11	False	False
150	17.081049913987968	0.2184246521119969	2.5231372979831237	6.619759678601591	0.8658841816298368	3.445390004715714	-0.06187293333224284	0.604300570359463	26.742710810770838	3.3312666421792456	17.104273085933485	0.22022833448730283	17.081049914161362	0.2184246521180228	17.08104991416137	1.7339374380753725e-10	6.025901999606731e-12	False	False
157	17.081029731470153	0.21942066695431642	3.1041288758886565	6.752758970620267	0.8095995003329557	3.4827401639826068	-0.327577999729734	0.5650194912823697	17.45016408700024	0.6525203899663025	17.10475926212946	0.2205191126730263	17.081029731415295	0.21942066695512555	17.081029731415295	-5.4857451914358535e-11	8.091305403468141e-13	False	False
159	17.080989154854787	0.21869326594178348	2.204587288278132	6.120098440924206	0.7992483249139555	3.085802428325279	-0.2837138011887163	0.5577954059574495	20.211248781388846	1.1582268613992872	17.119578531175648	0.2228494490660508	17.08098915466311	0.21869326592377633	17.08098915466311	-1.9167600839864463e-10	-1.8007151325605264e-11	False	False
161	17.080925238382008	0.21732114324905685	2.3806466302335094	6.174742896175895	0.8120376049535092	4.022718099077487	-0.08406065470887944	0.5667210444970541	5.874897415413619	0.29067463762176876	17.1386812848526	0.22259079874396612	17.080925240817106	0.21732114332023358	17.08092524081711	2.4350974570097605e-09	7.117673117562617e-11	False	False
Iteration_step	Porb	eccentricity	Wdisk	logQ	primary_mass	age	feh	secondary_mass	posterior_probability	acceptance_ratio	inital_orbital_period	initial_eccentricity	current_orbital_period	current_eccentricity	current_spin	delta_e	delta_p	bad_solution_flag	gsl_flag	
1	17.081	0.219	4.1	6.678678678678679	0.7434448475545768	5.372540635221831	-0.5539170225677931	0.5188501591083392	19.28376528165202	0.0	17.132010827254213	0.2207353384697209	17.08136103533825	0.21901219651386875	17.08136103533825	0.0003610353382512699	1.2196513868745207e-05	False	False
2	17.081025358168034	0.21849592654127128	4.456941739693301	6.712005235581312	0.7614882211150272	5.387636018938578	-0.6240153725455783	0.5314426295161775	16.558875200267785	0.8586951229915201	17.13065489796428	0.2202149593297623	17.08102569443016	0.21849593790825947	17.08102569443016	3.362621256997045e-07	1.1366988184047244e-08	False	False
3	17.08097809576948	0.21799250922343194	4.059425456796271	6.629364403019883	0.7434448475545768	5.372540635221831	-0.5539170225677931	0.5188501591083392	11.176504392099641	0.6749555303079341	17.134573932707074	0.2199172910948191	17.08097809511349	0.21799250921000915	17.080978095113494	-6.559908172221185e-10	-1.3422790656747452e-11	False	False
4	17.080899422184192	0.21756992987573187	3.5940706499556665	6.788802405632268	0.7850186943667129	4.514598740407726	-0.3129704058679013	0.5478645467985289	3.5702932901588347	0.3194463281992333	17.115792881832768	0.21883249559626314	17.080899454349694	0.21756993098999833	17.080899454349694	3.2165502261705115e-08	1.1142664568808414e-09	False	False
5	17.08106391080351	0.21625304027466496	3.668712903432233	7.105238383081955	0.8584521404308135	5.905657165301222	-0.0789729561736657	0.5991137488066647	0.7703258978154346	0.21575983685675426	17.115984400119206	0.21736584671474782	17.081063911825726	0.21625304030121112	17.081063911825726	1.0222152013739105e-09	2.65461541637535e-11	False	False
9	17.081243078419412	0.21864584692123568	3.495706322519054	6.7929773076874405	0.7973892805745605	5.172314039908947	-0.14900262506458495	0.5564979789129857	0.29718771598288485	0.38579478740839274	17.124304418735363	0.22021029267758646	17.081243078378055	0.21864584691997935	17.081243078378055	-4.135713993491663e-11	-1.2563283746658271e-12	False	False
11	17.081080615803675	0.2199533506705233	4.356145157409982	6.1729224556199	0.8057946641753279	4.486570211591272	-0.34291185089471443	0.5623640961279612	8.009915551009302	26.952377639560968	17.155275087070432	0.22612045995320648	17.08108061679894	0.21995335069651256	17.081080616798946	9.9526431540653e-10	2.598926629460152e-11	False	False
12	17.08114222409997	0.22006427106016202	4.41147224943988	5.984119436198576	0.813345754794847	5.3304342456880915	-0.19638360675251748	0.5676340022713238	3.4628873914198812	0.43232508125301455	17.224932780191317	0.2324898330596969	17.081142225036107	0.22006427109351134	17.08114222503611	9.361365016502532e-10	3.33493233029003e-11	False	False
18	17.0811323237703	0.21862675301896026	4.1531205752617115	5.922635690885795	0.7587180407001284	6.241527154244356	-0.2551148079629295	0.5295093206046195	6.559651997238939	1.8942723963510975	17.25650520397415	0.23245527364067822	17.08113232464425	0.21862675304090068	17.081132324644248	8.739498014165292e-10	2.1940421701671653e-11	False	False
19	17.081112840874674	0.21937015662073467	4.4460757342582875	5.825020105674278	0.7358907971308015	6.563095406400163	-0.42182597276905465	0.5135781873175863	7.229890646820456	1.1021759462031875	17.299604037548388	0.23629639097891111	17.081112838435185	0.21937015652515304	17.081112838435185	-2.439488611116758e-09	-9.558162594736075e-11	False	False
23	17.08111837683348	0.21981842072460406	4.158285992250047	5.777856633413328	0.762807364079069	5.744713770952892	-0.5256566710983107	0.5323632593907822	4.631513677747954	0.640606325046533	17.300902913940032	0.23803427141196054	17.08111837544859	0.21981842067226565	17.081118375448593	-1.3848904245605809e-09	-5.2338411382635286e-11	False	False
Iteration_step	Porb	eccentricity	Wdisk	logQ	primary_mass	age	feh	secondary_mass	posterior_probability	acceptance_ratio	inital_orbital_period	initial_eccentricity	current_orbital_period	current_eccentricity	current_spin	delta_e	delta_p	bad_solution_flag	gsl_flag	
1	17.081	0.219	4.1	6.678678678678679	0.7434448475545768	5.372540635221831	-0.5539170225677931	0.5188501591083392	19.28376528165202	0.0	17.132010827254213	0.2207353384697209	17.08136103533825	0.21901219651386875	17.08136103533825	0.0003610353382512699	1.2196513868745207e-05	False	False
6	17.080995810308302	0.2197852674369404	3.889420213764114	5.612668317601271	0.7395529061345244	5.744993795858296	-0.8003086167259984	0.5161339731912845	18.24084332127484	0.9459170994282174	17.368266989270012	0.24345548685423005	17.08099580899745	0.21978526739795556	17.08099580899745	-1.3108518714943784e-09	-3.898484313147321e-11	False	False
9	17.081061395708158	0.21945121588036076	3.294583620365078	6.205897821868767	0.749030673780867	5.745287568827803	-0.7086888500883697	0.522748507231667	14.441517291258215	0.7917132468549105	17.176093093770508	0.2254207283985867	17.08106139473542	0.21945121584721372	17.08106139473542	-9.72736557969256e-10	-3.31470406678136e-11	False	False
10	17.080984772300315	0.21863941989005903	2.908648279930868	5.441542835818474	0.7368509227503837	6.03578694186566	-0.554658663719304	0.5142482589874927	18.10366548274666	1.2535847250416843	17.579893021963848	0.2575465629362169	17.08098477301589	0.21863941992705435	17.08098477301589	7.155733783292817e-10	3.699532347134493e-11	False	False
14	17.08087427483874	0.21865190303993945	2.6617303081000316	5.132296181534913	0.763199294190027	6.177068158836937	-0.37183531819209764	0.5326367874152198	6.067792768326646	0.3351692934289708	18.381167006013534	0.30812983149010786	17.08087427743419	0.2186519031466771	17.08087427743419	2.595449188902421e-09	1.067376464991554e-10	False	False
15	17.08090621932882	0.21935192174020252	2.70531218542188	6.131172471459372	0.7320719567188685	5.849555812105137	-0.5555972830966452	0.5109130185940983	9.199937353528204	1.5161917528810613	17.187616332049004	0.2262081049045701	17.08090621990226	0.21935192175440918	17.080906219902264	5.734399621815101e-10	1.4206663623284044e-11	False	False
16	17.08093565908193	0.21756500880791044	2.715800191074502	6.6501632734524	0.7846262052058881	4.615526842792429	-0.2861652754962332	0.5475906286131893	5.996941388154025	0.6518458939129819	17.12229043380716	0.21938621042527112	17.08093565893607	0.21756500880260105	17.080935658936077	-1.4586021279683337e-10	-5.3093918150892705e-12	False	False
17	17.08092514131892	0.21819223888460612	2.843834479013758	6.959217130307915	0.7647568990539722	5.304177215111838	-0.31456958595016493	0.5337238398497671	10.806592252921032	1.802017320740817	17.11522371402652	0.21915060552032872	17.08092514131786	0.21819223888513456	17.08092514131786	-1.0622613899613498e-12	5.284384041459589e-13	False	False
24	17.080924254465575	0.21809787955101345	3.386967352155745	7.0946687002005655	0.7864341320366436	4.864173271723743	-0.21951968404725297	0.5488523807483735	11.549710592394845	1.0687652797553222	17.106732082680864	0.21877028022370634	17.080924254454672	0.2180978795500511	17.080924254454676	-1.0903278280238737e-11	-9.623413177450857e-13	False	False
25	17.080949036026272	0.2187983688535926	2.4046910424395733	7.2089438371592705	0.7918660340667516	4.244587363830316	-0.502928860584809	0.5526433051751859	14.717424263976955	1.2742677962569866	17.099653687684285	0.21924509603184553	17.08094903589955	0.21879836884909049	17.080949035899554	-1.2672174420913507e-10	-4.5021208983087035e-12	False	False
26	17.080975397925894	0.21828217077315978	2.198450157769412	7.359510118239066	0.7603956443541853	5.410478531080361	-0.5596430205909328	0.5306801201947858	4.6278982959576815	0.31445028783230355	17.09779231544504	0.2186594335987858	17.08097539792481	0.21828217077331125	20.24231675350483	-1.0835776720341528e-12	1.5146217613448698e-13	False	False
27	17.08094642752421	0.21781051874509522	1.8031365158456958	6.738793473242798	0.6898239401757815	6.098559672553469	-0.7534303894321098	0.4814281278486779	8.976639111521695	1.9396794262662378	17.08094642752421	0.21781051874509522	17.029612282558606	0.21646806958788062	17.029612282558613	-0.05133414496560462	-0.001342449157214598	False	False
36	17.08096609183807	0.21770641376235256	1.970182086139154	7.132789274437224	0.7387615445219708	5.67875203219727	-0.7090434037967824	0.5155816819218835	7.6549485930458365	0.8527633224355157	17.108391285152045	0.2183112854336947	17.08096609180441	0.21770641376079572	17.854955753019457	-3.3661962106634746e-11	-1.5568379918562414e-12	False	False
39	17.08106486268858	0.21793512006918017	2.5921211348104074	7.099696879930624	0.7918660340667516	4.244587363830316	-0.502928860584809	0.5526433051751859	7.500812277079436	0.979864487123215	17.10264084959224	0.2185118606388411	17.08106486279607	0.21793512007254814	17.08106486279607	1.0748735235210916e-10	3.367972567502875e-12	False	False
45	17.08101124682313	0.21746603427844355	1.5517894688590461	7.148984759395298	0.79782543323121	3.8059472181016574	-0.23171011026528238	0.5568023698520614	7.52770862376175	1.0035857912035078	17.098082089580426	0.21791796596864826	17.08101124691444	0.21746603428154757	17.081011246914443	9.130829425885167e-11	3.104017043398244e-12	False	False
47	17.081086780977913	0.2194018665875558	1.730843077620213	6.804381209184336	0.8618365224280548	1.821232509485221	-0.19178325238349866	0.6014757090025393	12.681040649204808	1.6845817609326956	17.08281672232732	0.2198412879434063	17.081086780516184	0.21940186656897098	17.08108678051619	-4.617284332653071e-10	-1.858482812089335e-11	False	False
51	17.08104706406754	0.21919969257863853	1.2925455938323833	6.913869777353715	0.7521624040663253	2.758185043330518	-0.5072435423430182	0.5249341417978884	14.663934822701375	1.1563668336337134	17.094409537551243	0.21963451639491677	17.08104706344573	0.21919969256218652	17.08104706344573	-6.218101589183789e-10	-1.6452006423861576e-11	False	False
52	17.08109779919039	0.21877165421498207	0.48833209652794474	6.360788411151759	0.7836620724073646	2.8475452127603487	-0.3342988634759354	0.5469177603330998	8.993878203838966	0.6133332091680781	17.109569955330826	0.22089719455090592	17.0810977995995	0.21877165422956882	17.081097799599505	4.091127436822717e-10	1.4586748475764466e-11	False	False
53	17.081146337286427	0.21891635680425395	0.4942747152075594	6.898111133175786	0.7561138846695031	1.8956098417615097	-0.3893905734572083	0.5276918801108462	3.44682856207452	0.38324163213632007	17.087871335021052	0.21921486510195062	17.081146337323034	0.21891635680492363	17.081146337323034	3.660716174636036e-11	6.696865284538944e-13	False	False
54	17.081177614570255	0.2188552099952831	1.072354665751471	7.024746273182313	0.7701513871606918	2.3786861123649037	-0.43715728748733745	0.5374886530994467	1.4698773230534945	0.42644340923321966	17.089868164625354	0.21914725098929147	17.08117761543766	0.2188552099941697	17.081177615437664	8.674057028201787e-10	-1.1133871602453382e-12	False	False
55	17.081142278469876	0.21880409734126471	1.04028070037313	7.927709521514913	0.8059215892057134	1.086374937423079	-0.5941953999397944	0.5624526771066674	4.382776561903488	2.9817294907297387	17.08083502492408	0.21881206759845767	17.081142278426608	0.2188040973400614	16.39860208125173	-4.32684998941113e-11	-1.203315225239976e-12	False	False
56	17.081137317475754	0.2182972912077524	1.1274524856967838	7.291614082633853	0.78682845563624	2.72008402339905	-0.5442577870242599	0.549127579188532	2.2017561348894596	0.5023655903492403	17.088210199393863	0.21849594866362618	17.08113731746806	0.2182972912075155	18.735113352299834	-7.695177828281885e-12	-2.368938378793928e-13	False	False
57	17.081161889984426	0.21822302358705814	0.5221905337255089	6.795440216570812	0.7597578466250695	1.3424164247797223	-0.36112494942562345	0.530235001159636	1.9108841697942665	0.867890925572556	17.082718555360913	0.21844478132434936	17.081161890043166	0.21822302358882598	17.081161890043173	5.874056796528748e-11	1.7678358776862524e-12	False	False
62	17.08105319706061	0.2191064078397808	0.4562838244644383	6.116671477261293	0.8051690331438808	1.483814597880001	-0.301190982579941	0.5619274682311144	16.9673838076434	8.87933663162335	17.086986242615474	0.22093409569064593	17.081053197226463	0.21910640784340432	17.081053197226467	1.6585488538112259e-10	3.6235181521959703e-12	False	False
68	17.081042076731972	0.21912808103358844	0.5207642148491246	6.257379173273067	0.8502586571911595	0.6283045724785329	-0.43223131094067424	0.5933955168537102	16.03099030996796	0.9448121461569333	17.06354891476313	0.21934248802857728	17.081042076437853	0.21912808102069906	14.89547884735885	-2.9411850732685707e-10	-1.2889384004566296e-11	False	False
70	17.08103396629413	0.21864011604186115	0.9371705849521629	6.614900327325831	0.8643200558999606	1.1226867760658232	-0.3923602294097187	0.6032089670125825	18.078394596973375	1.127715396704616	17.073393951095714	0.21892678730602685	17.08103396631966	0.2186401160449384	17.08103396631966	2.55298004958604e-11	3.0772606685047776e-12	False	False
73	17.081119862449675	0.22004043689121258	0.7712321483611173	6.145689202645198	0.872761891161287	1.2527786226135378	-0.41257193251608154	0.6091005238414622	3.7925647400136278	0.20978437657559296	17.071556200956984	0.22151665830227588	17.081119862458603	0.22004043689127453	17.081119862458607	8.927969474825659e-12	6.195044477408373e-14	False	False
74	17.081076594777706	0.219080330424475	0.5409846132907181	6.09747312776545	0.8366217818104646	2.664651587473662	-0.5625324003754151	0.5838783415255232	11.383747420103926	3.00159607033182	17.124085708928575	0.22367702082903793	17.08107659502342	0.2190803304277122	17.081076595023422	2.4571278345320025e-10	3.2371882952020314e-12	False	False
75	17.081052524277197	0.21963888120839214	0.8150798368084757	6.17704965219599	0.8147564769720106	2.1735126672772074	-0.6640747570262312	0.5686185452787662	13.284583638511144	1.1669780739381395	17.098429234380216	0.2220989327733994	17.081052524368623	0.219638881213811	17.081052524368626	9.142553381025209e-11	5.418859805317311e-12	False	False
76	17.081058445436437	0.21973501315106306	0.6199769789340577	5.582033045093791	0.7614871669079364	2.0226459772500465	-0.5980766259833277	0.5314418937850488	11.08931889947157	0.8347509565391538	17.164032009787686	0.21979253361575415	17.077075960211005	0.21062275418103205	17.07707596021101	-0.0039824852254319865	-0.009112258970031012	False	False
93	17.081027342192005	0.21975257798201	0.8558743848581543	6.047783162141154	0.7415791528004231	1.9244121923899127	-0.7409867592593968	0.5175480907394152	16.60946818064519	1.4977897498679265	17.09518191864654	0.22181646725294776	17.08102734211474	0.2197525779769873	17.08102734211474	-7.72644170865533e-11	-5.0227044745554394e-12	False	False
94	17.08100547441953	0.21841221048230647	1.0266157885005307	6.470144430381635	0.7609262139244423	1.6628854150683434	-0.4864843711906998	0.5310504046978682	15.694268001685955	0.9448988872487978	17.085216615626127	0.21904214856914136	17.081005474020834	0.2184122104682781	17.081005474020834	-3.986961871760286e-10	-1.4028361805529244e-11	False	False
97	17.08106948965402	0.2181681495857572	1.9352616627918695	6.108853292181998	0.814074755808016	1.6036087223421691	-0.31375440878433136	0.5681427720784143	9.997226286893264	0.6369985708042779	17.077937980853736	0.21991019887227492	17.081069489880853	0.21816814959624742	17.081069489880857	2.2683366296405438e-10	1.0490219803926948e-11	False	False
98	17.080963500738907	0.21943505865953294	2.40615036810398	6.16180550497275	0.7970215042200633	2.702796983951877	-0.5142486548600422	0.5562413077951822	14.601813609042434	1.460586485692132	17.107541366557186	0.22254069208149257	17.080963500744787	0.21943505865584328	17.080963500744797	5.879741138414829e-12	-3.689659688888014e-12	False	False
100	17.081011818560327	0.22033631318835517	2.0232123344102253	5.694736140387127	0.7841896774351851	2.027653957918445	-0.7908447600728777	0.5472859758820157	10.412508833992208	0.7130969558154115	17.1110717190752	0.22637512707318086	17.08101181900488	0.22033631320192504	17.08101181900488	4.445510626283067e-10	1.356986745193467e-11	False	False
101	17.08110248609161	0.22090699555917045	1.981652193676599	5.307340717020247	0.8297071929743038	2.8208210116649886	-0.2974457374781403	0.5790526499767666	1.4625084606430665	0.1404568758557618	17.389229914445455	0.2528102642507379	17.08110248607395	0.22090699555763307	17.08110248607395	-1.766053969731729e-11	-1.5373813333496855e-12	False	False
Iteration_step	Porb	eccentricity	Wdisk	logQ	primary_mass	age	feh	secondary_mass	posterior_probability	acceptance_ratio	inital_orbital_period	initial_eccentricity	current_orbital_period	current_eccentricity	current_spin	delta_e	delta_p	bad_solution_flag	gsl_flag	
1	17.081	0.219	4.1	6.678678678678679	0.7434448475545768	5.372540635221831	-0.5539170225677931	0.5188501591083392	19.28376528165202	0.0	17.132010827254213	0.2207353384697209	17.08136103533825	0.21901219651386875	17.08136103533825	0.0003610353382512699	1.2196513868745207e-05	False	False
3	17.081028139863324	0.2183432598230575	4.058451505780377	6.491574417275249	0.8137326899562064	5.9040231349335786	-0.2994790102052972	0.5679040443204364	19.025110987406592	0.9865869403372416	17.152865910908037	0.2225569294086894	17.081028139755826	0.21834325982169453	17.08102813975583	-1.0749801049314556e-10	-1.3629652961810734e-12	False	False
4	17.080995633514906	0.21854924833944991	3.511573767023644	6.515340509697563	0.7305515530410908	5.749783501472347	-0.39982468660998005	0.5098519288673772	19.23374949104726	1.0109664802365028	17.1460715941695	0.2211947317990799	17.08099563342736	0.21854924833734954	17.080995633427367	-8.754597047300194e-11	-2.1003754291371024e-12	False	False
7	17.08102492506764	0.21963739721254985	4.220495819885947	6.513108356108345	0.7646560477718022	5.460820801041223	-0.4923314775547463	0.5336534557399407	15.193631179768373	0.7899464005622283	17.142237089352697	0.22256026876138593	17.08102492513741	0.21963739721348544	17.081024925137417	6.976819122428424e-11	9.355849428516194e-13	False	False
10	17.0809761477969	0.22030274334732822	3.918396284687898	6.665023731212857	0.7551319224065279	5.1160182316271126	-0.4353505323793632	0.5270065686475158	8.103653786521013	0.5333585954957052	17.12996092111376	0.22209487793267513	17.0809761474829	0.2203027433598982	17.080976147482904	-3.1399949307342467e-10	1.2569972840381638e-11	False	False
11	17.080994951156672	0.2203365109305365	3.2490499880231223	5.9858232496421335	0.7985752504918544	5.137221889323335	-0.6103223605994889	0.5573256673182652	7.95006554137366	0.9810470376458061	17.21740853911685	0.23169232162312509	17.080994949830966	0.22033651087380682	17.080994949830966	-1.3257057673854433e-09	-5.672967651193517e-11	False	False
12	17.081064040422536	0.21901353253826816	3.3121700272032744	6.566140560664023	0.781976848556948	4.116471397271496	-0.4165914918335926	0.545741642607894	13.816801046553014	1.7379480678049435	17.118621919863767	0.2209339115115019	17.081064180661052	0.2190135373936154	17.081064180661055	1.4023851591105085e-07	4.855347235377394e-09	False	False
13	17.08105398443637	0.21893384010886874	3.2625950222390174	6.3825848726724015	0.7679824811986813	4.139144369437031	-0.4959245876378494	0.5359749736285596	14.580522278124823	1.055274822949147	17.12689085057668	0.22175867073984068	17.081053985190813	0.21893384013591663	17.081053985190817	7.54443618689038e-10	2.7047891704157223e-11	False	False
14	17.08103369656688	0.22006339883894643	2.6790808359416904	6.178064369754684	0.7211547519748258	3.59188857918671	-0.5865642697584179	0.5032939014032309	9.623879701293099	0.6600504095612417	17.126808906082832	0.22321119989880506	17.081033696433618	0.2200633988365611	17.081033696433618	-1.332622900918068e-10	-2.3853419239827645e-12	False	False
15	17.0809555771653	0.2201348377696882	3.451459436998903	5.880230864211122	0.724635283370173	4.151366732423317	-0.8078621414966689	0.5057229642640437	11.312719929884915	1.1754843452963049	17.172109920719425	0.22772023833790286	17.080955575836906	0.22013483766125153	17.08095557583691	-1.3283951716402953e-09	-1.0843667630489051e-10	False	False
18	17.080933534756372	0.2204298318609731	3.4394007013106975	5.708855520586917	0.758544330049845	4.361444618990406	-0.48583774671664265	0.5293880879417868	4.712732749803054	0.4165870612029725	17.24189330810106	0.23535024730667498	17.080933535730956	0.22042983190200055	17.080933535730956	9.745839690822322e-10	4.102745920775419e-11	False	False
19	17.080907646072426	0.21949475037599053	4.138509104865396	5.943426307688898	0.6610085362306067	5.456225425644685	-0.7432006490479544	0.46131785743534043	10.175518355407206	2.159154549095202	17.191971094933468	0.22642761751433346	17.080907646474007	0.21949475038919164	17.080907646474007	4.015809906832146e-10	1.3201106874305424e-11	False	False
23	17.080940882458307	0.2195877273556207	3.631152106749723	5.370405347049327	0.7451209272169148	4.837246273736392	-0.6211174150240292	0.5200198951046848	12.349198268722473	1.213618592920152	17.51251555853852	0.25567448048339236	17.08094088477973	0.21958772744267774	17.080940884779732	2.321421277429181e-09	8.705702825295702e-11	False	False
27	17.08107277035748	0.21942662537479155	3.129472922219574	5.376547461103065	0.7229241060343833	4.605151829549297	-0.7568092092621392	0.504528733601396	13.634686687865692	1.1040948886859359	17.42003249691434	0.24898874326689857	17.081072770660967	0.2194266253904789	17.08107277066097	3.03487013297854e-10	1.5687368071226615e-11	False	False
29	17.080974725928254	0.21899810046638857	3.2381072944730813	5.5402043781315715	0.7472837615726003	4.20952863559074	-0.6385809289761865	0.5215293372015177	18.41763193185446	1.3507924570239953	17.292031449756717	0.2389585954843433	17.080974726508533	0.21899810048990445	17.080974726508536	5.80278936013201e-10	2.351588368476598e-11	False	False
31	17.08099169822017	0.21908896687424076	2.9279986866062404	6.491651795792252	0.7418973355180882	3.9625893529896716	-0.5110572096098301	0.5177701504580737	18.11219569613587	0.983416096225144	17.119640629573567	0.22092078231176876	17.080991698285924	0.21908896687536614	17.080991698285917	6.575362476723967e-11	1.12537756891129e-12	False	False
32	17.081061425340156	0.21964322148910276	2.7732441351025408	6.329725418057122	0.6954148370240114	4.284404009737704	-0.5996281954255099	0.4853300147590575	11.389413066728588	0.6288256408999849	17.1326288221708	0.22207960650199426	17.081061424977708	0.21964322147322343	17.08106142497771	-3.624478495112271e-10	-1.5879325632184305e-11	False	False
36	17.08112497981384	0.21848801422152173	2.8170904955856653	6.325222038493808	0.7647998925059523	4.673791768279778	-0.5805396229074923	0.5337538449799041	4.804364437490407	0.42182721878137813	17.141161363073003	0.22221073593165686	17.081124979850223	0.21848801422124559	17.08112497985023	3.638334078459593e-11	-2.7614022179989206e-13	False	False
39	17.081060450163516	0.21823408605019612	3.4101821874655713	6.367192141395249	0.7751505459095042	4.98932059507778	-0.2819583920008451	0.5409775659902429	13.479934796959514	2.805768582368587	17.1431704248929	0.22206413707172365	17.081060449858295	0.21823408604085442	17.081060449858295	-3.0522073757310864e-10	-9.341694084952223e-12	False	False
40	17.08102084893621	0.21883582207422617	3.236564612503896	7.0226861227311	0.7991965539895688	5.31290178562711	-0.2816634832359052	0.55775927502932	23.659994022734573	1.7552009248643574	17.113826178241062	0.21979633820159306	17.081020848848254	0.218835822072346	17.081020848848258	-8.7954532546064e-11	-1.8801626922027026e-12	False	False
43	17.080983510878113	0.21923428266207504	3.0124814453191537	6.755150556027933	0.7149556323776237	5.185244434122717	-0.5932877728332088	0.49896753583634357	18.449538530488397	0.7797778187416481	17.080983510878113	0.21923428266207504	17.039311808304937	0.21802223419043323	17.039311808304934	-0.04167170257317565	-0.0012120484716418023	False	False
44	17.080885516158407	0.21956391345414647	2.733325471222232	7.132920671911915	0.7679824811986813	4.139144369437031	-0.4959245876378494	0.5359749736285596	5.565416885044746	0.30165615664845674	17.10048891895994	0.22003140890749603	17.080885516069884	0.21956391345027426	17.080885516069888	-8.852296673467208e-11	-3.872208109712005e-12	False	False
45	17.080831989723116	0.21991176898300285	3.0751056126024556	7.14187088703389	0.8366217818104646	2.664651587473662	-0.5625324003754151	0.5838783415255232	1.2850481913511969	0.23089881996160025	17.08908426144299	0.22023464396510412	17.080831989785157	0.21991176898327808	17.080831989785157	6.204103897289315e-11	2.752242878045763e-13	False	False
46	17.08094073037395	0.2211277720485133	3.0643107146288786	7.682600219469275	0.8422005033749909	1.0749602343191214	-0.3668315270261998	0.587771731305406	1.3144292206050714	1.0228637567459482	17.08003022748781	0.22113689637390246	17.080940730145997	0.22112777204283385	14.965538294534973	-2.2795276777287654e-10	-5.679456904772451e-12	False	False
47	17.081087425248207	0.22105814966405057	4.1653421535245725	7.627264835523282	0.8266384952886572	1.1691288255327734	-0.45470807263172386	0.5769110058619539	1.282558541989849	0.9757532181150452	17.080239070521078	0.22107285351556338	17.081087424992145	0.2210581496570704	15.907746525358666	-2.560618383995461e-10	-6.9801664448476686e-12	False	False
48	17.081054241566203	0.22092261227803703	4.032067113879312	7.391278798768949	0.7318374916872261	2.7431191867093117	-0.4199771481558048	0.5107493854485151	0.22049591032565877	0.17191878819314269	17.085682026432018	0.2210502829770705	17.081054241477986	0.22092261227572443	21.784265456718728	-8.821743335829524e-11	-2.312594560294201e-12	False	False
51	17.081030025402487	0.22180585119641993	3.306515615894531	7.141237000016053	0.7362749242656499	3.307171474359241	-0.6121714233308749	0.513846269644997	0.2450860876892214	1.1115221471783512	17.092934226486786	0.22210470033800792	17.081030025493884	0.22180585119894525	18.65439808863246	9.139711210082169e-11	2.525313291812381e-12	False	False
54	17.080992535421494	0.2217280265548306	3.477708789890175	6.116530139270935	0.7648284506867847	2.124519878332643	-0.5957043505013032	0.5337737757343071	0.4546746049012379	1.8551628498708699	17.093425366349543	0.22386010267754988	17.080992535251493	0.22172802655457552	17.080992535251493	-1.7000090224428277e-10	-2.550737399076297e-13	False	False
57	17.08105004387012	0.22186439900767474	3.817731704828286	5.243174407958352	0.8296973381361064	1.6402124428327487	-0.4028428433568273	0.5790457722851886	0.25911596047119617	0.5698931888388181	17.14428448016414	0.2394792375462189	17.08105004239259	0.22186439898193364	17.08105004239259	-1.4775309864489827e-09	-2.5741103693022183e-11	False	False
61	17.08092005618946	0.22118486738686516	4.171288848981832	5.010670942408004	0.8006971022711677	2.475292026909516	-0.3833337979098372	0.5588065076750479	1.0303630643068162	3.976455415687732	17.50514923521158	0.2678705666892175	17.080919921275736	0.2211848589645021	17.08091992127574	-1.3491372286011938e-07	-8.422363056981297e-09	False	False
62	17.081105008117916	0.22089055491522108	2.7645423203791886	5.290624651753161	0.7561138846695031	1.8956098417615097	-0.3893905734572083	0.5276918801108462	1.3173883560511974	1.2785671397659033	17.1461829730088	0.2350113684681706	17.081105007900934	0.22089055490458764	17.08110500790094	-2.169819879327406e-10	-1.0633438574103593e-11	False	False
66	17.08095751809749	0.22119087506194987	2.4051156251779444	5.23492898844466	0.7561138846695031	1.8956098417615097	-0.3893905734572083	0.5276918801108462	1.480459667026674	1.123783780406466	17.164986206966812	0.2375911216653481	17.08095751683141	0.2211908750384618	17.080957516831415	-1.2660805737141345e-09	-2.348807259799912e-11	False	False
69	17.08088380629477	0.22175449004538222	1.9695728437313487	5.0442344778946255	0.7262056858862275	4.059606160582882	-0.4726569028825915	0.5068189481799982	0.143036441275955	0.09661623647149169	17.815510101105243	0.2803628765399329	17.080883660346128	0.22175448608847312	17.080883660346124	-1.459486433930124e-07	-3.95690910592883e-09	False	False
