Iteration_step	Porb	eccentricity	Wdisk	logQ	primary_mass	age	feh	secondary_mass	posterior_probability	acceptance_ratio	inital_orbital_period	initial_eccentricity	current_orbital_period	current_eccentricity	current_spin	delta_e	delta_p	bad_solution_flag	gsl_flag	
1	18.526	0.38	4.1	7.6640997433076645	0.9670940977401419	3.2953426078079895	0.1279183910243321	0.8119722044626231	39.52717662521778	0.0	18.54722905910556	0.3805586200572446	18.525999999789978	0.3799999999964186	16.03731929890243	-2.1002222183597041e-10	-3.5814129439870612e-12	False	False
5	18.52602158444016	0.37924887569914095	3.9390779455471105	7.737878308522491	0.9899150180321271	3.929144918528092	-0.033145670454002685	0.8311326491397739	103.03966511804431	2.606805593402957	18.554208836676104	0.37995902562989364	18.52602158494182	0.37924887570933297	15.650261910089284	5.016609350150247e-10	1.0192013899512631e-11	False	False
45	18.525977999630495	0.3794649848608312	4.383938420050004	7.499931664278729	0.9214404978295848	4.464240148181052	0.027964179536792755	0.7736414419777194	59.10643977534811	0.5736280267180078	18.570636694606982	0.38058561519491013	18.5259779998554	0.3794649848656954	15.316975208007456	2.249045394364657e-10	4.864220137790198e-12	False	False
118	18.5259795278359	0.37810304458367966	4.357635755882857	7.692582604635185	0.9740399953267638	5.12794683562932	0.08633379658894119	0.8178039800763509	22.610022190378093	0.38253060540127803	18.568087127565775	0.3791324857098471	18.525979528094783	0.37810304458993915	15.756646899974177	2.588826930605137e-10	6.259492923987864e-12	False	False
173	18.525960785373545	0.3785966836104032	3.6778658471455126	7.686182462423284	0.9774221393538938	4.594597848709234	0.12147573342078277	0.8206436282015293	30.638107014746456	1.3550675340683562	18.561929108665925	0.3794908356186021	18.5259607852959	0.378596683604207	15.870523880231387	-7.764455745018495e-11	-6.19621021158423e-12	False	False
186	18.52600694237982	0.3818087614743305	4.360861194498988	7.534262456692969	0.9164008920019513	4.518274639915203	0.10748278095520909	0.7694101889248384	13.981683681637941	0.4563494629386993	18.567699576375855	0.38284029048396173	18.52600694177796	0.38180876146663034	15.942668884738032	-6.018581188982353e-10	-7.700173831892698e-12	False	False
208	18.525913286897477	0.3804750694930994	4.150480329159343	7.558311929236201	0.9164008920019513	4.518274639915203	0.10748278095520909	0.7694101889248384	2.650809164697327	0.18959155599969826	18.56511527335364	0.38144021693463764	18.52591328693494	0.3804750694955999	16.306110253957915	3.746336574295128e-11	2.500499807212009e-12	False	False
230	18.52591619941483	0.3816831500317419	4.385834498360869	7.769148403642895	1.0044829597427871	3.7776269274479404	0.1917559130918361	0.8433638930000441	4.001496693589286	1.509537822216705	18.549480338624925	0.38228373825615514	18.52591619915752	0.3816831500297774	16.07855926033535	-2.573088409008051e-10	-1.9645396420742145e-12	False	False
272	18.52597299382108	0.3804870735707098	4.1988086722288696	7.767661314954172	1.046118107053772	3.490023755106277	0.27592687159720325	0.8783207626823469	16.114358395434447	4.027082771616661	18.54763010069161	0.3810709552953248	18.525972994055987	0.38048707357291084	15.104062507332989	2.349054284422891e-10	2.201017146319373e-12	False	False
334	18.52601988210129	0.38116817855369	3.8907421412732965	7.9074134151212405	1.060925399098257	2.9262484008860596	0.36947901768415403	0.8907529650828966	66.83202116172171	4.147358493693221	18.53708761618753	0.38148522449039673	18.526019882300847	0.3811681785585838	15.716655448582324	1.9955592733822414e-10	4.893807581396459e-12	False	False
368	18.526048500986157	0.3807973805145715	3.8935710406133692	7.676465472160798	0.9938787967651707	3.3266654477986926	0.26365090653890383	0.8344606377640373	74.44641327407786	1.1139332909583963	18.547429351781215	0.3813707610368685	18.526048499647473	0.38079738049731743	15.62176788116647	-1.3386838304541016e-09	-1.725408704800202e-11	False	False
390	18.52600914976215	0.3808019546532418	3.464657420510372	7.872776652892046	1.0100540308040051	2.0590923590103163	0.11703099775561573	0.8480413642630428	22.903489554813603	0.3076506784886112	18.531241814161508	0.3809775863291977	18.526009149735394	0.3808019546510243	15.207806870715547	-2.6755486715046572e-11	-2.2175039582350564e-12	False	False
392	18.52600582238826	0.38083175722055373	3.423326264491906	7.580710707566404	0.9549129927647607	2.364578050132813	-0.004205391188796537	0.8017449487252931	7.781710158373369	0.339760897122242	18.540032057062504	0.38123722994755105	18.526005822432676	0.38083175722291646	15.040146270903735	4.441602641236386e-11	2.362721129856027e-12	False	False
395	18.525954930420568	0.37999057646056167	4.159504269303054	8.187902835899136	1.0593439971532836	2.395886000510106	0.3100768276608691	0.889425220009897	20.41473743529461	2.6234255735325354	18.529524345325665	0.38010512564677024	18.525954930685185	0.3799905764654557	16.11675583286647	2.646167729380977e-10	4.894029626001384e-12	False	False
399	18.525956655334753	0.3803221473417491	4.241112799318395	9.01886713160804	1.0283500268735217	1.7945153351427563	0.1434882254329385	0.8634026825630089	59.45873431207718	2.912539752251735	18.526156417250753	0.38033106775428777	18.525956655334824	0.3803221473418689	15.400147021974837	7.105427357601002e-14	1.1984857550828565e-13	False	False
402	18.52595097132896	0.38014594947116315	3.943011635669348	9.136824670212045	0.9569708998531201	1.5232955662776062	-0.02016835961878568	0.8034727675166796	72.0902274707557	1.2124413394402314	18.52603981453405	0.38015028442442916	18.525950971316746	0.38014594947102515	15.41445564957678	-1.2214229627716122e-11	-1.3800072196090696e-13	False	False
426	18.52587231808421	0.38065850757430364	4.048128331092857	8.65274211062936	0.9632557171434829	1.6192331785255307	0.060225895418603584	0.8087495001136683	18.486687055966684	0.25643818454402906	18.526229375358295	0.38067386608552956	18.525872318098312	0.380658507574449	15.634851281987542	1.4100720591159188e-11	1.4538370507466425e-13	False	False
453	18.52592640664749	0.3805882272904639	3.893710565896476	8.942357738747473	1.0479282783481711	1.9632960932185899	0.07683537258344282	0.8798405825011245	26.32573218201036	1.4240373141121345	18.526302331154938	0.3806025684787434	18.52592640663392	0.3805882272902754	15.96423652968203	-1.3567813539339113e-11	-1.8846035843012032e-13	False	False
462	18.525924549068996	0.37988133375591365	3.56059977147273	8.936347270507461	1.0152186428968846	1.8484749836226557	0.15389667097560256	0.8523775725762243	32.987969771763076	1.2530694129869384	18.526220357440394	0.3798928966481284	18.52592454901946	0.37988133375478583	15.93673020197731	-4.9535486823515384e-11	-1.1278200595654653e-12	False	False
463	18.525960599339694	0.37971353112890116	2.960586399452284	9.087658613418514	0.9774627996899566	1.6268739442757616	-0.02609522694827765	0.8206777666196876	88.90082384400579	2.6949468081574026	18.52610620443952	0.3797196789136102	18.525960599370165	0.379713531129472	15.794013669405855	3.0471625223071896e-11	5.708211681110242e-13	False	False
473	18.525933726947052	0.37906436081585565	2.9526598821486663	9.441235685388056	1.0565011594781362	1.7568042460482616	0.1384604430663184	0.8870383734978431	3.115209773195448	0.035041405000494755	18.526001887979312	0.37906782461635047	18.525933726929853	0.37906436081567024	15.007535509416195	-1.7198686919073225e-11	-1.8540724511240114e-13	False	False
480	18.52589731173126	0.37996379578049294	2.4628004741634317	9.141941729957663	1.0256632746341843	1.6743374905694948	0.1873068308418348	0.8611468853828611	4.638774325750265	1.4890728597682878	18.526006238754178	0.3799694822624672	18.525897311723277	0.3799637957803415	15.078052579939976	-7.982947636264726e-12	-1.5143442055887135e-13	False	False
481	18.52596408947143	0.3812595988685695	2.628355878962394	9.751733942216328	1.0346750764311508	1.9345370842141942	0.26552319060635987	0.8687131941715942	10.376657773029235	2.236939554361903	18.526018759962874	0.3812616289337589	18.52596408947226	0.3812595988685527	16.0983499094872	8.313350008393172e-13	-1.6819878823071122e-14	False	False
482	18.525973346427485	0.38065200201826266	2.42256924643181	9.419008246934569	1.018724186831019	1.8781489853832412	0.21006427975229933	0.8553208272633236	8.990944378174612	0.866458601106	18.526076961578536	0.3806559630311208	18.52597334644698	0.38065200201862714	16.203598582503037	1.949373995557835e-11	3.644862189844389e-13	False	False
491	18.525964861460405	0.3799068802416638	2.591455822596681	9.92833470187881	0.9890948525910436	1.6965053634448535	0.15622267655755667	0.8304440382354402	67.52503022169331	7.510337889044153	18.52598837089324	0.37990784132284067	18.525964861456604	0.37990688024160824	15.863048614604294	-3.801403636316536e-12	-5.5566662382489085e-14	False	False
503	18.52598780599476	0.38065496058130494	3.0654877666399827	10.253899260847755	1.0032891112344715	1.7060797018323377	0.18347354076313532	0.8423615377924623	83.47119325613454	1.2361518829697362	18.5259982750955	0.380655417380538	18.525987805995754	0.38065496058131404	15.55252861179978	9.947598300641403e-13	9.103828801926284e-15	False	False
507	18.526021065841363	0.3799624782958103	2.9174804671729277	9.852697514064985	1.0601190896624548	1.9554298387363769	0.3152826732360118	0.890075987680597	114.53074932293514	1.3720991021596296	18.52606133413671	0.37996411361788324	18.52602106583987	0.3799624782957747	15.668235095363714	-1.4921397450962104e-12	-3.5638159090467525e-14	False	False
514	18.52602876745841	0.37969296760607957	3.6989562985152005	11.560046889215343	1.0421918741814042	1.7667519813203396	0.2566202399336094	0.875024297562707	8.092827528628423	0.07066074025072155	18.526029234960127	0.3796929915674165	18.526028767458357	0.37969296760607857	15.02895835211665	-5.3290705182007514e-14	-9.992007221626409e-16	False	False
518	18.52614178390003	0.37982876992881	3.1422406481459446	11.747187183216903	1.0032891112344715	1.7060797018323377	0.18347354076313532	0.8423615377924623	13.958091970430772	1.7247484789529919	18.526142110363732	0.37982878440480833	18.526141783900037	0.3798287699288104	15.544756603295621	7.105427357601002e-15	3.885780586188048e-16	False	False
525	18.52605561076211	0.38062626244999376	3.184330194729357	11.743960023572225	1.0283500268735217	1.7945153351427563	0.1434882254329385	0.8634026825630089	66.25327939028712	4.746585674506228	18.526056028890643	0.38062628003269056	18.52605561076211	0.3806262624499928	15.652216529219881	0.0	-9.43689570931383e-16	False	False
527	18.525945180020344	0.3796610430986332	2.443092699298609	11.902177627057844	1.0974261504068747	2.058683498949487	0.31632231557413065	0.921398995881612	82.41008109825968	1.243864180862588	18.525945598174985	0.3796610605090648	18.525945180020333	0.37966104309863263	15.705058148312977	-1.0658141036401503e-14	-5.551115123125783e-16	False	False
672	18.526061091736068	0.37908197518731795	2.5706739943153627	11.87750554668692	1.17433069275933	2.2373344270570477	0.4764884037248018	0.9859680496407335	16.105835379805757	0.1954352570118497	18.526061656481335	0.3790819999895885	18.526061091736047	0.3790819751873177	15.155760905859472	-2.1316282072803006e-14	-2.7755575615628914e-16	False	False
673	18.526041271469328	0.37772233346360296	3.2545373531828496	11.930514074785826	1.0346750764311508	1.9345370842141942	0.26552319060635987	0.8687131941715942	2.6294494116470757	0.16326066606541884	18.526041589769356	0.37772234605377125	18.526041271469406	0.3777223334636044	16.017749174132607	7.815970093361102e-14	1.4432899320127035e-15	False	False
727	18.52611240633998	0.37860660271161534	2.9935257907930297	11.805255173948515	1.0165629655380022	1.7272060780790435	-0.0033893239366564742	0.8535062658657067	13.07891938320837	4.97401445537444	18.526112730649206	0.3786066168720491	18.526112406339944	0.3786066027116161	15.692023395711963	-3.552713678800501e-14	7.771561172376096e-16	False	False
756	18.52606740338108	0.3798520057552623	2.646057512070379	11.3954957188345	0.9774627996899566	1.6268739442757616	-0.02609522694827765	0.8206777666196876	43.77308810515241	3.3468428715411576	18.526068150253728	0.3798520365644587	18.52606740338094	0.37985200575526007	15.934064253684348	-1.4210854715202004e-13	-2.220446049250313e-15	False	False
771	18.526080487763952	0.3795672714599298	3.017307918254429	11.259506903469443	0.9632557171434829	1.6192331785255307	0.060225895418603584	0.8087495001136683	25.43819880999619	0.5811378614387028	18.526081431239472	0.37956731047802345	18.52608048776364	0.3795672714599272	15.97089285604013	-3.126388037344441e-13	-2.609024107869118e-15	False	False
809	18.526050775438204	0.37939419104545846	2.66868254692799	11.494914942251897	1.0305536103792166	1.8157486406012033	0.18851475421598377	0.8652528112743902	65.35900328445256	2.569325122923762	18.526051549166485	0.37939422296784703	18.5260507754381	0.37939419104545735	15.74156011882557	-1.0302869668521453e-13	-1.1102230246251565e-15	False	False
836	18.526051335977282	0.3795759686111021	3.204327721283192	11.882478792037999	1.0957245965802531	2.0523889027023996	0.41494977162957686	0.9199703712887806	69.25567713137849	1.0596195420846155	18.526051731762685	0.37957598562903655	18.526051335977304	0.37957596861110215	15.39873964270021	2.1316282072803006e-14	5.551115123125783e-17	False	False
845	18.526038295256047	0.37912624128457273	3.6046114809282512	11.436099453034785	0.9632557171434829	1.6192331785255307	0.060225895418603584	0.8087495001136683	45.300425457066936	0.6541041447206085	18.52603888357721	0.3791262664846051	18.526038295256075	0.37912624128457234	15.878607534700642	2.842170943040401e-14	-3.885780586188048e-16	False	False
858	18.52602503225525	0.3788951560769541	3.933624749155363	11.096921106867281	0.9774627996899566	1.6268739442757616	-0.02609522694827765	0.8206777666196876	63.06564614317353	1.3921645438615895	18.52602629257422	0.37889521294853346	18.52602503225518	0.378895156076954	15.711764892919863	-7.105427357601002e-14	-1.1102230246251565e-16	False	False
866	18.52600853426558	0.38095670396116854	4.204064585639645	10.839480845527941	0.9774627996899566	1.6268739442757616	-0.02609522694827765	0.8206777666196876	80.03780812540661	1.2691189739609163	18.526010879466313	0.38095680816516875	18.526008534264765	0.3809567039611585	15.673646258605302	-8.135714324453147e-13	-1.0047518372857667e-14	False	False
868	18.52605106530825	0.37975025643444776	3.4553563112004966	10.753807468121586	0.9569708998531201	1.5232955662776062	-0.02016835961878568	0.8034727675166796	90.51543859581825	1.1309085133115446	18.52605330869092	0.37975036290806075	18.526051065307275	0.3797502564344342	15.53874623808341	-9.734435479913373e-13	-1.354472090042691e-14	False	False
869	18.52600231781386	0.37865543880845115	3.2941928337088417	10.669292894498259	1.0479282783481711	1.9632960932185899	0.07683537258344282	0.8798405825011245	3.7947828662259817	0.04192415045538207	18.526009403306944	0.37865570785934477	18.526002317814388	0.37865543880846025	16.236608056197706	5.293543381412746e-13	9.103828801926284e-15	False	False
874	18.525937611081712	0.379960644556338	3.6794560109856755	11.25464517144406	1.0245836423012644	1.9133651253632407	0.20560822636780202	0.8602404260761416	13.759884150699929	3.6260003894200463	18.525939165401613	0.3799607039911434	18.525937611081424	0.37996064455633133	16.131083853331482	-2.877698079828406e-13	-6.661338147750939e-15	False	False
877	18.52605225051645	0.3801379974531148	3.7520159171920273	11.345476742460157	0.9612676330698314	1.5877861176539514	0.001332294986789176	0.8070803047254305	80.19065236487539	5.827858104517276	18.526052938817145	0.3801380275497998	18.526052250516088	0.38013799745311105	15.784600909454126	-3.623767952376511e-13	-3.7192471324942744e-15	False	False
914	18.526097035676106	0.3798936920557711	3.9845561855005185	10.900560020536297	0.9774627996899566	1.6268739442757616	-0.02609522694827765	0.8206777666196876	48.66035342148066	0.6068082998012192	18.526099058407922	0.37989378227751386	18.526097035676454	0.3798936920557775	15.704091827013821	3.481659405224491e-13	6.38378239159465e-15	False	False
920	18.526115443901766	0.37933631503617443	3.1818623713728416	9.424629209454281	0.8883552127915042	1.3243935072679187	-0.14723794940861498	0.745863036659747	36.79491059604993	0.7561578987588521	18.52614606796817	0.3793378323448582	18.52611544390083	0.3793363150361517	15.664525288818915	-9.343636975245317e-13	-2.270406085358445e-14	False	False
946	18.52604969999811	0.3786303736081944	3.2296829458388703	10.024374968707008	1.0438325605104375	1.828900965468096	0.09735288095728188	0.8764018178045633	34.09442752528438	0.9266071577014389	18.526072403736222	0.37863135914043283	18.52604969999623	0.37863037360819807	15.610022228449312	-1.8829382497642655e-12	3.6637359812630166e-15	False	False
952	18.52606073702805	0.37902976763823426	2.9591831763035668	9.832358969969867	0.9278536173874168	1.4107290801455923	0.14127957085828716	0.7790258971584751	13.043344331645212	0.3825652834901623	18.52607309005003	0.37903045400594215	18.526060737029805	0.3790297676382765	15.195462832667593	1.7550405573274475e-12	4.2243986086987206e-14	False	False
966	18.52598048522927	0.37977570918846043	2.5373500147710946	9.942363366459617	1.0032891112344715	1.7060797018323377	0.18347354076313532	0.8423615377924623	103.10507231785537	7.904803376823089	18.526000619994186	0.3797766232937152	18.525980485232473	0.37977570918848624	15.643253786111151	3.204547738278052e-12	2.581268532253489e-14	False	False
1022	18.52594887811884	0.38015532838243815	2.9435300701816645	9.62820164201016	1.0032891112344715	1.7060797018323377	0.18347354076313532	0.8423615377924623	80.42857033915752	0.7800641474864586	18.525993134531028	0.3801572590488789	18.52594887812003	0.3801553283824488	15.557052373025925	1.1901590823981678e-12	1.0658141036401503e-14	False	False
1051	18.52609306636916	0.3804080228626811	2.545810067544675	9.883842944508814	1.0336708540217272	1.718203751574214	0.21766969222238342	0.8678700490366422	9.415405572798749	0.1170654349952402	18.52611723007058	0.3804091686443904	18.526093066367373	0.3804080228626614	15.162621415406162	-1.787014980436652e-12	-1.970645868709653e-14	False	False
1058	18.526106373429283	0.3800373392328152	2.4704618392044138	9.53201453511169	1.0938583199489949	2.0714218965561217	0.4361346232631954	0.9184034454291761	47.24172115821079	5.017491895908642	18.526197493106665	0.38004119753684057	18.526106373421843	0.38003733923267036	15.55935007071593	-7.439382443408249e-12	-1.4482859356235167e-13	False	False
1072	18.5261034001792	0.3797417690453061	2.93279981434674	9.307629113777061	0.9942629847456405	1.6969486472837498	0.32328359897037423	0.8347832019924397	26.153941823053156	0.5536195799358065	18.526183589825365	0.37974544509891445	18.52610340017607	0.37974176904529217	15.380053200941202	-3.1299407510232413e-12	-1.3933298959045715e-14	False	False
1096	18.526066001621878	0.3798151836495687	3.6399648185207467	9.10157800497566	1.0460008290937908	2.0744899483683903	0.45722108857064375	0.8782222961071467	421.22639201305583	16.105656075206593	18.526314841349887	0.3798245684617889	18.52606600160576	0.37981518364900907	15.998433247725904	-1.6118661960717873e-11	-5.596079155623102e-13	False	False
1199	18.52605304918373	0.3809461342056646	4.30606919350763	9.589132109614322	0.9928623718966797	1.7603581813013878	0.275173940546026	0.8336072474444522	608.1558913481347	1.443774423634132	18.526101510589754	0.38094820003319313	18.526053049185194	0.3809461342056905	15.6539994176557	1.4637180356658064e-12	2.5923707624997405e-14	False	False
1378	18.525979872316157	0.38106364638302476	1.598129530724742	8.744037596059894	0.9942629847456405	1.6969486472837498	0.32328359897037423	0.8347832019924397	602.7788197856726	0.991158399287159	18.526329131161056	0.3810782554740484	18.52597987236068	0.3810636463836723	15.55172364913611	4.452260782272788e-11	6.475375791126226e-13	False	False
1389	18.52599022228521	0.380367261056415	1.4284655652197527	8.25229488121752	1.0912634552609062	2.2565331393310095	0.5167097015719838	0.9162247970370568	1574.269173887533	2.611686280628256	18.528728693767874	0.3804617444181292	18.525990222236626	0.3803672610552417	15.533678344828097	-4.858335955759685e-11	-1.1732836924238654e-12	False	False
1395	18.526028684577934	0.3799928464212948	0.8127726619089515	7.934687213683604	1.0229971723316178	2.0045447730777903	0.15550733782220222	0.8589084258896263	659.6667700078689	0.41903048154012573	18.531421999809783	0.38016439052237233	18.52602868423708	0.3799928464144118	15.434478749732493	-3.4085445577147766e-10	-6.883049685768583e-12	False	False
1660	18.526069116231405	0.3794193907630065	0.456726555361054	9.273839218908561	1.0227321656399724	1.585723477410049	0.15522361749930497	0.8586859262713208	612.7567716412448	0.9288883410542803	18.52623180304677	0.379425187716819	18.52606911623733	0.37941939076308207	15.570839948119998	5.9259264162392356e-12	7.55506768257419e-14	False	False	False
1685	18.526050037861175	0.37929268167395025	0.7129394400963417	9.50160447292558	1.0256632746341843	1.6743374905694948	0.1873068308418348	0.8611468853828611	571.6432578909001	0.9329040238262505	18.5261360256737	0.3792959560346265	18.52605003784798	0.37929268167371194	15.712671855354708	-1.319477860306506e-11	-2.3830937223578985e-13	False	False	False
1701	18.525938567879614	0.3796651499310117	1.1942347738152546	9.588694402190505	1.0256632746341843	1.6743374905694948	0.1873068308418348	0.8611468853828611	435.72838156981794	0.7622382938223651	18.525994551275236	0.37966752077071436	18.52593856784882	0.3796651499306588	15.48193295017954	-3.079492216784274e-11	-3.52884388377106e-13	False	False	False
1711	18.526017042410814	0.37972231836117387	1.240988688808974	10.022610920848463	1.0222814632931492	1.7229779411967154	0.27494508005448565	0.8583075165809281	773.3437241553705	1.7748298179916828	18.52603824301079	0.3797231970676818	18.526017042413613	0.3797223183612258	15.616304050970594	2.7995383788947947e-12	5.190292640122607e-14	False	False	False
1893	18.52610251256481	0.38038150577028085	0.927885450167889	10.222478998057094	1.0311869219796042	1.762083080037482	0.24393114946233596	0.8657845396940756	208.21529384877616	0.269240296837198	18.526119623931084	0.3803821510385878	18.526102512565373	0.38038150577029406	15.869295036688131	5.613287612504791e-13	1.3211653993039363e-14	False	False	False
1953	18.52609636412885	0.38060362558120414	0.897834361658607	10.070356701493738	1.0445988069259438	1.6776223287532825	0.15361095823277746	0.8770451582950224	314.8655799965735	1.5122115872297832	18.526118491275028	0.38060452188624366	18.526096364133856	0.3806036255812697	15.428029813355428	5.005773573429906e-12	6.55586696041155e-14	False	False	False
2097	18.526089972742515	0.37992056093474225	2.271328116314783	9.000742695793596	0.9569708998531201	1.5232955662776062	-0.02016835961878568	0.8034727675166796	324.61448688667764	1.0309621232343347	18.52622793015713	0.3799268344514268	18.52608997271238	0.3799205609342131	15.691667638020256	-3.013411742358585e-11	-5.291322935363496e-13	False	False	False
2128	18.52605342719106	0.37926905637337627	0.8332867180203909	8.840014744554116	1.0532131557338713	1.7293513691538085	0.2338136639685509	0.8842777655541584	296.1203767099824	0.9122216927224124	18.52645100177275	0.37928500525009773	18.526053427160505	0.37926905637309055	15.307620732538636	-3.055333763768431e-11	-2.8571589538728404e-13	False	False	False
2166	18.526062906724142	0.3801083500975026	2.8539190165620547	8.662621085249956	1.0244234039503726	1.7939656019678707	0.08935009249032994	0.8601058899567329	575.8949333332737	1.9448000834380268	18.526600557912516	0.3801302213605875	18.526062906722217	0.38010835009748023	15.592187756663845	-1.9255708139098715e-12	-2.2370993946196904e-14	False	False	False
2216	18.526107174213774	0.3806769443390162	1.6542393226466463	8.050086971631796	1.0229971723316178	2.0045447730777903	0.15550733782220222	0.8589084258896263	176.2198395857792	0.30599303689966617	18.52962593606212	0.38079566291822	18.526107173696218	0.38067694433543736	15.642407500991467	-5.175557760139782e-10	-3.5788594310304234e-12	False	False	False
2280	18.526100817374655	0.3801567395395513	3.2897083814784462	7.660848812992785	0.9774221393538938	4.594597848709234	0.12147573342078277	0.8206436282015293	197.48499593543036	1.1206740194500056	18.564753691108415	0.38112065847171855	18.526100817714322	0.3801567395435385	15.490378675459533	3.396678494027583e-10	3.987199459487556e-12	False	False	False
2293	18.5259950270187	0.3807699852630663	1.8585612230285178	7.460642007575605	0.8529049314355078	7.467253762490051	-0.12263531483228962	0.7160989804332524	711.1200565050949	3.600881439811268	18.61236253555099	0.3827700453926817	18.525995026769834	0.3807699852626253	15.802704947097656	-2.488640404862963e-10	-4.4103609653234344e-13	False	False	False
2309	18.525945690119656	0.3806168302469549	4.427391845693997	7.45521758778692	0.8912321439598068	2.5740947835251964	-0.11489298307041815	0.7482785080686538	988.5162763585816	1.3900835271287266	18.545069244746113	0.3811389582350833	18.525945690082594	0.3806168302456178	15.665068900505826	-3.7061909097246826e-11	-1.3370970997073073e-12	False	False	False
2313	18.525918079698393	0.37985681936189525	4.3161189309045955	7.390046047688703	0.8425636378363377	6.125492635000422	-0.35201953565479477	0.7074164303273891	2064.977976800656	2.088967097646039	18.599938917450217	0.3816088017003107	18.525918079922004	0.3798568193657983	15.351214310671844	2.2361135165738233e-10	3.903044554220969e-12	False	False	False
2314	18.525964999929304	0.3796414476134462	2.8079160345193785	7.511882000878468	0.9035051160334295	6.114441034250438	-0.03392982735088157	0.7585828954216675	271.8488930613253	0.13164735707375946	18.59309833851887	0.38125783643543115	18.525965000269398	0.37964144762087104	15.282057312805168	3.4009417504421435e-10	7.42483852178566e-12	False	False	False
2353	18.526043063467853	0.3789239223158593	2.864114371746334	7.506078536991719	0.9131479775938297	3.012987823521379	-0.026851056142139895	0.7666790419877795	254.2708825910063	0.9353390397423702	18.549582166517126	0.3795486615866957	18.526043063855983	0.37892392233257827	15.819511152340883	3.8813041669527593e-10	1.6718959550132695e-11	False	False	False
2376	18.526055636208763	0.38010072806142386	3.60046904820706	7.555014618702849	0.8963809083052544	6.340682300792805	-0.08680900295957744	0.7526014106130916	676.8736527038876	2.662017946398669	18.59060513086686	0.38161563613963395	18.526055635803235	0.3801007280569826	15.790270500685573	-4.05528055580362e-10	-4.441280676559245e-12	False	False	False
2383	18.526022080205667	0.37999185622939924	2.483242685350254	7.434702670638313	0.8540148841370776	6.887226595536261	-0.019972039928127905	0.7170308967214903	460.6090631677896	0.6804948919607196	18.604895835089028	0.3818536682361426	18.52602208032916	0.3799918562314374	15.98874984597649	1.234923274751054e-10	2.0381474286068624e-12	False	False	False
2408	18.526030330779076	0.3810450214771307	3.5358872780610473	7.513233214188359	0.8671033357925053	8.56657469592662	0.05655381685591436	0.7280199607313875	234.08917361151893	0.508216603471924	18.61993048114703	0.38319821645783	18.526030332287554	0.3810450214977727	16.052441074031407	1.5084786753050139e-09	2.0641988118796917e-11	False	False	False
2416	18.526006764653825	0.3808051437262296	2.891382859497104	7.486500674773495	0.8627037396754679	8.099347937336757	0.028602786343648375	0.7243260598315229	382.634233583041	1.6345661257194193	18.61705311354889	0.3829112366936281	18.526006764441313	0.3808051437230461	15.979633724594468	-2.1251267412480956e-10	-3.183509011961405e-12	False	False	False
2487	18.52600948229038	0.38175380093547023	1.7984331934210156	7.544736854888307	0.8810136779225115	8.102856615309443	-0.0009836878173763372	0.7396990839837406	188.85106654741168	0.4935550715862081	18.61428487913288	0.38377873693091896	18.526009482281594	0.38175380093522887	15.766290926577057	-8.785860927673639e-12	-2.4136248555350903e-13	False	False	False
2539	18.52593119332583	0.38043337589378884	1.4774375492958325	7.637733363849697	0.8837253126629043	11.812205041374908	0.13573727924993317	0.7419757725117745	663.2467386508426	3.512009493916903	18.644604224483732	0.38306096295317005	18.525931193489665	0.3804333758957604	15.980984494863248	1.638333912978851e-10	1.971534047129353e-12	False	False	False
2554	18.525937663943306	0.37973544392614733	1.8609127930531837	7.5962101229797865	0.8877742240528961	10.872185768745002	0.11615074655096981	0.7453752385148116	1187.7963729118394	1.7908815885442881	18.642296020469832	0.3823573464943936	18.525937664103946	0.3797354439272742	15.59122410023221	1.6063950170064345e-10	1.1268763699945339e-12	False	False	False
2574	18.525969199403384	0.379356811742472	2.5889252263648728	7.425411160006826	0.831668145947905	10.52612656715441	-0.04655792007809534	0.698268575337861	1013.1974305540213	0.8530059980484742	18.65963180598154	0.38241967623613093	18.52596919977405	0.3793568117494684	15.443894795094288	3.7066527625029266e-10	6.9964034565828115e-12	False	False	False
2609	18.525939775150793	0.379380603348718	2.21392848460949	7.391673298048255	0.8584887824106986	7.317269213601171	0.09299182352960284	0.7207871817120225	905.8174707923775	0.8940187208104863	18.61774944201992	0.38158364338298356	18.525939775326023	0.37938060335267937	15.468331376403611	1.752304967794771e-10	3.961386774165021e-12	False	False	False
2674	18.525906504679003	0.38154860290901016	2.0846962312549318	7.352659471699314	0.8129353330575064	10.67169195324009	0.006077760745802907	0.6825405056350824	274.16715777696464	0.30267373573302	18.67411624632883	0.3849642358347329	18.525906504855527	0.38154860291337644	15.396505443094593	1.765236845585605e-10	4.366285111245816e-12	False	False	False
2679	18.525858576812762	0.3805167830051691	1.682767276351002	7.340207439416509	0.8102777463062025	9.443172235332307	-0.1427494590885679	0.6803091957986876	135.3939025972807	0.4938370580017604	18.65637962551029	0.38353944813418606	18.525858576697583	0.38051678300242486	15.351301041985531	-1.1517897746671224e-10	-2.744249272268462e-12	False	False	False
2744	18.52589990333466	0.3800234888981594	1.340241603759595	7.371827835569653	0.80778529620277	11.226433615188753	-0.1468889910790793	0.6782165346918456	258.3661186269993	1.9082551996118358	18.680051744032834	0.3835330484655968	18.52589990333194	0.3800234888996839	15.190645952160388	-2.7213786779611837e-12	1.5245027462640337e-12	False	False	False
2749	18.5260357573092	0.37980135870538395	2.951041640753663	7.400031228941497	0.8360010923142993	7.967727255069885	-0.1523090165429514	0.7019065171070857	1105.3247412251956	4.278133476243231	18.625708000548467	0.3821266919825609	18.52603575728693	0.3798013587055783	15.531568814540329	-2.226840933872154e-11	1.9434454046063365e-13	False	False	False
2772	18.526058134619827	0.37975814393832696	2.710980918617054	7.525942233453277	0.8708106100307207	8.865871995391696	0.05208006347719145	0.731132588181793	342.72053517790545	0.3100632080288164	18.62246127047779	0.38196698306537596	18.526058136785572	0.37975814396473495	15.99646084395088	2.1657449167378218e-09	2.64079869083389e-11	False	False	False
2789	18.526010200099087	0.3796479241684367	3.670969536846435	7.587741479190428	0.912913654705575	9.037783856219578	0.18050412337847097	0.7664823044908008	1378.2618879132563	4.021532842196933	18.62139370215427	0.38186408424221485	18.526010200489882	0.3796479241756127	15.50126882992893	3.907949519543763e-10	7.176037541967162e-12	False	False	False
