Iteration_step	Porb	eccentricity	Wdisk	logQ	primary_mass	age	feh	secondary_mass	posterior_probability	acceptance_ratio	inital_orbital_period	initial_eccentricity	current_orbital_period	current_eccentricity	current_spin	delta_e	delta_p	bad_solution_flag	gsl_flag	
1	18.526	0.38	4.1	7.6640997433076645	0.9670940977401419	3.2953426078079895	0.1279183910243321	0.8119722044626231	39.52717662521778	0.0	18.54722905910556	0.3805586200572446	18.525999999789978	0.3799999999964186	16.03731929890243	-2.1002222183597041e-10	-3.5814129439870612e-12	False	False
29	18.525904578689655	0.37913162642815146	4.261812178835162	7.892099279632369	1.0411593897024056	2.4426593799930427	0.21098131608799592	0.8741574235941397	22.127847833847166	0.5598135187760898	18.533406200380867	0.3793672958768977	18.52590457838732	0.3791316264196477	15.406365709704446	-3.0233593406592263e-10	-8.503753257116387e-12	False	False
90	18.526018946049046	0.3794288066983836	4.256941026819296	7.9337529369689905	1.052154325288998	2.430519879858908	0.17809444487512563	0.8833887715126427	52.63689397294075	2.3787624701768952	18.533046950712308	0.3796514212801499	18.526018945695366	0.3794288066925461	15.348527056106917	-3.5367975215194747e-10	-5.837497152327842e-12	False	False
127	18.526082779056495	0.3797972161382865	3.9087477187918243	8.075132894659609	1.0874338266475765	2.4207853142843043	0.42672869908871924	0.9130094408533053	35.89455600971842	0.6819276993845966	18.530646149876844	0.3799517215517088	18.526082779134658	0.3797972161384248	15.304043185874036	7.816325364728982e-11	1.383337888682945e-13	False	False
203	18.525996621669798	0.37978497101734926	3.785458142892517	7.968196872961844	1.0242732224305862	2.397155528332928	0.2589004378667611	0.8599797975527201	38.514113057900914	1.0729792297047287	18.531872398089217	0.37996572335394396	18.525996621548064	0.3797849710137199	16.03171092623806	-1.2173373420409916e-10	-3.629374578650868e-12	False	False
217	18.52587239137113	0.38050844555098295	3.352484042320297	7.951889591172321	0.9607813237470242	1.7467955930330428	0.20848773289521672	0.8066719994180015	13.062967733845163	0.3391735313807358	18.528232046245925	0.3805987275827653	18.525872391031974	0.38050844554389085	15.395085048695037	-3.39156258633011e-10	-7.0921046813055e-12	False	False
224	18.52596222512358	0.3808129075297907	3.647626376854935	8.236135205151687	1.050817605283631	2.1599088429734254	0.2896527243513822	0.8822664613961367	67.92516687224894	5.1998265827649535	18.52837004400169	0.38089653419267516	18.525962225369355	0.38081290753515323	15.744046857312151	2.4577673229941865e-10	5.3625437423932e-12	False	False
243	18.525946922095745	0.3806274078884121	3.247482172436147	7.704026516500224	1.0022470789597049	3.1214011698196846	0.24955906034326109	0.8414866474945683	76.48504851831855	1.1260192950599401	18.54448114373009	0.38113265661897205	18.525946922195207	0.38062740788885285	15.592270355283825	9.946177215169882e-11	4.4075854077618715e-13	False	False
278	18.525969819566654	0.3793403474358307	3.0293135376186417	7.565462517836764	0.9528870207105979	4.23824618026128	0.13141608012209643	0.800043942588618	62.22900454699488	0.8136100552004059	18.56428137175302	0.3803129875963802	18.525969820027708	0.37934034744820344	15.377434524123121	4.61053417666335e-10	1.2372713964481363e-11	False	False
290	18.526001134999916	0.3793631587003242	3.913133049136233	7.713204106604834	1.0194863754482808	4.784031379238092	0.3190077837757498	0.8559607608263766	76.16924576690698	1.224015173011237	18.56352720572076	0.3803148790141562	18.52600113489541	0.3793631586981279	15.334707591359992	-1.0450662557559554e-10	-2.196298698464716e-12	False	False
297	18.52599973501233	0.3808020965773676	4.478694805192983	7.688369122847612	0.964929248238519	5.591976146637298	0.11886587863002232	0.8101545968210606	99.23389594456827	1.3028079107970125	18.573666030862462	0.38194412361196944	18.52599973512346	0.38080209657516784	15.83607193316378	1.1112888387287967e-10	-2.199740389841054e-12	False	False
352	18.52595297921067	0.3799303360235068	4.275335411249148	7.703432682072284	0.9732101730957103	4.562344738032519	-0.05549803232963113	0.8171072613311584	111.06529789413479	1.1192274256386698	18.563226147313582	0.38084388856266793	18.525952979028627	0.3799303360204111	15.491547372173086	-1.8204104890173767e-10	-3.0956903707135552e-12	False	False
369	18.52598348247998	0.3798776603921285	4.462768660958247	7.684899988009777	0.9822962743550891	3.937697445502005	0.07410407125832844	0.8247359519485329	125.5816604472985	1.1307011535412297	18.55528853732069	0.3806245386644331	18.525983481776137	0.3798776603842901	15.63509229548821	-7.038423177618824e-10	-7.83839659845853e-12	False	False
379	18.525954402420986	0.380692484999598	3.941268736643609	7.537245211148757	0.951796100491493	2.9120629361534567	0.09722447853162304	0.7991280059726575	9.622197735962963	0.07662104244911626	18.548154851481314	0.3812949458966968	18.525954402988788	0.380692485011455	15.0864319913893	5.678018055732537e-10	1.1856959858391747e-11	False	False
398	18.526064111774414	0.38063708488088027	4.013152060966192	7.953251598275836	1.052154325288998	2.430519879858908	0.17809444487512563	0.8833887715126427	45.59831147229483	4.738866600285208	18.532975498051595	0.3808533659789057	18.526064111773508	0.380637084878536	15.42816060263722	-9.059419880941277e-13	-2.3442914276472493e-12	False	False
403	18.526111171421892	0.37981886785073665	3.727352613374354	7.901811719342445	1.023774114309909	2.3803622630576196	0.14992626793063948	0.8595607463745997	31.35253517546634	0.6875810564721435	18.533252824474744	0.3800380700763609	18.52611117124083	0.37981886784852126	15.696708489254588	-1.8106049992638873e-10	-2.2153945344882686e-12	False	False
404	18.52610560476675	0.37988123769814297	2.61399441622396	8.119569287486108	1.0009156583646532	1.8044552505498566	0.2014148336469731	0.8403687867629629	21.784371308784777	0.6948200898864235	18.52796277558503	0.37995326610970087	18.526105604764606	0.3798812376975972	15.36209209273668	-2.1458390619955026e-12	-5.45785638905727e-13	False	False
406	18.525946729820102	0.38113857785231353	2.4623665473481195	7.88971875375224	1.0228379507251308	2.542913199431211	0.15139340023860548	0.8587747434288199	24.4898542720067	1.1241937591346007	18.534893312204293	0.3813985652750346	18.52594672946628	0.38113857784885086	15.92925234516425	-3.538218606990995e-10	-3.4626745915034007e-12	False	False
415	18.52612729139455	0.3799004677577076	2.9538296367278907	7.617601323542264	0.9339518855956078	2.157181691553517	-0.025453836676882224	0.7841460031460723	25.338473197555853	1.0346518568923937	18.536270451795964	0.38020231962890894	18.52612729131329	0.37990046775589553	15.648660319038305	-8.125766726152506e-11	-1.8120505096419492e-12	False	False
461	18.526120226011635	0.3811888195267513	3.2867425384694124	8.417222758456449	1.0251755232180229	1.8730940484183711	-0.022975396120597857	0.860737369293852	14.638694114147313	0.57772597425323	18.52728226669897	0.381232753774892	18.526120226036802	0.3811888195269092	15.685834213953717	2.516742370062275e-11	1.5787371410169726e-13	False	False
471	18.526081017389853	0.3809279380625762	3.4061537135301108	8.372949382185643	1.0230789307915615	1.8847033557719386	0.2899169225000916	0.8589770702925951	30.687969033077863	2.096359743142662	18.527161313331796	0.3809709658070354	18.526081017584335	0.3809279380650143	15.440816781753833	1.9448265220489702e-10	2.438105273228075e-12	False	False
480	18.526043122246303	0.38066211026567526	3.261237623787339	8.20808140373996	1.0859105913179903	2.4215728621647856	0.3061818369667679	0.9117305324705847	61.720222273383236	2.011218865831636	18.529860249431334	0.3807854181301811	18.526043122143694	0.3806621102633625	15.839295771558845	-1.0260947647111607e-10	-2.312761093747895e-12	False	False
506	18.52597096623497	0.3797207878988426	2.3289554064508113	7.805467419100956	1.0150061037327123	2.3380952373896817	0.36273356744207086	0.8521991246939853	84.71493219192429	1.3725636277959015	18.533544070219566	0.3799601528705097	18.525970967111125	0.37972078791701724	15.415626889259677	8.761560366110643e-10	1.817462846886997e-11	False	False
512	18.525945622529743	0.3793578609366655	1.026479504487307	7.888726592086966	1.0355187022497112	2.6061075807664777	0.24476027053725327	0.8694215024088575	34.077059462132766	0.4022556423102616	18.536016649731607	0.37964492149589	18.525945621969164	0.37935786092848484	15.962347198536456	-5.605791386642522e-10	-8.180678356950466e-12	False	False
539	18.526006621763873	0.38010611181344667	1.5400947096675393	7.977791579684333	1.0032891112344715	1.7060797018323377	0.18347354076313532	0.8423615377924623	2.5883061632640874	0.07595450441198644	18.528377251895478	0.3802006103507756	18.52600662175494	0.380106111810742	14.895730991418546	-8.93152218850446e-12	-2.704669821440575e-12	False	False
553	18.526004297771358	0.3796330543636932	2.3906410524906954	7.519515958294622	0.9339518855956078	2.157181691553517	-0.025453836676882224	0.7841460031460723	6.575985313607767	2.5406520321826442	18.538688507990297	0.38001084424308723	18.526004297559723	0.3796330543588098	14.9845052757452	-2.1163515384614584e-10	-4.8834269961162136e-12	False	False
557	18.526077150053897	0.37987962726675384	2.384008337894532	7.540197086604108	0.9041445648391011	2.4646299659881703	-0.002071504828908416	0.7591197766389093	10.627066305577305	1.6160416726580253	18.541046141156666	0.38029376221882627	18.526077149891	0.3798796272641533	16.155160354016207	-1.6289547488668177e-10	-2.6005309017307354e-12	False	False
562	18.52599820341626	0.38003828970838816	2.2466611062857518	8.851572079934858	0.9959006840458772	1.7708705828706623	0.11874136764107263	0.8361582143249184	20.149284133855314	1.8960344797397708	18.52633260220073	0.38005120991859587	18.525998203419427	0.3800382897085942	16.132120566179115	3.1654678878112463e-12	2.0605739337042905e-13	False	False
567	18.525929781568482	0.3806113772037569	1.1022142043991079	8.560006063798859	0.9445059838465513	1.5600813562890927	0.03769658798770183	0.7930072240375644	5.104701076243349	0.2533440415218676	18.52649417436483	0.3806318616069247	18.525929781538427	0.38061137720318194	16.234356059191487	-3.005595772265224e-11	-5.749289933021373e-13	False	False
569	18.52591355819582	0.38131416602496954	0.642875515681423	8.581539750159257	1.0725806450105286	1.7801792779234287	0.11860926669943489	0.9005387095508398	12.87450967111488	2.522088850810729	18.52696308347376	0.38135189910295125	18.525913558207854	0.38131416602540413	15.351270089816738	1.2033041230097297e-11	4.3459680298951753e-13	False	False
604	18.525876796962685	0.37974887630468224	0.7436255993132093	9.098367483237675	0.9889707626344489	1.6377439918935277	0.237796570102509	0.8303398523078833	14.496138861638245	1.125956578692984	18.52606946897076	0.3797560403291478	18.525876796973858	0.3797488763048107	15.90674206146517	1.1173284519827575e-11	1.284528039491306e-13	False	False
625	18.525829163369863	0.38030750148310943	0.8059020535230131	8.429200896295187	1.0957245965802531	2.0523889027023996	0.41494977162957686	0.9199703712887806	5.816358740133876	0.40123503200745103	18.527532116267395	0.3803676214430219	18.525829163363404	0.3803075014833474	15.437073152323388	-6.458833468059311e-12	2.379763053284023e-13	False	False
636	18.525855645199268	0.38048103503909064	2.1577653195579902	8.854996963262428	1.018724186831019	1.8781489853832412	0.21006427975229933	0.8553208272633236	2.3308974938606792	0.4007485779336624	18.52624888446288	0.38049583486109395	18.525855645142403	0.3804810350381026	16.128278353457873	-5.686473514288082e-11	-9.88042980765158e-13	False	False
644	18.525974454215678	0.37992160859641927	3.575277132164879	8.965419896294733	1.0957245965802531	2.0523889027023996	0.41494977162957686	0.9199703712887806	38.71196303804669	16.608179098398633	18.526293084871714	0.37993554180907985	18.525974454282046	0.3799216085972523	15.207987557080175	6.636824423367216e-11	8.330558465274862e-13	False	False
667	18.52604053612823	0.3798679508798769	3.257022445469674	9.485732438717195	1.0009156583646532	1.8044552505498566	0.2014148336469731	0.8403687867629629	34.4309611771	0.8894139814935436	18.526116371707204	0.37987093155743434	18.52604053611272	0.3798679508796759	16.01408605821518	-1.5511147921642987e-11	-2.010058786083846e-13	False	False
672	18.52594547542112	0.3810016835740919	3.4280976135596037	9.178655753215926	0.9632557171434829	1.6192331785255307	0.060225895418603584	0.8087495001136683	38.11585149171946	1.1070225805101914	18.52605855467116	0.38100637800944004	18.525945475387488	0.3810016835734432	15.847859568837812	-3.363354039720434e-11	-6.48703313288479e-13	False	False
703	18.526090103064416	0.37964789708437197	2.968054598180413	9.316505511630659	1.1323356757386585	2.250034214381565	0.30353012819464675	0.9507090333501776	38.11340954433924	0.9999359335477328	18.526331029110985	0.3796569988882718	18.526090103060444	0.37964789708437024	15.841101787417658	-3.97193389289896e-12	-1.7208456881689926e-15	False	False
728	18.5260353793409	0.37906764143981925	3.8106135515664583	9.060547396888573	1.0307111460092366	1.9719142140038726	0.3436504673330596	0.8653850781893551	37.76533477416109	0.990867393541026	18.526274109164405	0.3790769414338981	18.52603537935664	0.37906764144003935	15.940076604026451	1.573852159708622e-11	2.2010171463193728e-13	False	False
729	18.52596324678345	0.38001107879197926	3.895987839056814	9.332187373756224	1.0032891112344715	1.7060797018323377	0.18347354076313532	0.8423615377924623	64.98737826355925	1.7208209235317937	18.526042338279034	0.3800147331630944	18.52596324679024	0.3800110787921205	15.395228906408864	6.789235840187757e-12	1.412203687323199e-13	False	False
747	18.526010483884175	0.379531846134478	4.0937270922694236	9.14932140280516	1.0032891112344715	1.7060797018323377	0.18347354076313532	0.8423615377924623	56.06202092307884	0.8626601414157189	18.52612727644788	0.37953734342980366	18.526010483882946	0.3795318461345286	15.350225610295059	-1.2292389328649733e-12	5.062616992290714e-14	False	False
752	18.52598594755706	0.3801979701944697	3.5789299857190486	8.937934438468476	0.9928623718966797	1.7603581813013878	0.275173940546026	0.8336072474444522	110.03143851772502	1.962673423219904	18.526210715619193	0.38020738942960136	18.52598594754364	0.38019797019428886	15.664569053957685	-1.3422152278508293e-11	-1.80855330711438e-13	False	False
761	18.525912545569554	0.3792579127124566	3.2658645743831975	8.478537580039099	1.0479282783481711	1.9632960932185899	0.07683537258344282	0.8798405825011245	38.50040445748379	0.34990367276968515	18.527028063708965	0.3793002648428923	18.525912545495938	0.37925791271280124	15.714192916089397	-7.361578013842518e-11	3.446132268436486e-13	False	False
767	18.525945249884845	0.37934738984153216	4.005167254132066	8.27534125581571	1.1249424090767428	2.4168920691699154	0.5341687036383613	0.9445016466608332	36.04315149066791	0.9361759181119919	18.528676950820234	0.3794473768502482	18.52594525030361	0.37934738984676786	15.211042217575558	4.1876546674757265e-10	5.235700761829776e-12	False	False
773	18.526014275101247	0.3800533053014911	3.8102131093656313	8.026714536019183	1.041669761829826	2.0993064054559314	0.24860627613545308	0.8745859320323219	36.27616547463873	1.0064648615432852	18.529559457984647	0.38017996699916135	18.526014275116946	0.3800533052988881	15.229929268896655	1.5699441746619414e-11	-2.603028903536142e-12	False	False
779	18.526114020468466	0.37975585733133876	3.974921045832997	7.925310322397948	0.9812233447926924	2.1841792423092405	0.030227467556774357	0.8238351202879445	1.6067859239974303	0.04429315786203371	18.53147777686742	0.3799196556752449	18.52611402038741	0.3797558573299239	16.293034299929946	-8.105516258183343e-11	-1.4148682225822995e-12	False	False
790	18.526110129243467	0.3802991094169141	3.635699318280602	8.187417214122625	0.9888764344216308	1.822298618625872	0.13822623674250037	0.8302606543404012	30.896556732318437	19.228794745383798	18.527732696500824	0.38036011153104926	18.526110128966838	0.3802991094147729	15.68912732897657	-2.766284978861222e-10	-2.141176125292077e-12	False	False
843	18.526096730860033	0.3804352102591717	3.0400164838710073	8.329702238704224	1.0251755232180229	1.8730940484183711	-0.022975396120597857	0.860737369293852	45.3260663663684	1.4670264637922064	18.527526942123547	0.38048922517867756	18.52609673073979	0.3804352102579982	15.605037129345359	-1.2024159445900295e-10	-1.1735057370287905e-12	False	False
876	18.526101909182604	0.3785296075548932	2.648824044613256	8.45043601056961	0.8883552127915042	1.3243935072679187	-0.14723794940861498	0.745863036659747	20.799050290062834	0.4588761381132242	18.526406595073567	0.37854427636800553	18.52610190917995	0.37852960755489307	15.600182818614188	-2.653877118063974e-12	-1.1102230246251565e-16	False	False
888	18.52608067215807	0.37947165865287746	2.7544337961248226	8.173162278022787	0.9399104221750795	1.6294643088385334	0.06887475232784432	0.7891487904581967	32.66775555563591	1.570636884860247	18.527323451799763	0.3795191379262835	18.526080672124802	0.3794716586517437	15.896485328448797	-3.326761088828789e-11	-1.1337597527472099e-12	False	False
893	18.526024879043604	0.38082131364628086	2.612945300729888	8.727312112794007	0.9632557171434829	1.6192331785255307	0.060225895418603584	0.8087495001136683	51.77370251175546	1.5848564320123106	18.526369682839743	0.38083510091318656	18.526024879124954	0.3808213136479353	15.87709777443666	8.135003781717387e-11	1.6544543512964083e-12	False	False
896	18.525970000628504	0.3817901510742186	3.0057892888480553	9.086097856976487	0.9293362663548749	1.481708495958135	-0.04864850717145777	0.7802707292315529	18.759457192300562	0.36233563145384745	18.52608135657936	0.38179487475022517	18.52597000065627	0.38179015107475833	15.838892860633544	2.7764457399825915e-11	5.397349234215199e-13	False	False
897	18.525948081856004	0.3805722028584103	1.9784682842451433	9.457333416092103	0.8883552127915042	1.3243935072679187	-0.14723794940861498	0.745863036659747	61.301589317957365	3.2677698874526793	18.525981433096135	0.3805737109615581	18.52594808185484	0.3805722028583849	15.931492558892145	-1.1652900866465643e-12	-2.5424107263916085e-14	False	False
916	18.52591485591584	0.3813328533193195	2.7514755159903785	9.347529385533011	1.0032891112344715	1.7060797018323377	0.18347354076313532	0.8423615377924623	21.427886520414734	0.34954862930670805	18.526003753454578	0.38133662660201384	18.525914855885162	0.38133285331888184	15.570951017084093	-3.0677682616442326e-11	-4.376499163072367e-13	False	False
922	18.52596608848987	0.38106200154390885	3.0968352884935264	8.55111960280467	1.0018137915205294	1.8014046887080852	0.02283287273711239	0.8411228593606365	28.112877408448874	1.3119762129440637	18.52671587499378	0.38109005818302605	18.52596608850571	0.38106200154425707	15.968360675764867	1.5841550293771434e-11	3.4822145167368035e-13	False	False
924	18.525995804637134	0.3819377439392948	3.4758135951634817	7.812419226547453	0.9560265591279665	1.9453932278670576	0.0489739437942594	0.8026798990438407	16.238173837049047	0.5776062549957595	18.53111248551939	0.3821028206492094	18.52599580478585	0.38193774394134594	15.745308312998878	1.4871659459458897e-10	2.0511370379949767e-12	False	False
963	18.526018804843584	0.38270671694164626	3.9998292117084118	7.652941345473532	0.9850563429957292	3.4094081003497525	0.27778110622778307	0.8270533055792142	24.62453501558405	1.516459625490686	18.549456389289453	0.3833253474488026	18.52601880536957	0.38270671695117475	15.58350383007868	5.259863655737718e-10	9.528489108845406e-12	False	False
978	18.526000681686774	0.3832823996203414	3.139418489549349	7.811546457626342	1.0339127850535514	3.693722789277314	0.3135776225916003	0.8680731743309618	2.4188358319425145	0.09822869062955762	18.547769725800357	0.3838451456871153	18.526000681053223	0.38328239961433036	15.851946317882241	-6.335518776268145e-10	-6.011025011076754e-12	False	False
982	18.526006506853744	0.38337099368132405	4.157984687331578	7.8206856543429355	1.0367910251267825	4.313514418273348	0.2967566051921585	0.8704897446964466	3.0740812737843513	1.2708928953295782	18.554143002849177	0.38407604725209304	18.526006506851225	0.3833709936832227	15.81714892167441	-2.518873998269555e-12	1.8986479055627115e-12	False	False
989	18.526062409437454	0.3818086717499365	3.387816265217033	7.854827796272625	0.9875068434518962	2.4476150099453156	0.07743423836022525	0.8291107457622121	4.948847064914637	1.6098621422661195	18.534701504132144	0.38205408125613655	18.52606240969155	0.38180867175234817	16.281487437215944	2.5409718773516943e-10	2.4116819652419963e-12	False	False
998	18.52603949515114	0.3825902105347416	4.301603591946073	8.170921178418862	0.9529660185910341	1.7377951275166605	0.006255465087682183	0.8001102692090323	11.970917243349948	2.418930527924171	18.527599256470456	0.3826461990623365	18.526039495296178	0.3825902105374843	16.00701757201328	1.4503953593703045e-10	2.7426949600339867e-12	False	False
999	18.52604530690242	0.3821223927066861	4.456482981923766	8.22411977736466	1.023286768024445	1.8115047600389667	0.1099991471187444	0.8591515704333241	10.023651510536919	0.8373336233783781	18.527438406074772	0.38218104300147326	18.526045307028422	0.382122392708896	15.036213871083197	1.2600054333233857e-10	2.209898930516374e-12	False	False
1043	18.525913154297907	0.38161781332654593	2.7008763310226036	8.655251494459772	1.0601190896624548	1.9554298387363769	0.3152826732360118	0.890075987680597	73.44705704604534	7.3273753550627125	18.526585576560993	0.3816444561770008	18.52591315434557	0.38161781332748373	15.442788893197584	4.766320671478752e-11	9.378053889008697e-13	False	False
1082	18.525942009488194	0.3819925263343872	0.7387442230694423	9.324439121959347	1.1075834787052625	1.963079513724122	0.44698172900686817	0.9299270887209384	145.53090013199656	1.981439501936211	18.526138271339775	0.3819998201697819	18.52594200949195	0.38199252633444863	15.420766476406856	3.7552183584921295e-12	6.145084441300241e-14	False	False
1131	18.52592607900673	0.38103516207462057	1.1983158784092287	9.540167236702244	1.1075834787052625	1.963079513724122	0.44698172900686817	0.9299270887209384	193.25011693072642	1.3278974895053113	18.526021578722357	0.3810391010553949	18.525926079025123	0.3810351620749048	15.23900081940349	1.8392398715150193e-11	2.8421709430404007e-13	False	False
1155	18.52598943396836	0.38002690716239	1.7698172319484988	9.11487923155523	1.0368002953930802	1.655211523879486	0.14101699162684156	0.8704975280120301	74.52543998652902	0.3856424056563125	18.52612350904331	0.3800335075426339	18.52598943400562	0.3800269071629816	15.039968828541207	3.7260861063259654e-11	5.915823386715147e-13	False	False
1195	18.52597867592206	0.3810734384093804	0.8863978763212641	8.63356283658479	1.0609192561846648	1.6743255352957567	0.2307535958196941	0.8907478074926446	7.952809969952486	0.1067126872567275	18.526548714355524	0.38109783710763895	18.52597867592152	0.3810734384094176	14.837395181873537	-5.400124791776761e-13	3.7192471324942744e-14	False	False
1196	18.525887907144586	0.38197719743230013	2.6178439176350854	9.097441852445339	1.018724186831019	1.8781489853832412	0.21006427975229933	0.8553208272633236	4.9077348656578215	0.6171070205625877	18.52612305537089	0.3819858298105481	18.525887907126982	0.38197719743224984	16.112203818380895	-1.7603696278456482e-11	-5.029310301551959e-14	False	False
1202	18.52599899723649	0.38239566651146184	4.464578602569055	9.282488283890169	1.0495948821727845	1.8187928093454087	0.0941864097208818	0.8812398630722699	45.19799385589924	9.20954271025825	18.526115333872465	0.38240102175185825	18.525998997183212	0.38239566651080503	15.227430355850645	-5.327649432729231e-11	-6.568079413682426e-13	False	False
1302	18.52604442408969	0.3818923795188434	4.048078764952385	9.905533922132006	1.0624179255766941	1.8835391708335942	-0.0012248366103048969	0.8920060903141924	771.2571143352684	17.063967856498213	18.526077390919596	0.38189384599029175	18.52604442409944	0.38189237951899446	15.405248477324305	9.748646334628575e-12	1.5104584250025255e-13	False	False
1482	18.52608868139148	0.38134433423935227	4.362594358136231	10.290449255157224	1.0165629655380022	1.7272060780790435	-0.0033893239366564742	0.8535062658657067	406.1313243600387	0.5265835696181234	18.526098483236414	0.38134478215607337	18.52608868139095	0.38134433423935443	15.466414355666506	-5.329070518200751e-13	2.1649348980190553e-15	False	False	False
1724	18.526012801108376	0.38014201977161555	2.688853764207219	10.800433817772113	1.0641935635606756	1.7465108634329602	0.0324113285123791	0.8934969159655433	179.49203795801782	0.44195566111737955	18.526015894767465	0.38014218031158675	18.52601280110893	0.38014201977162115	14.953483612053107	5.542233338928781e-13	5.6066262743570405e-15	False	False	False
1764	18.525937791119947	0.3811450488774093	1.1591655281052708	11.0696287233773	1.0624179255766941	1.8835391708335942	-0.0012248366103048969	0.8920060903141924	360.5862575125858	2.008926198703727	18.52594124207791	0.38114517252523683	18.525937791119432	0.3811450488774026	16.19227079210662	-5.151434834260726e-13	-6.716849298982197e-15	False	False	False
1800	18.525944406273165	0.3811921764146896	1.893410766725824	10.892865493866895	1.0165629655380022	1.7272060780790435	-0.0033893239366564742	0.8535062658657067	333.1984562103159	0.9240464639689882	18.52594756202036	0.38119230226899736	18.525944406273922	0.38119217641470315	15.953135477212598	7.567280135845067e-13	1.354472090042691e-14	False	False	False
1806	18.525969320291445	0.3811522785638857	2.3068590692646813	11.148348827243435	1.0974261504068747	2.058683498949487	0.31632231557413065	0.921398995881612	694.4393887269337	2.0841614832951127	18.525971835454524	0.38115238010416225	18.52596932029193	0.3811522785638951	15.73311364870707	4.867217739956686e-13	9.381384558082573e-15	False	False	False
1848	18.525941515561307	0.3802984772504976	0.763493049349387	11.31694194134119	1.0957245965802531	2.0523889027023996	0.41494977162957686	0.9199703712887806	465.3131350138868	0.6700557925824344	18.525943748860666	0.38029855545863495	18.52594151556141	0.3802984772504984	16.05982233942871	1.0302869668521453e-13	8.326672684688674e-16	False	False	False
1873	18.526033707768256	0.37902051992722074	1.2682280328584523	11.241908945019876	1.0032891112344715	1.7060797018323377	0.18347354076313532	0.8423615377924623	219.13651944440736	0.4709441942529034	18.526035033848448	0.3790205718375934	18.526033707768033	0.3790205199272161	15.992843548937762	-2.2382096176443156e-13	-4.6629367034256575e-15	False	False	False
2116	18.525953239601623	0.3790303480541088	0.6301615752944336	11.195054115231537	1.00417843831259	1.614629520309991	0.2422779706415456	0.8431082168072506	706.108718655037	3.222232060841732	18.525954801809824	0.37903040753869643	18.52595323960163	0.3790303480541091	15.69508709490609	7.105427357601002e-15	3.3306690738754696e-16	False	False	False
2134	18.526076208609854	0.37948257418224624	0.7309888699184267	11.690588889336977	1.0256632746341843	1.6743374905694948	0.1873068308418348	0.8611468853828611	744.1505675237779	1.0538753422294533	18.52607676111667	0.37948259527108785	18.526076208609734	0.37948257418224435	15.735533116697072	-1.2079226507921703e-13	-1.887379141862766e-15	False	False	False
2273	18.52607289548926	0.37980479960801755	2.2000490570363107	11.820990863974785	1.0032891112344715	1.7060797018323377	0.18347354076313532	0.8423615377924623	565.6987139015246	0.7601938889651505	18.526073180490766	0.3798048120505086	18.526072895489147	0.3798047996080166	15.725603491287842	-1.1368683772161603e-13	-9.43689570931383e-16	False	False	False
2290	18.526084736815857	0.3787756577320487	3.411977170920685	11.248691595481445	0.9632557171434829	1.6192331785255307	0.060225895418603584	0.8087495001136683	127.55734626200785	0.22548636425610244	18.526085650635313	0.37877569668590666	18.526084736815456	0.378775657732043	15.90705076084726	-4.014566457044566e-13	-5.662137425588298e-15	False	False	False
2293	18.526011350534002	0.3784860293954664	4.2750987942593115	11.057230139240595	0.9017144460266756	1.3911472642918516	-0.16260449556720896	0.7570794488839968	739.7332231487462	5.799220858901414	18.526012120847497	0.37848606763915765	18.526011350534112	0.37848602939546755	15.723046651250632	1.1013412404281553e-13	1.1657341758564144e-15	False	False	False
2333	18.525987156148037	0.3791942480186237	1.9040530009170293	11.421595535506862	0.9774627996899566	1.6268739442757616	-0.02609522694827765	0.8206777666196876	202.2120109817658	0.2733580223976297	18.525987889028098	0.37919427766694863	18.525987156147963	0.3791942480186236	16.11433269932148	-7.460698725481052e-14	-1.1102230246251565e-16	False	False	False
2437	18.525959274906782	0.37941992521440543	1.308963369832365	11.442564427127035	1.0336708540217272	1.718203751574214	0.21766969222238342	0.8678700490366422	727.3875591247213	3.597153084988174	18.525960082126648	0.3794199596300667	18.525959274906672	0.37941992521440454	15.510875729458146	-1.1013412404281553e-13	-8.881784197001252e-16	False	False	False
2474	18.52591458761082	0.37957539040951316	0.7498169797152492	10.302561023249254	1.0021479329502412	1.6110575625667505	0.1285308622089631	0.8414034045050225	320.99817351746253	0.4413028096104991	18.52592681544727	0.3795758537961367	18.52591458761052	0.3795753904095166	15.850686363106707	-3.019806626980426e-13	3.4416913763379853e-15	False	False	False
2590	18.526048036146076	0.38001875707541877	1.3244562963958857	10.025157828126305	0.9774627996899566	1.6268739442757616	-0.02609522694827765	0.8206777666196876	45.191273008594834	0.14078358301355381	18.52606936935745	0.38001955511110286	18.526048036144655	0.3800187570754012	16.29522483104204	-1.4210854715202004e-12	-1.7541523789077473e-14	False	False	False
2622	18.526072425068318	0.3804281011909144	1.3172301680036897	10.070539081227121	1.0021479329502412	1.6110575625667505	0.1285308622089631	0.8414034045050225	400.22586609219405	8.856264483102212	18.52608885695244	0.38042879905168603	18.526072425067287	0.38042810119088455	15.581132174307248	-1.0302869668521453e-12	-2.986499936241671e-14	False	False	False
2778	18.525929921742723	0.37997592243729056	2.832122393905027	9.735487059959544	1.0974261504068747	2.058683498949487	0.31632231557413065	0.921398995881612	766.0387212909409	1.9140160249274842	18.525994215607426	0.37997852727405884	18.525929921752084	0.3799759224374228	15.602039200464088	9.36140054363932e-12	1.3222756223285614e-13	False	False	False
2841	18.5260205515586	0.3801041797063558	0.578368270758483	9.716476739830517	1.014744154212684	1.5139713867346836	0.024754966619275648	0.8519791918769696	1297.682452392595	1.6940167857386106	18.526068155790572	0.38010601572817226	18.52602055156359	0.3801041797064245	15.406897379958982	4.991562718714704e-12	6.872280522429719e-14	False	False	False
2910	18.52597101851264	0.37978884406229435	0.9117640648793284	10.163719215694698	1.0816524485689711	1.8852775262062256	0.4227663294626326	0.9081553958185081	1011.6617581230386	0.7795911521018047	18.525992513044397	0.37978970238792054	18.525971018512035	0.3797888440622891	15.420486012715408	-6.039613253960852e-13	-5.2735593669694936e-15	False	False	False
3048	18.525997314346696	0.38002354577196756	1.049539140979821	9.995754971744859	1.00417843831259	1.614629520309991	0.2422779706415456	0.8431082168072506	730.0714078830337	0.721655634426227	18.526016812159227	0.3800243724564884	18.52599731434545	0.3800235457719755	15.467021570714875	-1.2470025012589758e-12	7.93809462606987e-15	False	False	False
3062	18.526003909470976	0.38000682247944234	1.442513844260724	9.933500710876427	0.9941045803869049	1.635133610697573	0.04539365935627093	0.8346502056928453	494.88153279075544	0.6778536009590469	18.526028616602776	0.3800078114843727	18.52600390947165	0.3800068224794564	15.922612708059196	6.750155989720952e-13	1.404432126150823e-14	False	False	False
3074	18.52602595597886	0.3811316389888789	0.6642459896805449	10.558373984746531	1.0021479329502412	1.6110575625667505	0.1285308622089631	0.8414034045050225	325.61716545817114	0.6579699258970889	18.526033385455356	0.38113190941590475	18.52602595597885	0.3811316389888825	15.906359390388024	-1.0658141036401503e-14	3.608224830031759e-15	False	False	False
3124	18.526002749184077	0.3800521898959815	1.0194861420541652	10.245738727648726	1.0021479329502412	1.6110575625667505	0.1285308622089631	0.8414034045050225	830.8848688006832	2.5517231796780653	18.526014932909487	0.3800526804162018	18.52600274918342	0.38005218989597894	15.708032458480751	-6.572520305780927e-13	-2.55351295663786e-15	False	False	False
3126	18.525969176161215	0.3806624452357857	1.1823253042703283	10.727979695631337	1.0021479329502412	1.6110575625667505	0.1285308622089631	0.8414034045050225	644.6408265336285	0.7758485570499276	18.525972991039186	0.38066260272280084	18.525969176162214	0.38066244523579923	15.640314879774001	9.983125437429408e-13	1.354472090042691e-14	False	False	False
3178	18.525966871512296	0.3792315351315657	4.315687173104498	10.293276753596237	1.0283500268735217	1.7945153351427563	0.1434882254329385	0.8634026825630089	714.9049456342087	1.1089973147968388	18.52597712940752	0.37923200123271517	18.52596687151246	0.37923153513156715	15.485756553613522	1.6342482922482304e-13	1.4432899320127035e-15	False	False	False
3218	18.52597098615433	0.3796660411138013	4.003277586735675	9.730036225956127	1.0244234039503726	1.7939656019678707	0.08935009249032994	0.8601058899567329	1057.0115938503384	1.4785344545527503	18.52601175338423	0.37966780337630657	18.52597098614692	0.37966604111372537	15.64813167202159	-7.410960733977845e-12	-7.593925488436071e-14	False	False	False
3264	18.525956986914856	0.3796653314815636	2.071574729363852	8.917530911171022	1.157023479312595	2.2048075082444587	0.3917170247249049	0.9714369132308548	1094.138611237082	1.035124512921852	18.52649466048809	0.3796876791897246	18.52595698696491	0.379665331482224	15.237878923298272	5.005418302062026e-11	6.603606550470431e-13	False	False	False
3330	18.525973683010157	0.3799869471731585	0.7305147552880742	9.02375573458528	1.0445988069259438	1.6776223287532825	0.15361095823277746	0.8770451582950224	913.8515401227016	0.835224651371603	18.52624384496132	0.37999743950910014	18.525973682975508	0.37998694717268383	15.428799924559872	-3.4649616509341286e-11	-4.746758541784857e-13	False	False	False
3433	18.52594669441006	0.38018112151728084	1.9990920221510984	8.887017954485527	1.0601190896624548	1.9554298387363769	0.3152826732360118	0.890075987680597	544.6224095842318	0.595963770560704	18.526336520178138	0.38019666202548674	18.525946694434996	0.3801811215179074	15.698352507837198	2.4936497311500716e-11	6.265543639472071e-13	False	False	False
3473	18.52588870434363	0.3801994583694952	3.2816681508434096	8.58007428198099	0.9612676330698314	1.5877861176539514	0.001332294986789176	0.8070803047254305	212.60267245249395	0.39036710335661023	18.52630867236544	0.380217441021413	18.525888704396724	0.3801994583703905	15.636614629754803	5.3095305929673486e-11	8.952838470577262e-13	False	False	False
3497	18.526030914562575	0.38034623391402883	3.3936871014500083	9.101555017906795	0.9959006840458772	1.7708705828706623	0.11874136764107263	0.8361582143249184	217.75250745089778	1.0242228140361431	18.526211990388216	0.38035333494939716	18.52603091455033	0.3803462339137804	16.000953860864776	-1.2246204050825327e-11	-2.484124017598788e-13	False	False	False
3502	18.526049417682348	0.38082632326697863	2.5797909889875528	8.94285369926559	0.9632557171434829	1.6192331785255307	0.060225895418603584	0.8087495001136683	168.901655058553	0.7756588295390332	18.52626019611091	0.3808347237246315	18.52604941763832	0.3808263232661177	15.948958775100758	-4.402878062137461e-11	-8.609224444455776e-13	False	False	False
3545	18.526039901977473	0.38149052597117084	2.933290955110092	9.184448796496588	0.9632557171434829	1.6192331785255307	0.060225895418603584	0.8087495001136683	95.68031046413361	0.5664853339119987	18.526158136546123	0.38149528795482	18.526039901963532	0.38149052597090044	15.927451343470393	-1.3940848475613166e-11	-2.703948176474569e-13	False	False	False
3620	18.52603976529999	0.38172339267783795	2.3451935547647036	10.127186380511457	0.9632557171434829	1.6192331785255307	0.060225895418603584	0.8087495001136683	29.02125492277058	0.30331480721573734	18.526053198118266	0.3817239361765353	18.52603976530114	0.38172339267785904	16.09430581457997	1.1475265182525618e-12	2.1094237467877974e-14	False	False	False
3636	18.52601643696826	0.3819085370312712	3.027809405293917	10.399381041315277	0.9774627996899566	1.6268739442757616	-0.02609522694827765	0.8206777666196876	115.8843498203252	3.993085417178164	18.526023866369393	0.3819088430098355	18.526016436970192	0.38190853703130095	15.855448926596681	1.9326762412674725e-12	2.9753977059954195e-14	False	False	False
3678	18.526041542076847	0.38066220115625493	2.7432081798185317	10.218833146334529	0.9959006840458772	1.7708705828706623	0.11874136764107263	0.8361582143249184	51.380823221937476	0.44338017429965065	18.5260562648297	0.38066276010450484	18.526041542079835	0.38066220115629046	16.18840701778864	2.9878322038712213e-12	3.552713678800501e-14	False	False	False
3697	18.52605695991452	0.3815697579440023	1.7098240027465714	10.610577552731446	0.9296142313764777	1.3344444691763024	-0.01793724466439367	0.7805041086636907	59.077002254232056	1.1497869934674116	18.526059127799943	0.3815698729113894	18.526056959914676	0.3815697579440037	15.211828369383996	1.5631940186722204e-13	1.4432899320127035e-15	False	False	False
3744	18.52608959526323	0.37996846412119356	1.940283169944916	11.406532797446088	1.0032891112344715	1.7060797018323377	0.18347354076313532	0.8423615377924623	331.9566238604345	5.619049904257022	18.526090380560827	0.37996849729587623	18.526089595263176	0.37996846412119295	15.787944528689977	-5.3290705182007514e-14	-6.106226635438361e-16	False	False	False
