Step	Time_elapsed
1	0.0
2	1582657645.9313552
3	1283.1544806957245
4	1476.3098766803741
5	1179.0777561664581
6	1110.3062942028046
7	1011.8090620040894
8	586.6584870815277
9	1123.8607091903687
10	1278.5167677402496
11	1054.762563943863
12	1074.6355521678925
13	940.1983046531677
14	1081.362174987793
15	1101.583821296692
16	1180.3678958415985
17	1273.4380328655243
18	1657.8266351222992
19	1338.093757390976
20	1338.093757390976
21	1154.7898633480072
22	1154.7898633480072
23	1198.7071104049683
24	1127.26194024086
25	809.4435665607452
26	1839.14000582695
27	1288.5416734218597
28	1229.6304624080658
29	1490.153683423996
30	1290.1136116981506
31	1386.1631438732147
32	1539.6664004325867
33	1076.7380301952362
34	1170.633956670761
35	1217.6983439922333
36	637.7556750774384
37	1265.5052235126495
38	1164.986840724945
39	1359.4509863853455
40	1018.1761362552643
41	1473.8479464054108
42	1461.4455502033234
43	1000.0806798934937
44	1381.790902376175
45	1008.4200923442841
46	1636.6902680397034
47	1601.05300116539
48	1224.5685849189758
49	1526.1537737846375
50	1672.9736206531525
51	2144.5843930244446
52	1779.5406506061554
53	2122.307196378708
54	1645.015022277832
55	1925.794290304184
56	1925.794290304184
57	1641.504849910736
58	1888.6159598827362
59	1502.7489488124847
60	1502.7489488124847
61	1422.115270614624
62	2162.4469826221466
63	1492.4327991008759
64	1797.3452291488647
65	2112.792380809784
66	1750.2275862693787
67	2172.5810055732727
68	1925.033852338791
