Iteration_step	Porb	eccentricity	Wdisk	logQ	primary_mass	age	feh	secondary_mass	posterior_probability	acceptance_ratio	inital_orbital_period	initial_eccentricity	current_orbital_period	current_eccentricity	current_spin	delta_e	delta_p	bad_solution_flag	gsl_flag	
3	10.644057071137773	0.18353840416845804	3.736401687031589	6.421926477888792	0.669825553650295	5.547007634419193	-0.8017176059791833	0.37624101348537065	nan	0.9661322253320114	10.876144419678646	0.202318669877505	10.643991503894593	0.18389008876305726	10.643991503894593	3.235189893757706e-10	1.941022342855092e-11	False	False
4	10.643952161653038	0.18392769237889112	3.072683440225447	6.128783201553093	0.6751538483974896	4.9914100355970685	-0.8465167177699897	0.3792339166448699	nan	0.9661322253320114	10.876144419678646	0.202318669877505	10.643991503894593	0.18389008876305726	10.643991503894593	3.235189893757706e-10	1.941022342855092e-11	False	False
5	10.643986069723422	0.18344158523530826	3.929527047184238	5.95004713406225	0.7516852074886136	5.516353032517981	-0.7508634147909176	0.4222215810463542	nan	0.9661322253320114	10.64804139249127	0.14846434356323115	10.427470771116061	0.11543631891775037	nan	-0.2165152986073604	-0.06800526631755789	True	False
6	10.6440176148218	0.18282228958149077	3.5285992559273014	6.46566657644132	0.6737623759722062	4.849969794163407	-0.6112631653517459	0.37845232658358824	nan	0.9661322253320114	10.64804139249127	0.14846434356323115	10.427470771116061	0.11543631891775037	nan	-0.2165152986073604	-0.06800526631755789	True	False
7	10.644032038157329	0.18454612915929797	4.120837326944	7.11790421783522	0.735282330405948	6.472286980239389	-0.512023134972062	0.413008084989021	78.36255442119018	0.5467498898828527	10.758971115098786	0.18812197733490377	10.64403203826975	0.18454612916715654	10.644032038269753	1.1242029529512365e-10	7.858574901931092e-12	False	False
8	10.643969471308264	0.18252183091690416	3.522673633731337	6.209164022588165	0.7281986327318708	5.5010174833456755	-0.4347292273050028	0.4090291720054918	nan	0.5467498898828527	10.726206833128956	0.18244284681267403	10.483372268328004	0.15965511378471425	nan	-0.16059720298025937	-0.022866717132189907	True	False
10	10.644021498420267	0.18257721880609262	4.468160208178658	6.550921935196067	0.6684308377289915	5.230375735209352	-0.7000867220154454	0.3754576015523745	nan	0.6232369639784037	10.843128610261756	0.19884148174682117	10.644039582098296	0.18382550339874865	10.644039582098298	-2.624886974444962e-10	-2.84245404991168e-11	False	False
12	10.644064947747914	0.1831692656386032	3.7783356399231316	5.273505472259007	0.7533198191984547	3.6011979969399706	-0.3734360253221853	0.423139742443772	17.449637590769694	0.1943889807855561	10.871585866062558	0.1894052097706493	10.636508630151107	0.09409908121950239	10.636508630151111	-0.00755631759680675	-0.0890701844191008	False	False
13	10.644081888057784	0.1838635154572106	4.30747907777893	6.17196215936165	0.7538407593934033	4.345737847964497	-0.427570208430528	0.42343235455127465	5.990748673767577	0.06673694641383862	10.856328719347655	0.2075437144386742	10.644079902029542	0.18386324064242546	10.644079902029542	-1.9860282414185804e-06	-2.748147851505678e-07	False	False
14	10.644035753361802	0.1824370883297809	4.850082128083077	5.343671284052362	0.7893474374738387	4.212773446508948	-0.21463756446707644	0.4433764556290552	0.0	0.0	10.95743698548104	0.19424980415811396	10.684454432604435	0.08762573838155806	10.684454432604435	0.04041867924263265	-0.09481134994822284	False	False
15	10.64404773323691	0.18280970910231606	4.767344458384755	5.465800988554847	0.7404861357787497	4.178007716585058	-0.4176904344916783	0.4159310624669237	0.0	0.0	11.063254818928252	0.22185095332534976	10.641600526528192	0.13209072426202956	10.641600526528194	-0.0024472067087177862	-0.0507189848402865	False	False
17	10.644039865616397	0.183457139743997	3.5029144003573576	6.290199651053915	0.7256836474625639	3.4335348256171896	-0.5304335084507092	0.4076165047797221	70.75230967885668	0.6891060502826635	10.772904833685777	0.19489403890095366	10.644039865165665	0.18345713971849212	10.644039865165665	-4.5073278442941955e-10	-2.5504875988957565e-11	False	False
19	10.644019597166203	0.18406906311487928	2.790856887636607	7.689693080282419	0.6902287231228882	7.097204311497117	-0.7141776858387106	0.3877014737781263	nan	1.4326273836139256	10.773892915966748	0.19200040095261253	10.644011126096352	0.18408828244560158	10.644011126096352	5.295213156841783e-10	3.163672102068915e-11	False	False
20	10.64404234190352	0.1840864892044598	2.126106515219587	7.717866529966002	0.7728999971818764	4.864097201458264	-0.4128458240031391	0.43413792841705995	3.590763773344458e-17	2.441175642944351e-19	10.66785289308927	0.18483764195937671	10.64404234205677	0.18408648921307144	15.672502158837068	1.532498572487384e-10	8.611639179534336e-12	False	False
21	10.644038872998394	0.183256891901348	2.949172869582947	7.705542295698953	0.761042155913466	4.172490045646146	-0.4274032669369301	0.4274773789765938	1.6551782316999415e-20	1.125270566098582e-22	10.662746962848274	0.18385582950176438	10.644038872992356	0.18325689190119107	16.144373421339527	-6.037836897121451e-12	-1.5693002453076588e-13	False	False
22	10.644050743104108	0.18466532728374757	3.0643271231265015	7.394269817234713	0.7725977450474202	5.873584203980019	-0.43083456245463714	0.4339681533931359	0.6452303014482627	0.004386589025092184	10.708299548675761	0.18666205513291861	10.644050742001482	0.18466532721193168	11.935894394229747	-1.1026255464230417e-09	-7.181588657090288e-11	False	False
24	10.644015500159462	0.18388769257972046	2.574972306423455	6.605198928687789	0.6577665746663859	4.128019728908683	-0.7454342639948195	0.36946748499010895	nan	0.8714939361289364	10.772675277445765	0.19043479062834262	10.643985841439552	0.18427365849297145	10.643985841439553	-1.3770318219030742e-10	-1.1764811347347859e-11	False	False
25	10.64397950010451	0.18542575958959273	2.883806831191256	6.630022842466607	0.7137390029779263	6.184036815080262	-0.6207471885396901	0.40090719797270113	44.4949718769943	0.34710331393259425	10.822607262543276	0.19533157962884795	10.643979500136155	0.18542575959166924	10.643979500136155	3.164402073707606e-11	2.0765056341076615e-12	False	False
26	10.643959156432052	0.1839089462095432	3.4985437530945562	7.332982153626321	0.6791066884711823	6.419169274478071	-0.5985210647670687	0.38145422691426306	nan	0.34710331393259425	10.822607262543276	0.19533157962884795	10.643979500136155	0.18542575959166924	10.643979500136155	3.164402073707606e-11	2.0765056341076615e-12	False	False
27	10.644000123822249	0.18411304901546913	2.57439935572853	7.453745213246574	0.7215409296796662	7.029784440299086	-0.4098070033623318	0.4052895402010685	5.973092829757195e-07	4.659583382516327e-09	10.700936818457853	0.1858543337177001	10.644000123966809	0.18411304902420877	13.928054104220985	1.4455991959039238e-10	8.739647894273617e-12	False	False
29	10.64395791932393	0.18594688755412014	3.0569213174172356	6.534850713177219	0.7554039324773633	6.972369439213473	-0.3274903661771796	0.4243103888725349	11.21573772913806	0.7327249654699444	10.902782247439088	0.20411205024294019	10.643957919854426	0.1859468875776499	10.643957919854426	5.30496535589009e-10	2.3529761472573796e-11	False	False
32	10.643970612684017	0.18242353289159308	3.4620068140560387	7.251458994699084	0.6974420256110387	5.643417615157659	-0.7634562715082338	0.39175318578572044	nan	0.5652862517042252	10.720640778961448	0.1867749464707894	10.643966053029201	0.1843765886421185	11.389523314670102	-2.9700686354772188e-12	7.67996777284452e-14	False	False
33	10.643949411290238	0.18508169668324032	3.374611627534354	7.416841640421536	0.7122672550190711	5.1163474236394935	-0.8332479680374636	0.4000805171442122	5.209286558800497e-10	3.815446210891398e-11	10.680985863481789	0.1862389754640682	10.643949411089126	0.18508169667135296	14.40963510623012	-2.0111201592953876e-10	-1.188735221369086e-11	False	False
34	10.643973695472233	0.18373233424309862	2.3063190488603675	7.122004570827945	0.7103879692077478	4.245191774860251	-0.6989887997750709	0.39902492230399195	nan	3.815446210891398e-11	10.680985863481789	0.1862389754640682	10.643949411089126	0.18508169667135296	14.40963510623012	-2.0111201592953876e-10	-1.188735221369086e-11	False	False
36	10.644014451473476	0.18330631343957088	2.4891185385418075	6.224782073091589	0.8126027103406026	5.23122782284547	-0.1326581542331832	0.45643894239831645	nan	0.9355505950525779	10.649269995335793	0.18340139773726702	10.421246572683597	0.15366479980600806	nan	-0.22276787878987925	-0.02964151363356282	True	False
37	10.644051968952779	0.18238138897806835	2.156243048545212	8.65090390941531	0.7850716828348466	5.902011532321507	-0.4033310252676585	0.4409747642483333	1.3970937641991537e-228	1.0937683746146604e-229	10.64783516848607	0.18249569416450062	10.644051968912015	0.18238138897572603	29.54461561371686	-4.076383675055695e-11	-2.3423207817785396e-12	False	False
38	10.644019237627218	0.18283869249161203	2.4207411882329914	7.216897354563115	0.6671922888073037	4.361059648665775	-0.6654522518110721	0.3747619086230625	nan	1.0937683746146604e-229	10.64783516848607	0.18249569416450062	10.644051968912015	0.18238138897572603	29.54461561371686	-4.076383675055695e-11	-2.3423207817785396e-12	False	False
39	10.644054670712588	0.1824705642209061	3.84899887612572	7.408292057217632	0.7611064924630749	5.2849364563019	-0.43636269340217393	0.4275135168165092	0.004630229878797637	0.00036249528402467363	10.694626368979252	0.18404618678844065	10.644054670324891	0.18247056419878155	12.581997156406048	-3.8769698562646226e-10	-2.2124552190305735e-11	False	False
41	10.644058640345914	0.1825808577744298	2.9650539733736476	7.192075855633464	0.7085049260970449	5.710074904188336	-0.6357345135600846	0.39796721698871007	nan	1.5005075576155604	10.727371433654005	0.1858667644343247	10.64405790227335	0.18309096169631273	10.644057902273348	-7.762075426853698e-10	-4.8655718343226795e-11	False	False
42	10.644059833866438	0.18345287803635177	3.187247273698344	7.713434192170458	0.750956556205814	5.349765451497438	-0.6223632289965035	0.42181229762080574	3.7601407275149933e-22	1.9618496427761247e-23	10.668373486857925	0.18421005656645412	10.644059834053099	0.1834528780446406	16.307853164359894	1.8666135304101772e-10	8.288841835124572e-12	False	False
43	10.64403753444613	0.1830943857893043	3.287024768567643	6.889178434644664	0.6742425462346843	4.590385056958888	-0.6401860927792367	0.37872203822002215	nan	1.9618496427761247e-23	10.668373486857925	0.18421005656645412	10.644059834053099	0.1834528780446406	16.307853164359894	1.8666135304101772e-10	8.288841835124572e-12	False	False
44	10.644030896020762	0.18213976558931189	2.9774936043523756	6.473358403619201	0.7004039019416628	4.827708792036824	-0.567043922718212	0.393416871720632	nan	1.9618496427761247e-23	10.668373486857925	0.18421005656645412	10.644059834053099	0.1834528780446406	16.307853164359894	1.8666135304101772e-10	8.288841835124572e-12	False	False
47	10.644029267122892	0.18257787278998028	3.2618276985307055	7.131215108783828	0.7533198191984547	3.6011979969399706	-0.3734360253221853	0.423139742443772	46.30805865710755	0.5882576734089222	10.699555311885096	0.18439293165477563	10.644029267082194	0.18257787279398033	10.644029267082196	-4.069811154749914e-11	4.000050290997592e-12	False	False
49	10.643987215494837	0.1849753887126581	3.4316592116464957	7.461163553978549	0.7618318898772971	2.0020969410393694	-0.38145799280330467	0.4279209725440778	7.578159592569602e-06	8.478274051284853e-08	10.654620841829107	0.18538233580936764	10.643987215506668	0.1849753887109457	13.659667900917452	1.1830536550405668e-11	-1.7123802376062258e-12	False	False
50	10.644008145068886	0.18556580150417842	3.0401497388896064	6.043268983344259	0.7055752565734875	2.704090425306773	-0.8065317192311378	0.3963216216173279	nan	8.478274051284853e-08	10.654620841829107	0.18538233580936764	10.643987215506668	0.1849753887109457	13.659667900917452	1.1830536550405668e-11	-1.7123802376062258e-12	False	False
51	10.644032333184871	0.1863749064625311	3.001818577791844	6.9081442724683875	0.7343430799181736	1.748818674366022	-0.4520026693394208	0.4124805079900381	7.983703184558195	0.08931987076277491	10.66542343781962	0.18751264455289227	10.644032333275497	0.18637490646944563	10.644032333275499	9.062617323252198e-11	6.914524508516706e-12	False	False
53	10.644014652065461	0.18544615584089177	4.102371541575017	7.670132573173143	0.8596330156103259	1.8006808964171124	-0.2335749928649099	0.48285586486832005	0.001541715615307045	6.559409898482152e-06	10.650638507702883	0.18574469874532545	10.644014652275239	0.18544615585004817	13.018315348516737	2.0977708459213318e-10	9.156397862142285e-12	False	False
54	10.6440050043244	0.1843062776251247	3.5478856515920545	7.379983883802125	0.8389367071014184	1.968646739013784	-0.22333052823568061	0.4712307483788667	124.88789036543363	0.5313501764723519	10.659347762904982	0.18493306280232738	10.644005004208461	0.18430627762125998	11.060555642306513	-1.1593925819397555e-10	-3.8647141042957855e-12	False	False
55	10.643953930414506	0.18491913498138032	3.323958475239771	7.429602783567361	0.8313885289003629	1.1311302762957496	-0.2551023021369855	0.4669909366833338	7.976619317877017	0.033937462389706755	10.645980324628626	0.18512953312263195	10.643953930512444	0.18491913498311568	11.515918148148101	9.793765798349341e-11	1.7353618542159666e-12	False	False
57	10.643938295928985	0.18265263354962807	3.110883254979871	5.831921469553531	0.802697997850498	0.9641358522270389	-0.2740681413178212	0.4508754653926247	19.41561915229909	0.054358322611462145	10.581048276094856	0.19152084504858077	10.64966171996205	0.18312753683004052	10.649661719962053	0.0057234240330643615	0.000474903280412442	False	False
59	10.644023622643886	0.18553554841056363	3.26398237512654	4.793834581769915	0.7175087514748018	0.33010814486518925	-0.43524805505656516	0.4030246657033961	0.0	0.0	10.565451003626903	0.23089701663612294	10.644023765200656	0.18553623980624298	10.644023765200659	1.4255676994423538e-07	6.913956793475062e-07	False	False
60	10.644007947441672	0.18653123344823852	2.9931127497041574	5.833947886978023	0.7706312599804279	0.8814735203820523	-0.5787872874365756	0.43286357873100634	nan	0.0	nan	nan	10.644007947441672	0.18653123344823852	nan	nan	nan	False	True
61	10.644008353495737	0.1832276487735824	2.7945764710102425	4.731814937694898	0.7175087514748018	0.33010814486518925	-0.43524805505656516	0.4030246657033961	0.0	0.0	10.64802317243916	0.22034504377485095	10.64146461808862	0.16649615385364502	10.641464618088621	-0.002543735407117609	-0.01673149491993739	False	False
62	10.643968064103149	0.18589316538002948	2.8106719735202956	5.755389640778859	0.7139966970231894	0.1306724068683467	-0.6623109360807715	0.40105194471792543	9.824270027297007e-15	2.87116173624303e-17	10.536117816137505	0.1836447702502021	10.643968064403802	0.18589316540054593	5.106113266924047	3.006537241390106e-10	2.0516449650287427e-11	False	False
65	10.643980332865125	0.18233630015310917	2.9796793577108933	6.6988209675940835	0.781056514061796	0.6311965094601759	-0.375176580275243	0.4387194439485108	66.3677832000964	0.16716470761448565	10.628901612479252	0.18254346063169272	10.643980332458078	0.18233630012953486	10.643980332458078	-4.070468406780492e-10	-2.357430917143688e-11	False	False
66	10.644019569596784	0.18631011018928545	3.013587550974992	5.651706021557832	0.7640685646930738	0.593691413873529	-0.7070865352846895	0.42917731278809956	nan	0.16716470761448565	nan	nan	10.644019569596784	0.18631011018928545	nan	nan	nan	False	True
67	10.643990209539313	0.1829091052748844	2.346840473842981	5.801690359299467	0.7093480995767303	1.688528125807988	-0.6400752317244145	0.3984408275322494	nan	0.16716470761448565	nan	nan	10.644019569596784	0.18631011018928545	nan	nan	nan	False	True
68	10.644026262212234	0.18573716090371148	2.6313215696600274	6.632268900103562	0.8780773068211636	1.5088605488549751	-0.22812489692658847	0.4932160232414476	47.23513887574402	0.11897411362207297	10.654144193971499	0.18889453456830396	10.644026262225092	0.18573716090395948	10.64402626222509	1.2857270803579013e-11	2.4799606812564434e-13	False	False
69	10.643982413334081	0.1850385074406512	2.4697858271913034	6.789235842552744	0.8056341598393322	0.646604404080421	-0.2820019868410053	0.45252470758175284	178.04583144484104	0.44845522812959676	10.630552807082166	0.18524892830095896	10.643982414138387	0.1850385074819583	10.643982414138389	8.04305955171003e-10	4.130709663208165e-11	False	False
71	10.644026084384292	0.1884589371674709	2.4523646985842533	6.049231969296023	0.8276582848656796	0.38791424919731465	-0.2740051053278771	0.46489565860905224	0.014381694963104113	6.63546824801009e-05	10.55131629428867	0.1883018507654153	10.64402608282867	0.1884589372139373	10.64402608282867	-1.5556214094658571e-09	4.646641404981722e-11	False	False
72	10.644042968818443	0.18380202531357417	3.9923711128589368	7.460190244411755	0.8939375870592462	0.7552783316586338	-0.2651653022039684	0.5021247426511786	137.8508050948681	0.6360200536280858	10.638746618754455	0.18384962290296208	10.644042968831847	0.18380202531422551	10.64404296883185	1.340438871011429e-11	6.513400929719637e-13	False	False
73	10.644029207959699	0.1849258550483309	3.1586327275401573	5.886828717427092	0.779386743332532	1.1378884618458538	-0.4626046881766904	0.4377815337298832	106.73625743569059	0.4924628487413627	10.613222763898985	0.19375352075757601	10.644021498419772	0.18492523964464216	10.644021498419773	-7.709539927347464e-06	-6.15403688730698e-07	False	False
74	10.644048664451919	0.1864187999201385	3.605961894643524	5.568939496375521	0.7452625370954767	0.8379163806298295	-0.31363324511637114	0.41861396708652926	5.232521051796014	0.024141957804911525	10.52195909256178	0.1971125216880794	10.644048664609155	0.18641879981754397	10.644048664609155	1.5723600199635257e-10	-1.0259451621585924e-10	False	False
75	10.643975974003679	0.1861347023413614	2.6868700210517265	6.219224982389017	0.781725740141527	0.9017408334883684	-0.4446241047649414	0.4390953482374957	20.91326442103239	0.09649022760113381	10.620053305612315	0.18868014918945686	10.64395857341411	0.18613202551808042	10.643958573414112	-1.7400589568339342e-05	-2.67682328097818e-06	False	False
76	10.643987639312988	0.18379261170014466	3.788191069744885	5.208763675436604	0.796186268890915	0.09070174002828182	-0.5857018132867857	0.44721782723602693	0.000757724169932251	3.496009811940868e-06	10.286908796884966	0.17804195270837875	10.643987638044754	0.1837926115720484	7.095991758696503	-1.2682335182034876e-09	-1.2809625582477224e-10	False	False
77	10.643964503336907	0.1856806269652931	2.5423578585357056	6.331716230744813	0.7426587846045426	0.8950149590884451	-0.539876953593643	0.4171514393123716	35.06821076601724	0.16179873071248121	10.633857154330306	0.18727237639291403	10.643964503155352	0.1856806269518658	10.643964503155352	-1.81554327127742e-10	-1.34273148155728e-11	False	False
78	10.643991039497102	0.18623759658550298	2.4025232824087097	5.46108682563327	0.8117236867673838	0.8747068300817129	-0.29745530665331565	0.4559451948572395	24.68122924775109	0.11387497330145172	10.58167189135341	0.21320534002035463	10.645266111454317	0.18828704894423604	10.645266111454317	0.0012750719572149904	0.0020494523587330504	False	False
81	10.644068672431512	0.18537566125497337	4.668823904408286	6.959268700368249	0.7343430799181736	1.748818674366022	-0.4520026693394208	0.4124805079900381	0.0	0.0	10.663943130556591	0.1863419907123467	10.644068672633546	0.18537566127068159	10.644068672633546	2.0203394512918749e-10	1.5708212508513952e-11	False	False
82	10.644054240862522	0.18498616750068406	4.666829940167402	6.512797208908349	0.7771212495853529	1.6808483962818737	-0.37964549041728274	0.4365090058920927	0.0	0.0	10.665154367995111	0.18817465973847114	10.644054240040148	0.18498616745114815	10.64405424004015	-8.22373280584543e-10	-4.953590315714962e-11	False	False
83	10.644088257915596	0.18432811760687054	4.158782270074669	6.176433614941354	0.7842450087396217	2.172612954380594	-0.589513330113104	0.44051042140904545	nan	0.0	nan	nan	10.644088257915596	0.18432811760687054	nan	nan	nan	False	True
84	10.64402356161901	0.18440512027932077	4.519213362514832	6.668281076335418	0.6878967774303562	0.857233833485212	-0.7391943258662236	0.38639161988263104	nan	0.0	nan	nan	10.644088257915596	0.18432811760687054	nan	nan	nan	False	True
85	10.644060898520298	0.18627017658194447	5.006197146754388	7.111257228881392	0.7368420353146602	1.3051292653944915	-0.5518086030627215	0.4138841712362446	0.0	0.0	10.651940198591033	0.18668428075558505	10.644060898739685	0.1862701766070354	11.215301233545473	2.1938717509328853e-10	2.5090929334226075e-11	False	False
86	10.644030632603492	0.1844107733779031	4.58550214224181	6.153425491245722	0.7657144551333451	1.3634231216539052	-0.3175936795152275	0.43010180944839993	0.0	0.0	10.638952988927423	0.18981798465340377	10.644030632986953	0.18441077338246442	10.64403063298695	3.8346037456449267e-10	4.56132354109684e-12	False	False
87	10.644041929206452	0.18398888184888004	4.66603934141336	6.959185461400123	0.7314070428993379	1.0140868653292907	-0.4811739629589623	0.4108313359965581	0.0	0.0	10.646521519341222	0.18434798006949632	10.644041929913344	0.1839888818949081	10.644041929913348	7.068923224551327e-10	4.602807024411959e-11	False	False
88	10.64401735398801	0.18625336024541936	4.558346729342249	6.684709503453526	0.7673457518914873	1.1941317228434325	-0.6228629663307301	0.4310181088374484	0.0	0.0	10.647468897106501	0.1873790796062469	10.644017355302603	0.18625336032636094	10.644017355302603	1.3145928789981554e-09	8.094158676641428e-11	False	False
89	10.644024862315176	0.1837764689188923	5.043669815466526	7.484159269824854	0.7734586135077958	1.1396426793596086	-0.5656901316867795	0.43445170320732884	0.0	0.0	10.645745591590233	0.18392145801549248	10.644024862405882	0.18377646892613525	13.02123487939636	9.070610929029499e-11	7.242956234776443e-12	False	False
90	10.643964539615736	0.1818452671700609	5.451567164052034	5.769791876530328	0.8056341598393322	0.646604404080421	-0.2820019868410053	0.45252470758175284	0.0	0.0	10.502783516008808	0.1853704931608371	10.64396453576268	0.18184526696250494	10.643964535762683	-3.853054764135777e-09	-2.0755594465349247e-10	False	False
91	10.643992975079579	0.1849337124188309	4.7355093492178755	7.1650315714397905	0.7171412400767911	1.8738081282056365	-0.6261485995604097	0.4028182345511336	0.0	0.0	10.659436281021883	0.18552804048671814	10.643992975633472	0.18493371245095014	12.171610375941466	5.538929315207497e-10	3.211925170276686e-11	False	False
92	10.643990881164527	0.18264807886325105	4.325138092210756	7.610169833123839	0.7598113375687157	0.9203863978687403	-0.7787236150228212	0.4267860283123476	0.0008832793025853322	6.439100628036727e-06	10.64393263232219	0.1827095596246854	10.643990881362274	0.18264807887352547	13.128253010057055	1.9774759607571468e-10	1.0274420203515433e-11	False	False
96	10.644000050442411	0.18290796247602106	2.6398500586870806	6.421519219520056	0.7872030708098543	0.45968434603418484	-0.10908115472147503	0.44217196487389515	nan	1.8135108173928738	nan	nan	10.644000050442411	0.18290796247602106	nan	nan	nan	False	True
97	10.64403245169096	0.18416144490512382	2.470803352034819	4.858050767379434	0.8077949497574148	0.31070687578213846	-0.32917209467765246	0.4537384232787399	0.0	0.0	10.577834631899854	0.19166817325967234	10.65159057805588	0.14838011497057535	10.651590578055883	0.007558126364919815	-0.03578132993454847	False	False
98	10.64399440613318	0.1830851013001585	3.224603917109346	6.273818070570793	0.802697997850498	0.9641358522270389	-0.2740681413178212	0.4508754653926247	203.96612624498536	0.46924119913710505	10.61865116539756	0.18563423239152196	10.643994407542518	0.18308510138265408	10.64399440754252	1.4093384237412465e-09	8.249556593398211e-11	False	False
99	10.643993871822664	0.18266280358694068	3.289587707924556	6.145396153240811	0.9252821289118036	0.7867459317023751	-0.3307245825998031	0.51973097180976	126.47916323550362	0.2909759346569171	10.566036386559487	0.18664530596652848	10.644431428209227	0.18270036426468184	10.644431428209229	0.000437556386563287	3.7560677741160786e-05	False	False
100	10.643946574924268	0.18247347157904237	2.566950503487458	6.45206120546429	0.8184702327235904	0.7078093675435444	-0.22597209658727319	0.45973472972084073	29.047634351144822	0.06682652176595168	10.616794441037127	0.1832788718786784	10.643946634340791	0.18247347635864514	10.643946634340793	5.941652325702762e-08	4.779602769122704e-09	False	False
101	10.644019921798781	0.18344494405826295	3.0510625840613974	6.49265213585803	0.9978149613653703	0.16827913540829287	0.09650778047752992	0.5604726637989285	1.6228446784901664e-31	3.733490442591163e-34	10.590398601438874	0.18228579644401682	10.644019921921398	0.18344494406345804	2.7431830199699188	1.226165835532811e-10	5.195094354704111e-12	False	False
102	10.643981744376708	0.18327742170733344	2.467418570512499	6.200379318635377	0.7519359945362847	0.6364458979082421	-0.5728144217113953	0.4223624481310311	197.58332929643274	0.454557038834967	10.61036930533447	0.18430139135348694	10.643979209620667	0.1832772308843961	10.643979209620667	-2.5347560406174807e-06	-1.908229373404069e-07	False	False
103	10.644046071446686	0.18417020027164738	2.6737649253573226	6.508441889191637	0.7139966970231894	0.1306724068683467	-0.6623109360807715	0.40105194471792543	1.327908006661839e-22	3.0549638651338745e-25	10.624892448176363	0.18375865434003943	10.644046071401196	0.18417020026675832	3.897049573757408	-4.5490722300201014e-11	-4.889061377966186e-12	False	False
104	10.644021327311268	0.1830563415622194	2.193439336478126	6.837749441206566	0.775537893154074	1.0531587970025158	-0.49124820365452465	0.4356196345846433	129.84246688523984	0.2987134970978924	10.646205423421474	0.1837478243946581	10.64402132812802	0.1830563416078569	10.644021328128021	8.167511111878412e-10	4.563749378405646e-11	False	False
105	10.643992751778454	0.18361279822626494	2.7496375259368326	6.878375901642087	0.8229042805665072	1.3793414459256494	-0.3451222207012826	0.4622253343942071	232.65289057816534	0.5352375091268177	10.651958167907901	0.18478859958276067	10.643992752908987	0.183612798288258	10.64399275290899	1.130533888726859e-09	6.199304958265373e-11	False	False
106	10.643992798473196	0.18197505833240318	2.0760496551884806	6.120793633499789	0.8229042805665072	1.3793414459256494	-0.3451222207012826	0.4622253343942071	32.2864390176236	0.07427766384257244	10.645114330527928	0.18998715665010482	10.643992798915923	0.18197505836442007	10.643992798915924	4.427267441542426e-10	3.201688913989642e-11	False	False
107	10.644015606958424	0.1837761105415896	2.8115081536333095	6.835609903732953	0.8237321684234741	0.5082738925926535	-0.5208378021923499	0.4626903590034654	277.86341280600686	0.6392481115457999	10.627491761381183	0.18374062837292354	10.644015606609493	0.183776110537756	10.644015606609491	-3.489315503202306e-10	-3.8336001040306655e-12	False	False
109	10.64410659391093	0.18286376728579867	3.061795833638746	6.599668531310105	0.779386743332532	1.1378884618458538	-0.4626046881766904	0.4377815337298832	0.4914949559479702	0.004158812833845491	10.645184580631614	0.18425978987696567	10.644106593000751	0.18286376723240563	10.644106593000753	-9.101785991560973e-10	-5.339303998930234e-11	False	False
110	10.64402507409849	0.1832185859534922	2.841896356602402	8.347096149601114	0.7311366856369579	1.506081343603954	-0.5843181347115587	0.41067947632227925	4.905362251785722e-57	4.150700478307102e-59	10.644709958877431	0.18324865911841967	10.644025074064512	0.18321858595371027	19.97303121710561	-3.397815362404799e-11	2.1807555761199637e-13	False	False
111	10.644038358842716	0.18411838487516813	3.0630682951888053	7.808233935531834	0.802697997850498	0.9641358522270389	-0.2740681413178212	0.4508754653926247	0.00025273251369990795	2.138510698401704e-06	10.644067051269307	0.18417407670287167	10.644038358834456	0.18411838487511933	13.296096683189006	-8.260059303211165e-12	-4.879430193227563e-14	False	False
113	10.64403914972074	0.18286041309745513	3.310533339615902	6.552035216604037	0.775537893154074	1.0531587970025158	-0.49124820365452465	0.4356196345846433	62.34094942202225	0.24384224121436257	10.641234633463778	0.1841832332568159	10.644039147862552	0.18286041298688552	10.644039147862554	-1.8581882699209018e-09	-1.1056960902422475e-10	False	False
114	10.643947211559828	0.1822234158373286	2.8164075960137143	6.5970145184718385	0.9298048574440383	1.574236303576562	0.01604119114416025	0.5222713884263163	29.02606170432274	0.11353339987966524	10.647238044637465	0.18636634410857583	10.64393371763602	0.18222180633797244	10.643933717636022	-1.3493923807672559e-05	-1.6094993561532878e-06	False	False
115	10.64395227376403	0.18376679953632344	2.9933354561378107	6.722666060702633	0.7905535668376922	1.3556783116927837	-0.49925080952265655	0.44405393849273167	74.45142777226897	0.29121152593781596	10.652940679288816	0.18523233304830997	10.643952273391445	0.18376679951768204	10.643952273391447	-3.7258551799368433e-10	-1.8641393983998e-11	False	False
116	10.643979291572512	0.18377504912069764	4.4920089977966295	6.3594304619312565	0.781056514061796	0.6311965094601759	-0.375176580275243	0.4387194439485108	0.0	0.0	10.60911696987855	0.18424029230887368	10.643979294363652	0.1837750492824207	10.643979294363655	2.7911397637581103e-09	1.61723051617102e-10	False	False
117	10.643960372082711	0.18418631039015035	3.7047812585518365	6.417172398166378	0.8596330156103259	1.8006808964171124	-0.2335749928649099	0.48285586486832005	130.3873289032539	0.5100008710244682	10.663601577400692	0.19046622572058478	10.64396037173095	0.18418631038277805	10.64396037173095	-3.517612867653952e-10	-7.372297217145274e-12	False	False
118	10.644012803342674	0.1833134841711871	3.9530802288448164	7.4276694694895	0.7666961553640312	0.8689723673361252	-0.5013417350677843	0.4306532304679763	0.8714360281251647	0.0034085607637203918	10.64353414848318	0.1834027359519062	10.644012802962484	0.18331348414928988	12.202488720997502	-3.801901016231568e-10	-2.189720627043812e-11	False	False
119	10.644010304656076	0.1841255524555346	4.262053945320828	7.472949722547346	0.7273588428830297	1.7722066239901928	-0.4925874560978303	0.40855746204739773	4.128390489444442e-11	1.6147909181482226e-13	10.651150763827305	0.18440952196626434	10.644010304617256	0.18412555245422446	14.768855420245583	-3.8820502368253074e-11	-1.3101464357845316e-12	False	False
122	10.644063999782611	0.18409686403547995	2.6557374289899993	6.463738812220149	0.8425424460506616	0.21502843634552327	-0.43176210495996936	0.47325609194665663	1.309241423689171e-14	6.728872021289461e-17	10.605363586081324	0.18330580073336547	10.644063999633529	0.18409686403064426	5.114546866899058	-1.4908252410350542e-10	-4.835687406057332e-12	False	False
123	10.643996368732669	0.18488123363816591	3.9630867343371903	6.330159916846723	0.7771212495853529	1.6808483962818737	-0.37964549041728274	0.4365090058920927	159.8912662107866	0.821764304266113	10.664373538326952	0.18519509255934816	10.643973514109113	0.1803143444846752	10.643973514109115	-2.2854623555446096e-05	-0.004566889153490711	False	False
124	10.644058165037778	0.18277741788087412	2.716933826217041	6.76082619327455	0.8313885289003629	1.1311302762957496	-0.2551023021369855	0.4669909366833338	27.70000794910357	0.14236473510974837	10.643119634026657	0.18390434091338265	10.644058164584296	0.18277741785520638	10.644058164584298	-4.5348258481681114e-10	-2.5667745706670075e-11	False	False
127	10.644014907055144	0.18620663904640386	3.8019128918053804	5.401875140588784	0.8745882132696366	2.082206681658779	-0.04737416367971903	0.49125619939355486	35.09363660963886	0.046976344222553534	10.680837659487239	0.19529595668209992	10.632117654549559	0.12433455164604114	10.632117654549559	-0.011897252505585598	-0.06187208740036272	False	False
128	10.64404477270916	0.18338240051229468	4.202405435060493	5.63885622128558	0.841638118080435	2.21588061614123	-0.16723707051984293	0.47274813092578033	99.27074678217465	0.132883828026775	10.752893263498912	0.21133085381350628	10.642117333540524	0.1634189435885967	10.642117333540527	-0.0019274391686359138	-0.01996345692369797	False	False
130	10.64400655867552	0.18655104072629633	3.033200787858883	5.665218142250056	0.8366920555178662	2.721757818779735	-0.3656649226848142	0.46996992758438544	8.478111448535618	0.20845581847495953	10.776006339424585	0.18730615513204243	10.637076578259501	0.1384014170754774	10.637076578259503	-0.006929980416018111	-0.04814962365081893	False	False
132	10.64400876653581	0.18695460827534485	2.5971469447547766	5.3273091659413865	0.7490119136087917	1.9254346744563422	-0.7223466812195255	0.4207199918740583	3.2037229120968034	0.051101864530138305	10.644066855976934	0.17694046424865018	10.57717217181436	0.13005338492056487	10.577172171814363	-0.06683659472145109	-0.056901223354779984	False	False
134	10.643979992210317	0.1851114034592765	3.5160811607106	5.998621920028141	0.7798838669125537	2.9038565810182613	-0.48417465936550463	0.4380607680447814	87.55571571299535	0.42536087929170563	10.790404624878228	0.20988598306279663	10.643975470799237	0.18511110012752238	10.643975470799242	-4.5214110802049845e-06	-3.033317541312197e-07	False	False
135	10.64397736309166	0.1857122226439655	4.430556322088331	5.526222999851661	0.7412827790351527	1.2474098043539756	-0.6924929032906546	0.41637853698404526	46.79787623730159	0.22735221365255195	10.599266734906863	0.18571643150072686	10.650346884951672	0.16773139170027404	10.650346884951672	0.006369521860012384	-0.01798083094369146	False	False
136	10.64395940455324	0.18322189954527637	4.119890479988204	5.738657998327331	0.7475536497014361	3.881612381192994	-0.43758137512900835	0.41990088503729667	56.9077879589833	0.27646792134195614	11.049343721306451	0.2437105465616565	10.643960394403551	0.18322197806881257	10.643960394403555	9.89850311938767e-07	7.852353620108055e-08	False	False
138	10.643957609168039	0.18575267316029595	4.412445521309888	4.873883652822714	0.775537893154074	1.0531587970025158	-0.49124820365452465	0.4356196345846433	nan	0.23726219957755115	nan	nan	10.643957609168039	0.18575267316029595	nan	nan	nan	False	True
139	10.644018429085156	0.18742181531290752	3.701867910744105	4.728336348617383	0.8169870867098286	1.5024930784536858	-0.2880777281728424	0.4589016466049107	nan	0.23726219957755115	nan	nan	10.644018429085156	0.18742181531290752	nan	nan	nan	False	True
141	10.643983034548558	0.1864269306473638	2.905650067706742	5.147794715941329	0.785890323700418	1.7267383830998422	-0.2532640594642902	0.4414345948225248	nan	0.3501412707438543	nan	nan	10.643983034548558	0.1864269306473638	nan	nan	nan	False	True
142	10.64399620541184	0.18670545373403194	3.000894014963015	5.526207838224751	0.9002090999462231	2.271399278624786	0.1369609850694941	0.5056474514397935	nan	0.3501412707438543	nan	nan	10.64399620541184	0.18670545373403194	nan	nan	nan	False	True
144	10.644008616688069	0.1871048484424555	2.3973129569943543	5.976796490678805	0.7577223199444133	1.7909924723342208	-0.2751048313256803	0.4256126271127769	2.078491362978291	0.02813412122990291	10.681840166369195	0.20028794232787986	10.64400861662858	0.18710484829941634	10.644008616628582	-5.948841419467499e-11	-1.4303916384683646e-10	False	False
145	10.643977831127636	0.18636698034568214	3.072553699649352	6.430885620394158	0.8067934576606417	1.222473974130603	-0.17016387160473972	0.4531758851679824	16.894580429218163	0.2286822944709698	10.639141302303711	0.18907536821806514	10.642905718796174	0.18633100788097182	10.642905718796175	-0.001072112331462094	-3.5972464710321006e-05	False	False
146	10.644018826004782	0.1860491023488479	3.652019138058811	6.091630021829475	0.7956512526721795	1.9359648278400547	-0.4532090980542629	0.44691730862596324	23.553002899156468	0.3188096186955595	10.644690590609297	0.1860562099388647	10.611138850174665	0.1746826395793755	10.611138850174665	-0.03287997583011659	-0.011366462769472396	False	False
148	10.644048839643563	0.18352706716021971	3.139690267763295	6.462883556171924	0.7566461126135734	3.0962615454945674	-0.5655966206213631	0.4250081214550442	53.55187936662695	0.3286802003428425	10.711117953037348	0.17824140364966018	10.627280844088865	0.1713470951047632	10.62728084408887	-0.01676799555469799	-0.012179972055456512	False	False
149	10.644039256172256	0.18382974838745353	3.7059454406869765	6.0944727975909165	0.7716385747956432	3.9323748293079808	-0.5096068375436178	0.4334293874627128	nan	0.3286802003428425	10.64986054770553	0.18394980897218638	10.47975042465026	0.15972855414397408	nan	-0.16428883152199525	-0.02410119424347945	True	False
150	10.643969848889212	0.18490733501676004	3.20577347410308	6.9614361486082394	0.6577665746663859	4.128019728908683	-0.7454342639948195	0.36946748499010895	nan	0.3286802003428425	10.64986054770553	0.18394980897218638	10.47975042465026	0.15972855414397408	nan	-0.16428883152199525	-0.02410119424347945	True	False
151	10.644026902002174	0.1851524591019313	2.989645258747165	6.222631287835525	0.7012742432179826	3.420055890755463	-0.7737257754488811	0.3939057424155408	nan	0.3286802003428425	10.64986054770553	0.18394980897218638	10.47975042465026	0.15972855414397408	nan	-0.16428883152199525	-0.02410119424347945	True	False
153	10.644077407681017	0.18589692553281348	1.7958403776205034	6.920703965461036	0.7568125561059069	4.12003147025613	-0.5886149634779223	0.4251016127646879	1.387390792778977	0.06638580901669308	10.726896747458172	0.1896089343196018	10.64407740705779	0.18589692550435893	10.644077407057788	-6.232276916762203e-10	-2.8454544276357296e-11	False	False
155	10.644061191325354	0.18571223425898392	2.248942920204667	6.432561078716658	0.7278786134966938	5.478853331707632	-0.6606871387122543	0.4088494172010929	5.586299447581937	0.057956879952485066	10.852634701068249	0.20039843514224523	10.644061190992577	0.1857122342322436	10.644061190992579	-3.327773612227247e-10	-2.674033217076044e-11	False	False
158	10.643957019629784	0.1827790062422533	2.5383169513861987	7.022825417124944	0.7611064924630749	5.2849364563019	-0.43636269340217393	0.4275135168165092	29.504307802813262	0.28721637735000644	10.745725957802808	0.18672726585091048	10.643957019354517	0.18277900623028817	10.643957019354518	-2.752678085471416e-10	-1.1965123336565853e-11	False	False
162	10.643932860121067	0.183693847912448	3.219180629378381	5.2609185706164	0.7945648210057628	2.629131690653304	-0.480114434258162	0.44630705995893694	nan	1.1867966647231891	10.647535305199332	0.18371070532578285	10.494696606320058	0.09677484118268362	nan	-0.1492362538010088	-0.08691900672976438	True	False
163	10.643967298084354	0.18382093345798092	4.368511390276885	5.694193452193945	0.6949392310191858	2.049486559520254	-0.747507134893759	0.39034736606347664	nan	1.1867966647231891	10.647535305199332	0.18371070532578285	10.494696606320058	0.09677484118268362	nan	-0.1492362538010088	-0.08691900672976438	True	False
164	10.643914528982434	0.18616412271048827	5.391414843497292	5.91395054859638	0.7093480995767303	1.688528125807988	-0.6400752317244145	0.3984408275322494	nan	1.1867966647231891	10.647535305199332	0.18371070532578285	10.494696606320058	0.09677484118268362	nan	-0.1492362538010088	-0.08691900672976438	True	False
165	10.64396035353076	0.1843625253950439	4.308874183060924	5.3759650279222235	0.7638623087481744	0.18704936875432432	-0.6763645470936223	0.42906145882384955	nan	1.1867966647231891	10.642321437811695	0.14759631594392647	10.887435061915964	0.15066637159005386	nan	0.2434747083852038	-0.03369615380499005	True	False
166	10.643934785272396	0.18504069444815818	3.2695610713156884	4.997938699631452	0.6720741384415895	0.561500680619379	-0.9044862740820949	0.3775040435626408	nan	1.1867966647231891	10.642321437811695	0.14759631594392647	10.887435061915964	0.15066637159005386	nan	0.2434747083852038	-0.03369615380499005	True	False
168	10.643954604225888	0.184710617245097	4.183119705535291	5.626636422622612	0.7727965970425952	0.08287336969830317	-0.744746960256216	0.4340798485588257	nan	0.6633102009430679	10.643847063723463	0.14310329211992326	10.753911720328746	0.14508835672567444	nan	0.10995711610285852	-0.03962226051942255	True	False
170	10.644001065441238	0.18668592044202467	3.849498815227438	6.117617745050222	0.8002607420832424	0.9423386467046093	-0.4109346444477796	0.4495064588281572	7.3880752862049155	0.019812437798330685	10.605785375642698	0.19036628895809576	10.644001066509537	0.186685920509119	10.644001066509539	1.0682992268584712e-09	6.709433009177701e-11	False	False
171	10.644018670185663	0.18439135760688077	3.7387256267287268	5.512783474090618	0.8002607420832424	0.9423386467046093	-0.4109346444477796	0.4495064588281572	206.59419809017035	0.5540190835359039	10.642468781270674	0.25455816591666774	10.665984219030399	0.22843910733384828	10.665984219030399	0.02196554884473656	0.04404774972696751	False	False
172	10.64395692461646	0.18541524920985017	5.226696740513763	6.024589180107247	0.8184702327235904	0.7078093675435444	-0.22597209658727319	0.45973472972084073	0.0	0.0	10.558709417568362	0.18768444697071643	10.644090224807734	0.18542671115437756	10.644090224807734	0.0001333001912744436	1.1461944527391132e-05	False	False
173	10.643985220137708	0.18463175526410924	4.114500180742368	5.877867089674311	0.7470841988274691	0.16571910038557303	-0.5359523291966487	0.41963719448138936	6.170088220142109e-16	1.654618887006126e-18	10.541720694259038	0.1825141976391848	10.643985219353283	0.18463175520490785	4.790394137591321	-7.844249694244354e-10	-5.920139378723377e-11	False	False
174	10.644001979965804	0.18374127383774652	4.99860755162784	5.695689600585866	0.7867017066109664	0.969325998845011	-0.267078798884054	0.4418903486033798	0.0	0.0	10.539536597595953	0.1943887974358343	10.64406650177624	0.1837456792806059	10.644066501776242	6.45218104367018e-05	4.405442859373165e-06	False	False
175	10.644001223865029	0.18295861698994614	4.878722259356419	5.543284728614952	0.8864395958731738	1.3500755730343212	-0.24740461386339938	0.49791312100196167	0.0	0.0	10.645028814156401	0.22717124173620115	10.644031566837889	0.18333667930459122	10.644031566837889	3.0342972859642714e-05	0.00037806231464507234	False	False
176	10.6439965498346	0.18262939895620847	3.718945628187088	5.292116502233799	0.8795894294834261	0.22993390446902423	-0.27343923621159716	0.4940653825408404	181.63486418891145	0.48708619083382176	10.248162639914327	0.18443639298410128	10.643996548372582	0.18262939877234974	10.643996548372582	-1.4620180621705003e-09	-1.838587337932296e-10	False	False
177	10.643983290212601	0.18254383518543213	4.3906384757120795	5.770552602604729	0.8157113179121418	1.0658606541130566	-0.3207017555742897	0.45818504727125003	86.25269601592706	0.23130194381542235	10.569324828015132	0.19433228129045887	10.64398328891353	0.18254383509480673	10.643983288913532	-1.299071072935476e-09	-9.062539607640474e-11	False	False
178	10.643953459071357	0.18420388937819027	3.8187436813771147	5.494371211770765	0.7706312599804279	0.8814735203820523	-0.5787872874365756	0.43286357873100634	nan	0.23130194381542235	nan	nan	10.643953459071357	0.18420388937819027	nan	nan	nan	False	True
179	10.64398640010801	0.1853717101522246	3.8926816873396364	5.417080697710324	0.8229042805665072	1.3793414459256494	-0.3451222207012826	0.4622253343942071	nan	0.23130194381542235	nan	nan	10.64398640010801	0.1853717101522246	nan	nan	nan	False	True
180	10.643996907063116	0.18476523500524297	4.140229185464864	6.189446265441822	0.8118290014121642	0.744712335147361	-0.5777366243135806	0.4560043500932126	nan	0.23130194381542235	nan	nan	10.643996907063116	0.18476523500524297	nan	nan	nan	False	True
182	10.643943588357981	0.18427489416857065	3.7471396783833617	5.897657885891986	0.8067934576606417	1.222473974130603	-0.17016387160473972	0.4531758851679824	71.38649338838071	0.6292129851144228	10.599593650496764	0.19460671538903743	10.643119753336679	0.18420088337303625	10.643119753336682	-0.0008238350213023438	-7.40107955344016e-05	False	False
187	10.644014176588433	0.18415663562474008	4.59782631469825	5.709417849507756	0.7154928989723728	1.4041654682537086	-0.519924390850876	0.4018923613527818	nan	1.8109889995874724	nan	nan	10.644014176588433	0.18415663562474008	nan	nan	nan	False	True
189	10.644012130230491	0.18616563547277398	3.030429315703135	5.021990426348835	0.8951606622049426	0.9274826563914279	-0.3322180023456023	0.5028117439605162	nan	0.39951306803529535	nan	nan	10.644012130230491	0.18616563547277398	nan	nan	nan	False	True
190	10.64397712905033	0.18525947003620663	3.7377180218024852	6.271677051490824	0.7217186308764968	0.29965030023309325	-0.6082644164082711	0.40538935496332823	6.9657288708038045	0.05905403990671681	10.602570559317568	0.1846575642750247	10.643977130125034	0.1852594700358301	8.672805952708806	1.0747029932645091e-09	-3.7653213880162184e-13	False	False
191	10.643941013882431	0.18436876770151886	2.9990161744543253	4.989892960086503	0.7956512526721795	1.9359648278400547	-0.4532090980542629	0.44691730862596324	nan	0.05905403990671681	nan	nan	10.643941013882431	0.18436876770151886	nan	nan	nan	False	True
192	10.643961272490575	0.1845385651074443	3.343215217892772	4.177224794504624	0.8780773068211636	1.5088605488549751	-0.22812489692658847	0.4932160232414476	nan	0.0	nan	nan	10.643961272490575	0.1845385651074443	nan	nan	nan	False	True
193	10.643912354994413	0.18491287774820278	4.34077441564043	5.299920018437106	0.8077949497574148	0.31070687578213846	-0.32917209467765246	0.4537384232787399	6.160096913198517	0.052224055183372406	10.275185981901753	0.18685608009370075	10.64391234562798	0.18491287826013858	10.64391234562798	-9.366432962565341e-09	5.1193579930775e-10	False	False
195	10.643947684217052	0.18388161879653223	4.410346421079988	6.389613024791695	0.8708182708064784	0.22522965864964317	-0.10756077424307132	0.4891386227119989	9.157773317423385e-19	7.734271860432689e-21	10.586813134453877	0.18269357979805298	10.643947684109438	0.18388161879864837	4.411805363641071	-1.0761347368770657e-10	2.1161405960867796e-12	False	False
196	10.64399038768049	0.18468915503597455	2.6897953885402437	4.436064931876478	0.8317761610909606	1.2876170978936268	-0.2698797865811191	0.4672086696847926	nan	7.734271860432689e-21	nan	nan	20.64399038768049	0.2846891550359746	nan	nan	nan	False	True
198	10.643988067471955	0.18574764219801373	3.006023959955762	5.422588566928517	0.8157113179121418	1.0658606541130566	-0.3207017555742897	0.45818504727125003	57.79293224001455	0.35842478156281243	10.61054170254815	0.21882311210640332	10.644550144464095	0.18447915168500295	10.644550144464095	0.0005620769921392821	-0.0012684905130107837	False	False
199	10.643957348118866	0.18314734068578223	3.3703666096127813	5.671156594350459	0.9189594296134593	2.0721345746257667	-0.21291408466282008	0.5161795116138801	83.94309441759222	0.5206049271800101	10.956906706596977	0.2532670672335595	10.643956547374913	0.18314726491139344	10.643956547374914	-8.007439529222893e-07	-7.577438879136089e-08	False	False
201	10.643950856308418	0.1852598667156136	3.7377674424846288	4.936507513555418	0.6947726465530172	1.6947274518135877	-0.6440487655321372	0.3902537955688297	nan	0.2671661266373114	10.654501055135785	0.184908811615875	10.619886685685211	0.13955004541011262	10.619886685685211	-0.02406287495635162	-0.04535461859083817	False	False
203	10.643900200550334	0.18706378366910992	4.049969605480536	5.541831857228811	0.818072443329118	1.8890253099324097	-0.16136231277543966	0.45951129141796554	0.02289084619250886	0.0020581488615823945	10.644204873330317	0.1922789834297889	10.633857866013043	0.15155876577017363	10.633857866013045	-0.010042334537290643	-0.035505017898936286	False	False
205	10.643976010019934	0.18510725023627747	4.604352956950858	5.87506322262704	0.7984509959889718	2.8830516712206404	-0.3878430816644889	0.4484899244470055	0.0	0.0	10.794323061932225	0.2077670068893728	10.639919049201188	0.1743370661924	10.639919049201188	-0.004056960818745736	-0.010770184043877473	False	False
206	10.643931449903022	0.18651724249000823	4.2499807749293685	5.625708974507108	0.7804494230613708	1.2461133654588927	-0.33753463217679147	0.4383784409335719	1.115099074493781	0.04602555049804457	10.596508126902428	0.2061074003434596	10.643930312794547	0.18619370748349878	10.643930312794545	-1.1371084749356442e-06	-0.00032353500650944556	False	False
207	10.643939803645559	0.18667084161714143	4.869948199354878	5.975234789743339	0.6933862141022875	2.5678728058444986	-0.2451198162043483	0.38947503646125486	nan	0.04602555049804457	10.596508126902428	0.2061074003434596	10.643930312794547	0.18619370748349878	10.643930312794545	-1.1371084749356442e-06	-0.00032353500650944556	False	False
209	10.643982542923071	0.1854726889519283	3.6532827788392397	6.775496064309864	0.7808690156170072	3.1634282090497985	-0.44725261680799977	0.4386141260720729	56.57510457801602	0.645409777734464	10.708481502695488	0.18963071967698694	10.643982542023222	0.18547268890968807	10.643982542023222	-8.998490841349849e-10	-4.2240239084279096e-11	False	False
210	10.644039241154225	0.1857587332089044	3.3956387372750023	6.089084183744426	0.8078054806431313	2.8484645857340496	-0.3409014287139932	0.4537443384772468	22.572742369341416	0.25751023783551363	10.770458533525678	0.20775474002929278	10.644039189011522	0.18575872956241823	10.644039189011524	-5.214270260012199e-08	-3.6464861685736594e-09	False	False
212	10.643993904777311	0.18418405888488756	2.9937985204710422	5.646380141186211	0.6906417907642436	5.045090974330171	-0.6948981321201074	0.3879334938722756	nan	2.298252018357425	10.800548483101727	0.19653706706967267	10.64136557489046	0.1810823011517617	10.641365574890465	-0.002651006772767417	-0.0030771474513314745	False	False
213	10.644037658425802	0.1829406304384572	2.8013946742565325	5.723969607625465	0.7932176497166674	3.0907437760431398	-0.44123025502143176	0.44555035384585207	59.98522970461191	0.2977534835462088	10.679746354668954	0.154606968739013	10.588740017483598	0.12021877937165922	10.588740017483602	-0.055297640942203685	-0.06272185106679799	False	False
214	10.644008460929633	0.1829918811191764	4.278602720416505	6.468115928655508	0.8376976566942913	4.629508818721178	-0.1644372681153749	0.47053477376518343	nan	0.2977534835462088	nan	nan	10.644008460929633	0.1829918811191764	nan	nan	nan	False	True
216	10.64403097171702	0.18141437960384152	3.8804956032423807	6.554584580919933	0.7945648210057628	2.629131690653304	-0.480114434258162	0.44630705995893694	4.513866177259077	0.0997528221039736	10.70601848729653	0.1870885705793376	10.644030972350158	0.18141437967175958	10.644030972350158	6.331379864832343e-10	6.791806006489765e-11	False	False
217	10.644121250334615	0.18470531333787316	2.4871750021575036	6.815388704188132	0.8091256790496452	4.0723915492044505	-0.46675805151333344	0.4544858939221857	0.09363932998194142	0.002069354087784637	10.737909258054703	0.19069493680866217	10.64412124990215	0.18470531331820905	10.644121249902154	-4.324647306930274e-10	-1.966410367870708e-11	False	False
219	10.643981066900814	0.18259183800029077	2.148306859664744	6.43911572847875	0.711784548977122	4.816003026237006	-0.7076436378604559	0.3998093811604494	nan	1.3097130056567903	10.860780604063924	0.20243056305931353	10.644027663489812	0.18293358206979685	10.644027663489812	2.077431560110199e-10	6.480177505707729e-12	False	False
221	10.64402617031913	0.18224126763605614	2.690485934047398	7.685930647417415	0.7320176808779966	5.632546928084365	-0.7376552033381569	0.41117433134917064	2.9542729195842393e-25	2.378523265085215e-27	10.66901913970314	0.18301162201490995	10.644026170321371	0.18224126763636644	16.716740752295095	2.241762331323116e-12	3.1030733538273125e-13	False	False
222	10.643965387756046	0.18386419780205823	2.7486710960620417	7.364259063324137	0.7265192149328001	5.574779137429016	-0.6977667617034148	0.4080858430277538	0.00039174907897526577	3.1540224068042662e-06	10.694991254797323	0.1854438838492415	10.643965387895292	0.1838641978093973	13.179865647834347	1.3924683628374623e-10	7.339073793133366e-12	False	False
223	10.643964486743469	0.18060753197030455	2.682959922382423	5.835041697617782	0.720221618193103	5.3188571719030735	-0.632338488466011	0.404548482939066	0.2546700040565713	0.002050381078716139	11.136288583131043	0.2401864345400739	10.643964467972204	0.18060753099391247	10.643964467972204	-1.8771265430927997e-08	-9.763920783001367e-10	False	False
225	10.643959577057936	0.18358597727537	2.732645281361334	6.416219648153369	0.7079185414702819	6.316215456390018	-0.5251232565918247	0.3976378447438573	nan	1.0521523453104897	10.795276404739589	0.1925475712329797	10.643983702477643	0.18396047674711555	10.643983702477643	1.3206900959517043e-06	8.222081340769627e-08	False	False
226	10.643928552893627	0.18468707427825196	2.7175295725919044	7.267235870789929	0.7213402430833764	5.327690901418565	-0.5918537714223049	0.40517681453993254	0.013493022361557576	0.00010324936818203542	10.703855171412402	0.1865526939227108	10.643928552921777	0.18468707428115014	12.393129695745841	2.814992683397577e-11	2.89818169463274e-12	False	False
227	10.643945788404212	0.18441448857425183	3.507592365449596	6.1584551734821575	0.6906417907642436	5.045090974330171	-0.6948981321201074	0.3879334938722756	nan	0.00010324936818203542	10.703855171412402	0.1865526939227108	10.643928552921777	0.18468707428115014	12.393129695745841	2.814992683397577e-11	2.89818169463274e-12	False	False
229	10.644001870532536	0.18606105525483443	2.8799900387702437	6.6097967977144165	0.7618847962226811	4.986987596458691	-0.45374102562115176	0.42795069003827996	18.192187957051992	0.1519900196556133	10.795598452174252	0.19628678652604262	10.644001868674046	0.18606105515066562	10.644001868674046	-1.8584902505835998e-09	-1.0416881246477772e-10	False	False
230	10.64397936888564	0.18569019166183418	2.8149471569374445	6.457355341049069	0.7362547271908322	4.328671600432284	-0.5258897169690425	0.41355428026309043	30.101632372228398	0.2514896892403498	10.792252527137785	0.19660443971686278	10.643979368889996	0.1856901916670012	10.64397936889	4.355626970209414e-12	5.16703346775671e-12	False	False
231	10.64397021748671	0.18472174909355457	3.594179560735842	7.176513031803608	0.7177911049539909	5.191905130497572	-0.5598259390660427	0.40318326365265666	4.580481725803855	0.038268486956085805	10.714222205293414	0.1869256875329506	10.643970217702282	0.1847217491118842	11.662600983127627	2.155715606022568e-10	1.832961560310764e-11	False	False
233	10.643991938988766	0.18417698163374233	3.3214742738086684	5.351146748524306	0.7016851389270882	5.9809908808313965	-0.5264084718151965	0.3941365425353454	nan	1.242224091507199	10.852341885832157	0.1990405341252443	10.643995990079764	0.18418072172792826	10.643995990079768	-6.509743855076522e-10	-2.8841956600800245e-11	False	False
234	10.644032280274907	0.18544329418407318	3.300710143478088	7.268374681410334	0.7725977450474202	5.873584203980019	-0.43083456245463714	0.4339681533931359	25.484498740078607	0.17139821113422807	10.729955956727734	0.18813303540557744	10.644032280475386	0.18544329419610192	10.817119199326173	2.0047963289471227e-10	1.2028739115876874e-11	False	False
235	10.64396920624273	0.1821806268358118	3.6613262747279123	6.222498085545169	0.6875703634757694	4.256872818711231	-0.6963024152450683	0.38620827316433964	nan	0.17139821113422807	10.729955956727734	0.18813303540557744	10.644032280475386	0.18544329419610192	10.817119199326173	2.0047963289471227e-10	1.2028739115876874e-11	False	False
236	10.643976881547417	0.18618217478043714	2.857042145419599	5.31461099101776	0.7271466774826929	6.4418159721655455	-0.544862659364896	0.4084382887420286	nan	0.17139821113422807	nan	nan	10.643976881547417	0.18618217478043714	nan	nan	nan	False	True
238	10.643958700036876	0.1816954713976787	3.419108176539246	7.147316392522034	0.6938988736081895	6.712583227005349	-0.6045694128214409	0.38976299730572	nan	0.43450566557741355	10.766396847704826	0.18835012970514953	10.643980597472297	0.18283615662359815	10.643980597472297	-1.0544323565397917e-06	-6.612168731989776e-08	False	False
239	10.643976792944995	0.18133060937664355	3.5629125250543523	6.444726443129206	0.760626380430723	5.043344191261316	-0.6146108888298988	0.4272438378879371	3.2314298983336034	0.050018364193109885	10.835450931290508	0.19589592398281552	10.643976794606939	0.1813306094055895	10.64397679460694	1.6619434717313197e-09	2.8945956742632006e-11	False	False
240	10.643992332577227	0.18474553768303295	3.763343255577164	6.610475190852692	0.6901630380008024	6.073588166490797	-0.9345790650686954	0.38766457844505064	nan	0.050018364193109885	10.835450931290508	0.19589592398281552	10.643976794606939	0.1813306094055895	10.64397679460694	1.6619434717313197e-09	2.8945956742632006e-11	False	False
241	10.64400362012703	0.18119488993793909	4.322969135185005	6.270179303652798	0.6187821229450066	5.1633978900303665	-0.821623187897524	0.34756991845821017	nan	0.050018364193109885	10.835450931290508	0.19589592398281552	10.643976794606939	0.1813306094055895	10.64397679460694	1.6619434717313197e-09	2.8945956742632006e-11	False	False
242	10.644029334851586	0.18245561589760798	4.561981091340325	6.673316461360318	0.750956556205814	5.349765451497438	-0.6223632289965035	0.42181229762080574	0.0	0.0	10.788961058061489	0.19112237305518529	10.644029334674487	0.1824556158831959	10.644029334674489	-1.7709922417452617e-10	-1.4412082638415313e-11	False	False
244	10.643981043534907	0.1825871993782162	3.2483351874169024	6.042578209754608	0.6671922888073037	4.361059648665775	-0.6654522518110721	0.3747619086230625	nan	0.4521378729782739	10.769972631311642	0.18827876977504512	10.643981130938231	0.18229305664310316	10.643981130938231	2.760067729923321e-10	1.4701961870144942e-11	False	False
245	10.644040216309081	0.18311388685054644	3.6042662288817597	6.571351009689579	0.6974167084519477	4.7138782101508925	-0.8067855492780511	0.391738965137459	nan	0.4521378729782739	10.769972631311642	0.18827876977504512	10.643981130938231	0.18229305664310316	10.643981130938231	2.760067729923321e-10	1.4701961870144942e-11	False	False
246	10.64398916555535	0.18062582358311666	3.0180984252723393	6.739484123987104	0.7568125561059069	4.12003147025613	-0.5886149634779223	0.4251016127646879	0.506931024072046	0.0173545249202195	10.739235345197304	0.18607298448719875	10.643989165031202	0.18062582357613557	10.643989165031206	-5.241478362449925e-10	-6.981082378842984e-12	False	False
247	10.643980216990414	0.1809667428441737	4.130220066495799	7.315782676376531	0.6883211769539331	4.702813627107798	-0.8448690666904826	0.3866300050950242	nan	0.0173545249202195	10.739235345197304	0.18607298448719875	10.643989165031202	0.18062582357613557	10.643989165031206	-5.241478362449925e-10	-6.981082378842984e-12	False	False
248	10.643936440110592	0.1822409034248235	3.302087477119027	6.657433438937368	0.709299896315535	5.833944990173653	-0.7780214257814307	0.39841375176043603	nan	0.0173545249202195	10.739235345197304	0.18607298448719875	10.643989165031202	0.18062582357613557	10.643989165031206	-5.241478362449925e-10	-6.981082378842984e-12	False	False
249	10.6439844334181	0.18110384181406658	3.8294001642979723	6.586308519005921	0.7549376618844976	5.238015235161013	-0.3840845676410104	0.4240484846805223	2.177818061305474	0.07455648997970672	10.802094893253017	0.19181356483773054	10.64398443385111	0.18110384183798908	10.64398443385111	4.3301007224272325e-10	2.3922502867534945e-11	False	False
251	10.643915074148577	0.18467987489889168	3.592144169170539	6.014517867267453	0.7475536497014361	3.881612381192994	-0.43758137512900835	0.41990088503729667	3.971077178278066	0.0953313357440742	10.870402766249848	0.2146038696830315	10.643915073975565	0.18467987487697002	10.643915073975565	-1.730118270870662e-10	-2.1921658932555488e-11	False	False
252	10.643993888210362	0.18238729562481962	3.6785870750281617	6.250702999089545	0.7342263989663268	4.11604156617358	-0.6661449139153262	0.41241496829938573	nan	0.0953313357440742	10.663037843287785	0.1824887457135615	10.501017571784214	0.16748860758836348	nan	-0.1429763164261484	-0.014898688036456137	True	False
253	10.64394728400397	0.18376796688074967	4.647419926261476	6.3785456998485355	0.7703849938849556	4.121617977324202	-0.38605356235601024	0.43272525106517956	0.0	0.0	10.799044675449244	0.1980384304598295	10.643947285406373	0.1837679670082937	10.643947285406373	1.402403526640228e-09	1.275440308923237e-10	False	False
255	10.643993190620822	0.1827051445030973	4.598161701416331	4.706172929935158	0.8551143081935009	4.9337841587126325	-0.08045484178019177	0.4803177069122894	nan	2.414780022489363	10.653219628608268	0.1833498435735349	10.644265964178944	0.0006863806896763926	nan	0.00027277355812138637	-0.18201876381342091	True	False
256	10.643990204669898	0.18153474967367933	4.228661628357467	5.719001763155589	0.7644883078088955	3.744866334940303	-0.38529440734421017	0.4294130824962566	8.518570266240136	0.08468694888611841	11.079489750723154	0.24955217977398084	10.644430595841406	0.18337293365714835	10.644430595841408	0.0004403911715087361	0.0018381839834690217	False	False
257	10.64397687249156	0.18317957303542703	3.66748721482307	4.409372655411813	0.7475536497014361	3.881612381192994	-0.43758137512900835	0.41990088503729667	nan	0.08468694888611841	nan	nan	10.64397687249156	0.18317957303542703	nan	nan	nan	False	True
258	10.643973523609736	0.18222746200629608	3.878096155711399	5.5517348910515505	0.753351855639631	3.867232502164377	-0.42966473934233423	0.4231577373127807	25.621584317680426	0.2547157250192493	11.397281875003102	0.2813248972242381	10.647173449222235	0.18197607407527444	10.647173449222239	0.003199925612499044	-0.0002513879310216405	False	False
259	10.643982589735597	0.18296048390819372	4.068372682714237	5.310260537888051	0.7941277012861917	3.617318247199552	-0.4400279868792502	0.44606152981245384	nan	0.2547157250192493	nan	nan	10.643982589735597	0.18296048390819372	nan	nan	nan	False	True
260	10.644003809990403	0.18322590408753903	4.811496152012288	4.7055626166762154	0.7241533887486411	4.1901406323774175	-0.6771154041924057	0.4067569584601117	nan	0.2547157250192493	10.799382515058964	0.18346702008953233	10.646071118805025	0.013905889240458083	nan	0.0020673088146221374	-0.16932001484708095	True	False
261	10.644026812061739	0.18232818018291147	3.86250874945652	5.833889964312611	0.7618318898772971	2.0020969410393694	-0.38145799280330467	0.4279209725440778	41.46475583916408	0.4122198383739527	10.643839616285224	0.17949994018207208	10.613796104254707	0.16174271641568402	10.61379610425471	-0.030230707807032076	-0.020585463767227447	False	False
262	10.64397143097011	0.1838015292903757	4.044261462903687	4.1667571303194535	0.798649870457174	3.616744418559743	-0.27817482606520305	0.4486016322357946	nan	0.4122198383739527	10.76636994045736	0.1878366124317252	10.64398192724439	2.0071160647742847e-06	nan	1.0496274279958584e-05	-0.18379952217431092	True	False
263	10.644052319016028	0.1838013787377555	4.403806420831035	4.398286651788261	0.7762911476881328	3.6795113419582965	-0.2435200743838646	0.43604273765642415	nan	0.4122198383739527	nan	nan	10.644052319016028	0.1838013787377555	nan	nan	nan	False	True
264	10.644020279351713	0.18226699753937567	4.125803382491005	5.6279157504190875	0.7664394010030188	3.300272606503497	-0.5473375159515761	0.4305090115433956	33.2879265207805	0.3309302903754126	11.08536508307407	0.2525678184211916	10.644193782195615	0.18227847967697966	10.644193782195616	0.00017350284390182935	1.148213760399086e-05	False	False
265	10.643966199567119	0.1834044829189082	3.7153170665309756	4.96858498730662	0.7556693529955574	3.619423356451072	-0.5906395389317868	0.42445947557760455	nan	0.3309302903754126	nan	nan	10.643966199567119	0.1834044829189082	nan	nan	nan	False	True
266	10.64403773004311	0.183921400665947	4.521986024105927	4.476326098726701	0.8329281425591408	4.362684257662649	-0.1678354400512232	0.4678557376754694	nan	0.3309302903754126	nan	nan	10.64403773004311	0.183921400665947	nan	nan	nan	False	True
267	10.643981157431574	0.18224670665670697	4.226652242770771	5.250511144600324	0.7103879692077478	4.245191774860251	-0.6989887997750709	0.39902492230399195	nan	0.3309302903754126	nan	nan	10.64403773004311	0.183921400665947	nan	nan	nan	False	True
268	10.643983398255855	0.182930637684663	4.305397708912341	4.791338591326377	0.7004039019416628	4.827708792036824	-0.567043922718212	0.393416871720632	nan	0.3309302903754126	nan	nan	10.64403773004311	0.183921400665947	nan	nan	nan	False	True
269	10.644046984286295	0.18221041606251911	4.545704797983438	4.881862615134061	0.6751538483974896	4.9914100355970685	-0.8465167177699897	0.3792339166448699	nan	0.3309302903754126	nan	nan	10.64403773004311	0.183921400665947	nan	nan	nan	False	True
270	10.644015361796736	0.18393074736438741	3.697254483271127	5.061896753530702	0.7150978279754024	4.454031640787353	-0.728824356147331	0.40167044997378354	nan	0.3309302903754126	nan	nan	10.644015361796736	0.18393074736438741	nan	nan	nan	False	True
271	10.644002765509393	0.18040857134301996	3.8311664946277197	5.636303346440824	0.7746996971350335	3.70469576919312	-0.4564657645794864	0.4351488198807483	nan	0.3309302903754126	10.64261446804022	0.11087657068150632	10.605338666443004	0.07960377760936617	nan	-0.03866409906638957	-0.1008047937336538	True	False
272	10.643980453654764	0.18289905532374914	4.545831593280813	4.771802077137598	0.7500120189588636	3.236375507865743	-0.5316110817853699	0.4212817510491937	nan	0.3309302903754126	nan	nan	10.643980453654764	0.18289905532374914	nan	nan	nan	False	True
273	10.643995280099233	0.18460169236527388	3.142124875698877	5.570576380494897	0.7573603543015089	3.0257134186147687	-0.46732724018816196	0.42540931101115753	nan	0.3309302903754126	nan	nan	10.643995280099233	0.18460169236527388	nan	nan	nan	False	True
275	10.64405230262931	0.18232572396338584	4.425373052102458	6.075989651184178	0.7679578043929576	3.905241096113721	-0.5451046044367588	0.43136189872752423	nan	0.8281457088675444	10.695666101855682	0.1822909619980887	10.53192080142528	0.1585670518156619	nan	-0.11213150120403093	-0.023758672147723925	True	False
276	10.644049357906106	0.18251551497097718	3.9729133264488676	5.049798565058244	0.7362547271908322	4.328671600432284	-0.5258897169690425	0.41355428026309043	nan	0.8281457088675444	nan	nan	10.644049357906106	0.18251551497097718	nan	nan	nan	False	True
278	10.644018662949797	0.18234742815795316	4.600692418277268	5.873335850106681	0.8389367071014184	1.968646739013784	-0.22333052823568061	0.4712307483788667	0.0	0.0	10.690486630715492	0.20637066555895395	10.641250643960511	0.18144648893168439	10.641250643960511	-0.0027680189892862472	-0.000900939226268771	False	False
279	10.643994677022587	0.1807436730647154	3.7117887835603653	5.609165359284014	0.811119241908546	2.8820176557771173	-0.3172274450012242	0.4556056781800303	1.1778186322494526	0.03057646624702861	10.649038597007568	0.14291152978110733	10.620266162034401	0.10451407050696944	10.620266162034405	-0.023728514988185623	-0.07622960255774595	False	False
280	10.644009505659808	0.18150580327425714	3.2578486753753673	6.73979859226195	0.8238824399305414	2.965367084874464	-0.28601774657814505	0.46277476650898514	10.338712016971463	0.2683955495091243	10.704971737847877	0.18635495168097094	10.644009501298427	0.1815058030305787	10.64400950129843	-4.3613805900122316e-09	-2.436784385384527e-10	False	False
281	10.644063416003661	0.18281228257046236	4.150471347323659	5.229141434247791	0.9099189277419182	2.2580893548796204	-0.1330454459114332	0.5111014617126354	nan	0.2683955495091243	nan	nan	10.644063416003661	0.18281228257046236	nan	nan	nan	False	True
282	10.644043714461903	0.18196232999668185	3.7019063195870916	5.404920412244364	0.7945648210057628	2.629131690653304	-0.480114434258162	0.44630705995893694	nan	0.2683955495091243	nan	nan	10.644043714461903	0.18196232999668185	nan	nan	nan	False	True
285	10.644077881456047	0.18385736134487987	3.4530709473359167	5.818916759909414	0.7945648210057628	2.629131690653304	-0.480114434258162	0.44630705995893694	10.284965903553783	0.13553638258709733	10.822574899460118	0.22041578746938217	10.644077754001552	0.18385735459584976	10.644077754001552	-1.2745449495810135e-07	-6.749030112551679e-09	False	False
287	10.643987776179314	0.18684982387177815	2.7319517453664117	7.781960486327907	0.7234077181724801	1.3627266874879016	-0.5911187944220917	0.40633811529748204	1.1931123827932451e-27	6.661971570838839e-30	10.64600526784151	0.18694469956952722	10.64398777621546	0.18684982387307963	16.910889021640816	3.6147085324955697e-11	1.3014866961924554e-12	False	False
288	10.644040018608607	0.18569514976095725	3.1778622955072597	6.303720480459081	0.7734586135077958	1.1396426793596086	-0.5656901316867795	0.43445170320732884	26.835014694042368	0.14983844570971364	10.639292777598564	0.18704625396429192	10.643704668154651	0.18415940911730896	10.643704668154655	-0.0003353504539553853	-0.0015357406436482812	False	False
289	10.643937279985348	0.1833539013405433	3.378064819080968	6.393955283208218	0.7871264523631022	1.350511111924666	-0.4369337145894559	0.4421289282923545	28.1531041146058	0.1571982505145714	10.65027118864634	0.18656086029031213	10.643937279208467	0.18335390128266732	10.643937279208467	-7.768807819275025e-10	-5.787598178486064e-11	False	False
290	10.644048026311845	0.18466687274181143	3.5604728555680354	5.656504141083834	0.7956512526721795	1.9359648278400547	-0.4532090980542629	0.44691730862596324	59.14574583388357	0.33025160325544384	10.644048026311845	0.18466687274181143	10.608727736399906	0.1550340256363001	10.608727736399906	-0.035320289911938474	-0.02963284710551134	False	False
291	10.644041674644818	0.1854021638011537	3.702889445827037	5.848701494648107	0.7217186308764968	0.29965030023309325	-0.6082644164082711	0.40538935496332823	nan	0.33025160325544384	nan	nan	10.644041674644818	0.1854021638011537	nan	nan	nan	False	True
292	10.64399267262475	0.18643778080074758	3.4202751732536663	6.157334101987642	0.7180428361210263	0.9215765491323946	-0.599771131503878	0.4033246610491804	13.475855791477764	0.07524502257312173	10.627775898925195	0.1887208670584848	10.643992702074911	0.18643778293125346	10.643992702074913	2.9450161420641052e-08	2.130505882824707e-09	False	False
293	10.644026915419966	0.18511519324896372	2.5052230885265123	6.039207887514491	0.7706312599804279	0.8814735203820523	-0.5787872874365756	0.43286357873100634	nan	0.07524502257312173	nan	nan	10.644026915419966	0.18511519324896372	nan	nan	nan	False	True
294	10.64400432164415	0.1860506746481291	3.4057131483404723	7.033559059218584	0.8002607420832424	0.9423386467046093	-0.4109346444477796	0.4495064588281572	32.973202425520775	0.1841121928883708	10.642636058918992	0.18639206234860634	10.644004323386982	0.18605067474627637	10.644004323386984	1.7428316567702495e-09	9.814726809054264e-11	False	False
295	10.64405568582564	0.1851530424694194	3.6636451921052413	6.25205788035293	0.8040025798225995	1.2335050339045504	-0.35809787092033724	0.4516082490863541	29.32600657728612	0.1637473761245578	10.634098906791063	0.18941796335042319	10.644055687516875	0.18515304259075666	10.644055687516877	1.6912355960130299e-09	1.213372458064299e-10	False	False
296	10.64399042035936	0.1837558821947912	3.652437471725897	7.607942960839203	0.8223790508929323	1.8570591220749804	-0.2450225249044828	0.46193031288656006	0.0001172700415625114	6.547997441544641e-07	10.651503774263515	0.1840714990218838	10.64399042033912	0.18375588219359174	13.44170920677077	-2.0239809828126454e-11	-1.1994572002294035e-12	False	False
300	10.64396874427353	0.1825302717750888	2.7795044665670847	7.038411054139257	0.7366652887285379	2.905489737802074	-0.4363460046503163	0.4137848926788197	42.69556234428206	0.23730903364786363	10.690215459464989	0.1841421369055556	10.643968744245052	0.182530271779616	10.643968744245054	-2.8476776492425415e-11	4.527211938665232e-12	False	False
301	10.643976823814969	0.18507636473136338	1.8476608058815762	7.5385502365728945	0.7529139729287532	3.6082161310305696	-0.29742257107420894	0.42291177859408063	5.891824648024677e-10	3.2747740909721263e-12	10.666539613093796	0.18581432652840263	10.643976823842406	0.18507636473301398	14.49244251291755	2.743760774137627e-11	1.6505963262858359e-12	False	False
302	10.644057436430653	0.1821633581493689	1.8192694286067645	6.565761471618514	0.8263145869760918	1.1950323531044154	-0.5485863914657815	0.4641409035044708	8.921204036179136	0.04958553518348537	10.648253809752203	0.18429154324950406	10.644057436382631	0.18216335814284587	10.644057436382631	-4.802203079634637e-11	-6.52303211445826e-12	False	False
303	10.644000542073066	0.18217827460053837	1.543100396651365	6.155783433841353	0.8563588787932408	3.455326963799989	-0.25719907168307576	0.48101678221816335	45.65767317907805	0.25377293811866264	10.84096773862405	0.21210083601792298	10.643959486102396	0.1821740538512505	10.643959486102396	-4.105597066939026e-05	-4.220749287880965e-06	False	False
304	10.644013708646247	0.1830777123017927	2.193971794461821	7.378028442658061	0.7869187535704601	3.954078431061007	-0.4985358168590662	0.44201226388052745	2.921393649257508	0.016237591584342972	10.685377188323004	0.18441648564253835	10.644013708575548	0.18307771229762795	11.832931895550933	-7.069900220812997e-11	-4.164751876700734e-12	False	False
306	10.643923954924222	0.18429887329622446	0.9929405687312636	6.914059255326371	0.9099189277419182	2.2580893548796204	-0.1330454459114332	0.5111014617126354	19.490629423585027	0.1687806051279937	10.681119863290172	0.18773531332132523	10.643923955104489	0.18429887330821235	10.64392395510449	1.8026646841917682e-10	1.1987882908570668e-11	False	False
307	10.643952634448658	0.18448715962984633	0.9461832795586196	7.905768744412162	0.8271923494344506	3.5490057282121894	-0.27977664495367005	0.4646339426773309	1.1555727115022112e-22	1.0006770806525609e-24	10.656663023940428	0.1849102371717348	10.643952634551246	0.1844871596352349	16.43919317402862	1.0258816018904326e-10	5.38857847232066e-12	False	False
