Step	Time_elapsed
1	0.0
2	1582680629.4123557
3	1582680629.4123557
4	1835.7184751033783
5	1559.833048582077
6	1410.3927910327911
7	1866.898274898529
8	1866.898274898529
9	1866.898274898529
10	1344.7800636291504
11	1922.924328804016
12	1879.0434319972992
13	1428.584097146988
14	1428.584097146988
15	1462.14564371109
16	1520.1994016170502
17	2359.803696870804
18	2183.113708257675
19	2183.113708257675
20	2050.664992570877
21	2001.8638615608215
22	4814.260233163834
23	2712.3497581481934
24	1661.3725216388702
25	2302.896238088608
26	2302.896238088608
27	1913.8720214366913
28	1913.8720214366913
29	2065.80486869812
30	2065.80486869812
31	2065.80486869812
32	16186.790197610855
33	16186.790197610855
34	16186.790197610855
35	16186.790197610855
36	16186.790197610855
37	3439.5460000038147
38	1361.4166417121887
39	1361.4166417121887
40	2015.3197615146637
41	1828.1158468723297
42	1040.207739830017
43	1347.5878310203552
44	4013.0388066768646
45	4476.046539306641
46	1911.1276860237122
47	1911.1276860237122
48	1911.1276860237122
49	1911.1276860237122
50	1911.1276860237122
51	1911.1276860237122
52	8905.07138133049
53	1838.3087742328644
54	1838.3087742328644
55	9969.205038070679
56	9969.205038070679
57	9969.205038070679
58	9969.205038070679
59	9369.76156592369
60	1816.1121966838837
61	1805.1121621131897
62	1805.1121621131897
63	1805.1121621131897
64	4025.037296772003
65	4025.037296772003
66	3604.073179244995
67	3707.3534948825836
68	3707.3534948825836
69	1387.319373369217
70	1213.7123568058014
71	1597.3145842552185
72	1129.8093254566193
73	1302.1329312324524
74	1495.9169912338257
75	1495.9169912338257
76	1495.9169912338257
77	910.50097489357
78	1773.1086304187775
79	1773.1086304187775
80	1773.1086304187775
81	2169.355967760086
82	2169.355967760086
83	2169.355967760086
84	2169.355967760086
85	3947.3519825935364
86	1572.5978562831879
87	2080.0014226436615
88	2080.0014226436615
89	2080.0014226436615
90	1583052874.254411
91	1917.3241901397705
92	1917.3241901397705
93	1644.8328006267548
94	2400.9421746730804
95	2179.739363193512
96	2179.739363193512
97	2179.739363193512
98	2179.739363193512
99	12598.15356373787
100	2329.856130361557
101	2329.856130361557
102	2329.856130361557
103	1709.2819957733154
104	1429.0130984783173
105	1429.0130984783173
106	3263.8468425273895
107	1320.805235862732
108	1703.2524337768555
109	1490.8994858264923
110	1776.2149641513824
111	1776.2149641513824
112	1776.2149641513824
113	2437.1943895816803
114	1900.1428904533386
115	1900.1428904533386
116	2202.4338405132294
117	2251.1843688488007
118	2251.1843688488007
119	2251.1843688488007
120	2089.8831100463867
121	3256.927124977112
122	2522.6142315864563
123	2522.6142315864563
124	4236.482297182083
125	4236.482297182083
126	4236.482297182083
127	2157.6329748630524
128	1243.0144083499908
129	1243.0144083499908
130	1243.0144083499908
131	5145.823451757431
132	1305.066612482071
133	1305.066612482071
134	1305.066612482071
135	1591.8246195316315
136	1287.2096076011658
137	1287.8309762477875
138	8137.804312467575
139	1078.2099244594574
140	1075.9277758598328
141	1210.6858539581299
142	780.7635035514832
143	1082.3719336986542
144	467.38300943374634
145	1583453365.0052845
146	950.0995404720306
147	950.0995404720306
148	1403.6209170818329
149	987.7161746025085
150	987.7161746025085
151	987.7161746025085
152	806.380443572998
153	2294.5185062885284
154	2294.5185062885284
155	2294.5185062885284
156	2294.5185062885284
157	2294.5185062885284
158	18706.767667531967
159	591.3166244029999
160	591.3166244029999
161	1087.399025440216
162	311.87592124938965
163	311.87592124938965
164	311.87592124938965
165	966.2583394050598
166	660.997435092926
167	131.5620641708374
168	564.2572889328003
169	263.6593906879425
170	546.5757846832275
171	346.3564989566803
172	2075.1623504161835
173	1703.9208633899689
174	271.15673637390137
175	167.89053773880005
176	361.25119638442993
177	296.731730222702
178	2114.2292420864105
179	2114.2292420864105
180	2209.821770429611
181	909.9719841480255
182	276.4870014190674
183	276.4870014190674
184	1048.5081975460052
185	207.2848653793335
186	550.8327872753143
187	342.8611173629761
188	700.7718658447266
189	424.88527178764343
190	300.24315118789673
191	208.22191047668457
192	485.94558024406433
193	591.2972741127014
194	523.1652421951294
195	605.9919383525848
196	256.0752942562103
197	231.72239923477173
198	325.45547747612
199	608.3263008594513
200	882.7415025234222
201	992.9099209308624
202	992.9099209308624
203	2666.20463347435
204	2927.731053352356
205	768.7939252853394
206	1050.8502593040466
207	18109.377338409424
208	18109.377338409424
209	868.0097143650055
210	496.4351234436035
211	526.8333370685577
212	283.77709555625916
213	283.77709555625916
214	283.77709555625916
215	416.1388990879059
216	416.1388990879059
217	1092.4491102695465
218	306.13570499420166
219	840.9536600112915
220	2194.8484630584717
221	875.9038376808167
222	461.5529217720032
223	1303.0091235637665
224	2050.5365607738495
225	2050.5365607738495
226	860.3891358375549
227	1303.7826693058014
228	1303.7826693058014
229	1303.7826693058014
230	1303.7826693058014
231	1303.7826693058014
232	1303.7826693058014
233	1303.7826693058014
234	1303.7826693058014
235	1303.7826693058014
236	1303.7826693058014
237	2787.6698105335236
238	2787.6698105335236
239	857.319995880127
240	857.319995880127
241	1899.0013041496277
242	1899.0013041496277
243	1776.5259647369385
244	2561.83846616745
245	2561.83846616745
246	643.1671390533447
247	759.5834741592407
248	632.5921120643616
249	715.5647819042206
250	4502.889407157898
251	1502.4001832008362
252	666.961279630661
253	462.8249592781067
254	792.4413735866547
255	339.13565158843994
256	822.0241084098816
257	822.0241084098816
258	892.4701769351959
259	892.4701769351959
260	532.9526813030243
261	829.7075288295746
262	1352.7998611927032
263	1097.4896593093872
264	4472.655894756317
265	746.0499377250671
266	912.9073493480682
267	1385.8309481143951
268	1385.8309481143951
269	531.2858376502991
270	1129.81059217453
271	586.1515200138092
272	1187.2478215694427
273	974.6459202766418
274	1163.0278854370117
275	633.9250509738922
276	628.5489687919617
277	687.9707226753235
278	687.9707226753235
279	1627.7656404972076
280	758.8573672771454
281	758.8573672771454
282	649.7709879875183
283	774.9646337032318
284	3170.8402976989746
285	555.7090241909027
286	847.5753445625305
287	847.5753445625305
288	847.5753445625305
289	847.5753445625305
290	935.273663520813
291	515.952642917633
292	515.952642917633
293	367.8112361431122
294	367.8112361431122
295	336.98266530036926
296	336.98266530036926
297	286.226683139801
298	285.1969347000122
299	260.97081661224365
300	496.7539734840393
301	496.7539734840393
302	496.7539734840393
303	496.7539734840393
304	1040.1031675338745
305	1113.1095778942108
306	370.37868666648865
307	880.6661801338196
308	1139.3487086296082
309	1139.3487086296082
310	3661.9474818706512
311	3661.9474818706512
312	1388.268405199051
313	1388.268405199051
314	1584048823.2193296
315	1584048823.2193296
316	336.0576434135437
317	342.1817820072174
318	347.401558637619
319	491.29949593544006
320	317.82447481155396
321	928.3021674156189
322	657.8963534832001
323	1154.667655467987
324	684.1700541973114
325	705.8146107196808
326	841.9543831348419
327	1032.6244642734528
328	914.380940914154
329	914.380940914154
330	1078.483083486557
330	1584812673.8383677
331	824.9052629470825
332	824.9052629470825
333	1269.5897009372711
334	481.58371806144714
335	458.8059983253479
336	506.79536533355713
337	650.5654623508453
338	326.85143280029297
339	352.6943380832672
340	514.8856067657471
341	366.15413904190063
342	405.0306613445282
343	235.92812967300415
344	753.3860337734222
345	467.60494565963745
346	467.60494565963745
347	478.49124813079834
348	1372.3826854228973
349	950.660352230072
350	375.42755818367004
351	229.82846307754517
352	229.82846307754517
353	1398.0507860183716
354	625.2195618152618
355	525.8461151123047
356	1126.1956429481506
357	1126.1956429481506
358	690.1200132369995
359	1023.4489436149597
360	536.507532119751
361	994.1319718360901
362	994.1319718360901
363	861.4879441261292
364	861.4879441261292
365	861.4879441261292
366	861.4879441261292
367	861.4879441261292
368	861.4879441261292
369	2238.7373576164246
370	2238.7373576164246
371	658.8386566638947
372	658.8386566638947
373	4034.0163164138794
374	0.0
375	34612.87514638901
376	3686.7975583076477
377	3686.7975583076477
378	3686.7975583076477
379	3686.7975583076477
380	243.8344588279724
381	243.8344588279724
382	243.8344588279724
383	243.8344588279724
384	243.8344588279724
385	243.8344588279724
386	243.8344588279724
387	243.8344588279724
388	4100.699800014496
389	4100.699800014496
390	4100.699800014496
391	140.2975378036499
392	140.2975378036499
393	140.2975378036499
394	140.2975378036499
395	2565.529482126236
396	2565.529482126236
397	2565.529482126236
398	2565.529482126236
399	0.0
400	2798.8761336803436
401	2798.8761336803436
402	2798.8761336803436
403	3658.811069250107
404	3658.811069250107
405	3658.811069250107
406	3658.811069250107
407	3658.811069250107
408	2121.2109298706055
409	1320.4080398082733
410	1320.4080398082733
411	1320.4080398082733
412	1320.4080398082733
413	1320.4080398082733
414	1320.4080398082733
415	704.5098538398743
416	3523.09024143219
417	1888.0088257789612
418	2551.0673508644104
419	1579.1421911716461
420	1579.1421911716461
421	1579.1421911716461
422	1579.1421911716461
423	1579.1421911716461
424	1396.8489754199982
425	1396.8489754199982
426	1340.590475320816
427	2662.962234735489
428	2662.962234735489
429	2662.962234735489
430	2662.962234735489
431	2662.962234735489
432	2662.962234735489
433	2662.962234735489
434	2662.962234735489
435	2662.962234735489
436	2662.962234735489
437	2662.962234735489
438	2662.962234735489
439	747.9684066772461
440	747.9684066772461
441	2338.2594106197357
442	601.1045100688934
443	2689.3415846824646
444	915.2676074504852
445	6068.515639305115
446	1309.145964384079
447	15401.020895242691
448	1303.5759205818176
449	1303.5759205818176
450	1057.2530455589294
451	1069.5053844451904
452	287.3390338420868
453	287.3390338420868
454	287.3390338420868
455	287.3390338420868
456	287.3390338420868
457	287.3390338420868
458	502.9401741027832
459	2589.1249327659607
460	515.6411330699921
461	1369.1583580970764
462	1369.1583580970764
463	1369.1583580970764
464	576.4052810668945
465	576.4052810668945
466	3929.6609802246094
467	3929.6609802246094
468	3929.6609802246094
469	775.0889759063721
470	831.6056954860687
471	831.6056954860687
472	831.6056954860687
473	831.6056954860687
474	831.6056954860687
475	831.6056954860687
476	1140.116892337799
477	1131.392261505127
478	376.46640729904175
479	1181.34658908844
480	1040.2689323425293
481	1040.2689323425293
482	7757.961505413055
483	4021.3183586597443
484	1582.5309069156647
485	974.3439629077911
486	974.3439629077911
487	974.3439629077911
488	1282.4209520816803
489	1282.4209520816803
490	1282.4209520816803
491	1282.4209520816803
492	1282.4209520816803
493	1282.4209520816803
494	238.3220329284668
495	238.3220329284668
496	176.16007661819458
497	1171.1278550624847
498	1171.1278550624847
499	1171.1278550624847
500	1620.4549973011017
501	1620.4549973011017
502	1620.4549973011017
503	1620.4549973011017
504	296.7203645706177
505	1025.9237477779388
506	1025.9237477779388
507	1025.9237477779388
508	1025.9237477779388
509	1025.9237477779388
510	2629.91117978096
511	2629.91117978096
512	2629.91117978096
513	2629.91117978096
514	2629.91117978096
515	2629.91117978096
516	2629.91117978096
517	2629.91117978096
518	2629.91117978096
519	2629.91117978096
520	2609.396139383316
521	2609.396139383316
522	2609.396139383316
523	2609.396139383316
524	2609.396139383316
525	2609.396139383316
526	2609.396139383316
527	2609.396139383316
528	2609.396139383316
529	1446.1991829872131
530	1446.1991829872131
531	1446.1991829872131
532	1446.1991829872131
533	1446.1991829872131
534	1446.1991829872131
535	1446.1991829872131
536	1446.1991829872131
537	1446.1991829872131
538	1446.1991829872131
539	1446.1991829872131
540	1446.1991829872131
541	1446.1991829872131
542	2752.1257457733154
543	2752.1257457733154
544	13238.928658723831
545	13238.928658723831
546	13238.928658723831
547	5639.893571615219
548	1231.0194103717804
549	1231.0194103717804
550	1231.0194103717804
551	1231.0194103717804
552	3206.7842700481415
553	640.1827206611633
554	640.1827206611633
555	640.1827206611633
556	640.1827206611633
557	1160.7286050319672
558	1160.7286050319672
559	1160.7286050319672
560	1160.7286050319672
561	3067.895055294037
562	3067.895055294037
563	1590.5458450317383
564	1590.5458450317383
565	1590.5458450317383
566	1590.5458450317383
567	1590.5458450317383
568	1590.5458450317383
569	1590.5458450317383
570	1590.5458450317383
571	649.8087058067322
572	649.8087058067322
573	649.8087058067322
574	3451.255051612854
575	3451.255051612854
576	3451.255051612854
577	957.0526659488678
578	4006.9197466373444
579	4006.9197466373444
580	3663.805786371231
