Iteration_step	Porb	eccentricity	Wdisk	logQ	primary_mass	age	feh	secondary_mass	posterior_probability	acceptance_ratio	inital_orbital_period	initial_eccentricity	current_orbital_period	current_eccentricity	current_spin	delta_e	delta_p	bad_solution_flag	gsl_flag	
1	4.321	0.0414	4.1	8.008008008008009	1.0167021828325085	4.3427981942174645	-0.14922773117426946	0.4834418879368578	150.1870182735656	0.0	4.633471231405434	0.0500850154545951	4.321000401636817	0.0415663260486923	4.321000401636817	4.016368171377849e-07	0.00016632604869230155	False	False
3	4.3210000065070036	0.040939477814032406	4.471896765115922	7.853564263710233	1.0017574884216054	4.023693259706127	-0.2403548306387649	0.4763356857444733	155.23025012541908	1.0335796789218308	4.624149233975683	0.05174399704273449	4.321000006570096	0.040939478094445605	4.321000006570097	6.30926422218181e-11	2.8041319960481204e-10	False	False
11	4.320988437098873	0.042273730497534495	4.246927318068972	7.276742771968019	1.0383649462159221	3.3465225423492946	-0.28921735670946686	0.49374253192567097	72.4904010762689	0.4669863059403686	4.56143424029769	0.04782364447744342	4.3210573549290325	0.01967746907778629	4.3210573549290325	6.89178301591653e-05	-0.022596261419748204	False	False
13	4.320985146641134	0.03980471400018808	3.289459109532692	7.165738910396362	0.9151668550016381	3.854003789977744	-0.5356948210983313	0.43516183955327886	103.98628198623298	1.4344834687399026	4.70805363497512	0.1272669715012951	4.229658673722157	0.057190119520195176	4.229658673722157	-0.09132647291897733	0.0173854055200071	False	False
38	4.320998452150922	0.03432819366246009	2.8054324733058227	7.435369769901368	0.9370645025961347	3.6432111198680763	-0.48617138738275256	0.44557417098446206	448.2241987917314	4.3104166264072505	4.640486701238392	0.05137059533060466	4.31450232092549	0.033764060449352006	4.314502320925491	-0.006496131225432578	-0.0005641332131080812	False	False	False
42	4.321000297762228	0.025087837605104864	3.1860162387219146	7.592671059212742	0.960459242423868	2.878024983980063	-0.39016106327675215	0.45669836977254924	140.3014680537477	0.31301627273127025	4.467457720176039	0.025132759296445276	4.237341074331612	0.01944074198757387	4.2373410743316136	-0.08365922343061616	-0.005647095617530993	False	False	False
43	4.3210030033559255	0.016723003660592928	3.2044674503327633	7.581539442052509	0.966519289207017	2.3986010290987063	-0.37773307294623054	0.45957992201793657	17.585664128105968	0.12534198231888155	4.488250577299707	0.020432159819909864	4.321002991352705	0.016723004944347752	4.321002991352705	-1.2003220639655865e-08	1.283754824665806e-09	False	False	False
52	4.321010052836376	0.043672600334003345	3.3221594178921574	8.068315873420273	1.1737322226414708	2.310622364202424	-0.019228600677957397	0.5581096718660193	157.18486326692803	8.938238676793	4.331044813510825	0.022697493867923735	4.247496608050576	0.019303283197568577	4.247496608050576	-0.07351344478580035	-0.024369317136434768	False	False	False
57	4.321011367839616	0.047792044476902974	3.2230721644776086	7.382546352104217	1.1475132714211553	1.4743415883843585	0.18825870267303726	0.5456425605607593	150.47364957770174	0.9573036897463246	4.354200516902007	0.06927561092104378	4.326676547971157	0.05043145119048921	4.326676547971158	0.00566518013154127	0.0026394067135862356	False	False	False
59	4.321018302310412	0.04089575336284584	3.6085814907989486	7.177850219250642	1.17790958418397	1.0223342310338834	0.1672454158552706	0.5600960072794777	59.373430568369265	0.39457692915004333	4.227595274165056	0.060673822186562004	4.321018302438394	0.04089575336384982	4.321018302438396	1.2798206938668955e-10	1.003981620062433e-12	False	False	False
66	4.321008984425378	0.037590149837212206	3.91154437388165	7.55391255563381	1.1827832564263436	1.9377769956402828	0.019868012403615257	0.5624134384307263	153.89373983438867	2.591963077780693	4.32131554994611	0.04425756760127473	4.301467571752305	0.029245251449674388	4.301467571752305	-0.019541412673072855	-0.008344898387537818	False	False	False
75	4.321014283712518	0.04336927508992628	3.4769966557331147	7.3346838555874925	1.0103717156430638	1.285555731021108	-0.11366227027270617	0.4804317507882768	72.21526548178089	0.4692540811568728	4.364034727199807	0.05277274558578637	4.331930060021593	0.04381728119015093	4.331930060021594	0.010915776309074587	0.0004480061002246488	False	False	False
76	4.321002623955382	0.033545985667852704	3.4749294223827536	7.288749001566739	1.0502667588793735	1.371543415841137	-0.30124678217769163	0.4994018438471421	258.4777709564274	3.57926775221284	4.32317946034976	0.05006373053469589	4.325016708822887	0.03657867442319265	4.325016708822886	0.004014084867505652	0.003032688755339949	False	False	False
77	4.3209985690694515	0.03463277269139923	3.1019356792448174	7.559834932766088	1.0408534124501634	0.7214885048960671	-0.27721288487430173	0.4949257976200527	374.1339575336362	1.4474511914477375	4.278849463541105	0.03462974550780122	4.320653212861693	0.03255794913826209	4.320653212861695	-0.0003453562077586625	-0.0020748235531371367	False	False	False
78	4.321001569279304	0.022214416398722077	2.110690994596985	7.3482466674063005	1.0257428690050625	0.40749838749258804	-0.16749521687178787	0.4877407342119072	74.18914811747413	0.19829568159635502	4.259296257755408	0.02341136744298191	4.320671385417858	0.022215902150507134	4.3206713854178584	-0.00033018386144600953	1.4857517850568047e-06	False	False	False
81	4.321009397187537	0.03944262466712703	1.8834802543358022	7.250224565985019	1.1053842606717745	0.6610605529538448	0.025882651545960617	0.5256102159494288	220.50367454777418	2.9721823223879	4.281605294315111	0.04824372008291969	4.321009397118666	0.039442624681738654	4.321009397118667	-6.887113102038711e-11	1.4611624410409974e-11	False	False	False
86	4.321006337766083	0.027610673416760247	2.1893579238713197	7.865675441243008	1.0398167798874476	0.268776498809975	-0.05067422350652717	0.4944328788364813	152.572889213128	0.691929009918026	4.2885239316293555	0.027594574201473435	4.321006337839152	0.027610673408880862	4.321006337839153	7.30686622318899e-11	-7.87938464474891e-12	False	False	False
96	4.321000138157166	0.036181027763981244	2.137945662220727	8.040281007181765	1.0978439178502728	0.5849068021276909	-0.23402404379328876	0.5220247829378047	332.7102001074845	2.1806639555912453	4.321000270639485	0.036181042744039736	4.349612138465673	0.03544052542794577	4.349612138465673	0.028612000308506857	-0.0007405023360354743	False	False	False
106	4.320993871539205	0.05301717195894248	2.7522318877172123	8.220215163936858	1.0714492874969177	0.6431876663439886	-0.2431689366770913	0.5094741362047843	159.00783231300755	0.47791691466519176	4.317896998331031	0.05308009643849099	4.330904228195756	0.05253976573005806	4.34357481203281	0.009910356656551045	-0.00047740622888442497	False	False	False
113	4.3210032718549165	0.05767721660456885	2.93633266866739	7.815240369116866	1.1245624207370783	0.8119218547298219	0.0023887124761921563	0.5347294310604808	74.31491687270604	0.4673663919046253	4.3206152063418495	0.05768068801856924	4.340571567457849	0.05502011166907331	4.3405715674578484	0.019568295602932828	-0.0026571049354955426	False	False	False
117	4.3210033122994345	0.05962931682025277	1.7504609106002764	6.72311228698894	1.1596212352609938	0.7272250047041805	0.07179728309970085	0.5513998973666026	70.7351439320018	0.9518296851917897	4.444590947290891	0.17169878014049517	4.321003234383035	0.05962922205600869	4.321003234383035	-7.79163995545673e-08	-9.476424407683925e-08	False	False	False
120	4.320991101625899	0.05032252310577982	1.2005887746309991	6.559526623059551	1.1741482999748551	0.868687763747085	0.12745830613703063	0.5583075166380436	174.7119629810167	2.4699456772006934	4.405549384492714	0.10153415765551656	4.322571571685624	0.01602973162312865	4.322571571685624	0.0015804700597250587	-0.03429279148265117	False	False	False
121	4.320983405736903	0.042323754064209365	1.2684711593879174	5.935096480797684	1.17790958418397	1.0223342310338834	0.1672454158552706	0.5600960072794777	87.65595661627808	0.5017169695803962	4.355783788152836	0.042268547603028374	4.31542278493856	4.855857815603904e-06	4.315422784938562	-0.005560620798342519	-0.042318898206393764	False	False	False
126	4.320984629773579	0.042954483171963966	0.7053227073981841	5.554866004682468	1.1245624207370783	0.8119218547298219	0.0023887124761921563	0.5347294310604808	87.05143203884407	0.9931034398485847	4.388360498212869	0.0434592040017844	4.306928646270352	9.963789335148545e-09	4.306928646270352	-0.014055983503227232	-0.04295447320817463	False	False	False
128	4.320997404135321	0.03420661253165085	1.1243948562238595	5.493778882209739	1.19733925616718	0.1835370473534241	0.04084523225596981	0.569334816307494	391.1999048686772	4.493893962526844	4.297953212436693	0.03488379213670625	4.340547028751231	6.73297248040485e-05	4.340547028751231	0.0195496246159097	-0.034139282806846805	False	False	False
129	4.320993053351711	0.028738065003358244	1.4773418249495065	5.510481568850802	1.1483283771996362	1.0585597316788846	-0.07818273033348737	0.546030143358427	95.49216615368229	0.24410068858717712	4.355380402481337	0.029135873987157793	4.323813749913922	9.972710434409494e-09	4.323813749913923	0.002820696562211289	-0.02873805503064781	False	False	False
132	4.321003040801222	0.029758054685945924	1.9405959277632263	5.956471034006224	1.0375810622513142	2.578516461185628	-0.12584589425381265	0.4933697951004999	104.8258222624888	1.0977426367497538	4.55016565739221	0.030671837696009577	4.321008826091059	4.9605514133501834e-08	4.321008826091059	5.7852898365240435e-06	-0.02975800508043179	False	False	False
134	4.321005029629421	0.034918569403734605	1.7638230951642277	6.340765919276808	1.099516468103984	3.3230786597698416	0.18961998710744138	0.5228200805834443	269.70709993359094	2.572907076829139	4.609128909392398	0.03421211096747212	4.321006119243739	1.1149550310231787e-05	4.321006119243741	1.0896143178840134e-06	-0.034907419853424375	False	False	False
145	4.320999211942312	0.04434894236394653	1.6618105625410389	6.050963508689253	1.1799993613302104	3.114496916933068	0.10992737220768016	0.561089696312515	278.7371834108331	1.033481074393168	4.5592044110443	0.031188169900347652	4.320991913763394	1.4380829020143254e-08	4.320991913763395	-7.29817891809148e-06	-0.04434892798311751	False	False	False
156	4.321008651163642	0.04172771800582566	2.0135462426185855	5.276354070880733	1.0486150016971434	3.9875484562487142	-0.09047615086507572	0.4986164333069917	147.04921045604695	0.5275550561882154	4.71218700162364	0.02887978153395785	4.320920274801978	9.88141714264512e-09	4.320920274801977	-8.837636166436624e-05	-0.04172770812440852	False	False	False
163	4.320998283771404	0.041366415048375016	2.3773346639342936	5.663975138274735	1.0335340259944061	3.407715402207439	0.02459976210082721	0.4914454293603401	244.51097938549353	1.6627833541382933	4.620588287990872	0.051162294965289214	4.321195118191868	1.3840624294645237e-08	4.321195118191869	0.00019683442046414257	-0.04136640120775072	False	False	False
173	4.3210010203666664	0.046636811773254516	2.084375884033361	6.043387741765761	1.012387349501377	2.7926648125344333	-0.11957634284231	0.4813901846879048	189.71836976072242	0.7759094100294546	4.58166593904567	0.03538864086072959	4.32100314983041	1.1369908329370157e-06	4.3210031498304105	2.129463743116844e-06	-0.04663567478242158	False	False	False
176	4.320997472216568	0.02711398611288996	1.8178725022010072	5.774119559059871	0.9862609725241527	2.117663281441317	-0.2596965502651921	0.4689670924352346	96.65872499342834	0.5094853235105106	4.530483030708948	0.03036209077232627	4.321002632928252	4.1350951858265694e-08	4.321002632928253	5.160711683771524e-06	-0.027113944761938104	False	False	False
177	4.321008703017536	0.020549581480841045	1.784774425705921	5.704173932429498	1.0041860020517708	2.8722749237668452	-0.17499217846285367	0.47749044397561696	16.54282896292069	0.1711467740138866	4.6226115665919725	0.022661365544848096	4.321013475386111	1.4768379493462718e-08	4.321013475386112	4.772368574990082e-06	-0.02054956671246155	False	False	False
179	4.321009219661656	0.019259364298998074	1.1516598298405727	6.079571208521195	1.1087899497179647	2.761430948708722	0.03853978982836015	0.5272296210908922	12.390354145996348	0.7489864142202187	4.615985559057064	0.0513565507472258	4.321006069479012	3.609049787076678e-08	4.321006069479012	-3.1501826445179404e-06	-0.019259328208500202	False	False	False
182	4.3210130097189765	0.022743794039496897	0.9127051962932954	5.597867799906378	0.974418734991688	1.9998460056629803	-0.06543992170871954	0.4633361084885476	14.308158449531053	1.1547820410084404	4.589395119683665	0.018638012559463388	4.321018573211989	1.3230224105577818e-08	4.3210185732119895	5.5634930120618264e-06	-0.02274378080927279	False	False	False
186	4.321003962553561	0.015698601892749672	0.5548509298473521	5.814732129549222	1.1827832564263436	1.9377769956402828	0.019868012403615257	0.5624134384307263	7.834469963651847	0.5475526421716849	4.536108600102973	0.015234905346223921	4.326509274090891	9.909342086181539e-09	4.326509274090891	0.005505311537330471	-0.015698591983407586	False	False	False
188	4.32101368379143	0.03691080622582528	0.9567768170754066	5.979271865693958	1.0841456974889656	2.05738150216259	0.011662894212780855	0.5155112791560031	68.47211896038752	8.739853401450903	4.548398011497765	0.035272148329932126	4.321013935596752	2.7200866354186427e-07	4.321013935596752	2.518053214828342e-07	-0.036910534217161735	False	False	False
193	4.320996047376375	0.02098380197052577	0.8594119567474121	7.17619724780613	1.0275865139990008	3.373400441783487	-0.1946425815172608	0.4886173874065249	27.19021122135775	0.3970990183185046	4.3638194144131335	0.027095599312321042	4.320550918163475	0.007597395334995875	4.320550918163475	-0.000445129212899964	-0.013386406635529896	False	False	False
197	4.320991863141371	0.027557079575342223	1.0908913555250408	6.540870782138816	1.1461505395088223	3.9381956019919837	0.05249830513081019	0.544994581536445	70.79758014095023	2.6037892668277305	4.723333985966307	0.02129227869394744	4.320991169095719	1.9949822494707752e-06	4.320991169095718	-6.940456520609928e-07	-0.027555084593092753	False	False	False
203	4.320980781833037	0.02210131544598417	1.1118642576347857	6.173141894765022	1.1430757824716165	3.976185926795406	0.20266973409779487	0.5435325345652536	6.778274814748635	0.09574161717468072	4.728951801962552	0.019860899566697343	4.334176447597729	2.0221399201761803e-08	4.334176447597731	0.013195665764691888	-0.02210129522458497	False	False	False
211	4.320989974923888	0.02188571982220104	1.0814222106152898	7.299256085636304	0.9953182384180779	3.9725261009857067	-0.2623579073127212	0.473273822367796	21.453790927658414	3.165081309624358	4.727277163956781	0.05145188545037136	4.322050577984648	0.02191514009719955	4.322050577984647	0.0010606030607593908	2.9420274998508827e-05	False	False	False
212	4.320985485618021	0.025794503033208797	1.1223392032328128	7.712901518427285	1.0329184964363756	4.085032418789359	-0.06456934676011923	0.49115274505549655	19.39967176012871	0.9042537901829968	4.65567225979262	0.03881470354876469	4.321636138365077	0.026627479533161143	4.321636138365078	0.0006506527470566681	0.000832976499952346	False	False	False
214	4.320998819344604	0.023878195956612877	1.2048625171094771	8.347896269329924	1.108899450230098	4.7618378050734185	0.08842463057708885	0.5272816885844116	71.16073285935792	3.668141076779012	4.590332070556562	0.027611357700164013	4.320998809717477	0.023878195935684663	4.320998809717478	-9.627126651423623e-09	-2.0928214022886138e-11	False	False	False
217	4.321002076705848	0.023977129908052966	1.5561750050841248	8.164349272982907	1.0551289507324633	4.935742781013523	-0.09226353096078584	0.5017138160732862	54.33807507033911	0.7635963386961302	4.652620676347459	0.02924772187655044	4.32100206515082	0.02397712986781547	4.32100206515082	-1.1555028045506788e-08	-4.023749736181692e-11	False	False	False
219	4.320997636631475	0.036620067968330706	0.7551357766742987	7.691190680826546	0.9553649044117065	4.960876590627206	-0.18845950450949062	0.4542760120477664	221.19079800268887	4.070641032395122	4.779544822553503	0.05173920068273919	4.3209976375084125	0.03662006799349167	4.320997637508413	8.769376336204004e-10	2.516096359039821e-11	False	False	False
222	4.321003052316687	0.03327314676647674	0.8469474531868375	8.050370618166246	0.9427300663647842	5.892893417947768	-0.3010473028680596	0.44826814655645486	230.02360973035096	1.0399329981510113	4.704967599687606	0.040241356050083665	4.321003053635073	0.033273146780989526	4.321003053635073	1.3183862890286946e-09	1.4512786805642719e-11	False	False	False
240	4.321009674794042	0.033161652292550615	0.8682113300874125	7.511437585778683	0.9967547245875024	5.117952563817736	-0.052374032892481076	0.47395687154135735	111.41386359361154	0.4843583827078373	4.807426065839277	0.06275465163311328	4.321008870890457	0.03317405958512114	4.321008870890457	-8.039035854778831e-07	1.2407292570522366e-05	False	False	False
245	4.3210042416317	0.0371255910259269	0.9790999826810161	7.661642088542922	0.922658501520021	4.099734765207122	-0.23551380894909352	0.43872411747277	209.5080398354512	1.8804485642796107	4.708553181584554	0.04763391147898558	4.321004239454122	0.03712559099080625	4.3210042394541235	-2.1775781178234865e-09	-3.512064944422022e-11	False	False	False
246	4.321013070715767	0.03552933496874646	1.3994247946411549	7.29223745669269	1.0190426583564745	4.642627388152039	-0.21668112346823637	0.4845547840485036	77.14517595675264	0.36822059915859506	4.993698567226263	0.12478222862271178	4.3167329338836495	0.040201480428976866	4.316732933883649	-0.004280136832117698	0.004672145460230405	False	False	False
249	4.32100702411717	0.02736971152467302	2.1029060286778	8.02299842820429	1.0513813020735794	4.456565776174604	-0.27399414964141666	0.49993180913598695	74.95334162645085	0.9715881867774788	4.637167274154688	0.03589792182845698	4.3210070283133115	0.02736971189742782	4.3210070283133115	4.196141212275961e-09	3.72754802718811e-10	False	False	False
254	4.321013211860327	0.04197246121508021	2.1237986095644334	7.871622757497701	1.050258740585234	2.445009245318899	-0.09052188217023632	0.49939803114827874	75.08670369986162	1.0017792678820834	4.481421070789633	0.04859770389893726	4.321013211767302	0.04197246120597337	4.321013211767304	-9.302514314413202e-11	-9.10684028188058e-12	False	False	False
255	4.321007095638192	0.04656924939339048	1.9118021005276211	7.78864992573468	1.0375776427296008	3.035423803489275	-0.04614154636992879	0.4933681691179252	144.11609074394744	1.9193290375352174	4.543181702028048	0.049987972919307566	4.320590655494787	0.040356326974205096	4.320590655494788	-0.00041644014340569413	-0.0062129224191853835	False	False	False
256	4.3209985974953	0.04534970547909545	1.2937126822518232	8.042741332207644	1.0780505963602967	2.6286567357103947	-0.07832848473296739	0.512613058569321	196.7883351947073	1.365484826703655	4.49767944991181	0.05170518287869531	4.320998752157316	0.04534984742602405	4.320998752157316	1.5466201652714062e-07	1.4194692860014513e-07	False	False	False
263	4.3209934714160925	0.02509484418671542	1.1492862771893675	7.712999443716368	1.139230995882092	1.5181064645324052	-0.028578000880018828	0.5417043385419348	51.62177999234954	0.26232134105547295	4.395951441289617	0.030881945328768482	4.3192871485084305	0.025073965928250473	4.3192871485084305	-0.001706322907661928	-2.0878258464945842e-05	False	False	False
266	4.32098949991823	0.03784633878398295	0.8808728712058365	7.6151080308213	1.17790958418397	1.0223342310338834	0.1672454158552706	0.5600960072794777	218.54687790258052	4.233617630677781	4.3707999364990995	0.045598046588879663	4.319648763695398	0.037879015568653515	4.319648763695399	-0.0013407362228319286	3.267678467056695e-05	False	False	False
274	4.321002251140088	0.03986980173101573	0.6344534517933849	8.201558658577973	1.0900575877833252	1.8637489259548543	0.007200086251107435	0.5183223829909711	204.86378486902652	0.9373905810740826	4.435645866115138	0.042553128816856294	4.321002251339555	0.039869801792856846	4.33854073531662	1.9946710949625412e-10	6.184111556173377e-11	False	False	False
282	4.321006794606072	0.03169805972741129	0.5185773090180877	8.133828786208188	1.0617450462443854	1.9441400459264695	-0.008931692827479437	0.5048597694892052	82.86870772630746	0.404506378612926	4.449217846991679	0.03205915117408063	4.321016886967664	0.029862757370810112	4.360612224445442	1.0092361591773624e-05	-0.0018353023566011796	False	False	False
286	4.321004700143118	0.05049914492635514	0.7924155402744985	7.7891796826884	1.1724208392647368	2.5020125818508823	0.07524933101929474	0.5574861090703823	148.98620107924344	1.7978583854752974	4.501593858601336	0.05154706494504845	4.320996739639801	0.03661996162207201	4.320996739639803	-7.960503316972734e-06	-0.01387918330428313	False	False	False
298	4.321013534984903	0.03274073542205411	1.769495144089758	7.625505073794534	1.1475132714211553	1.4743415883843585	0.18825870267303726	0.5456425605607593	94.82369997435973	0.636459613625053	4.375746645809216	0.034768779247303074	4.321050010914456	0.02852699193215946	4.321050010914457	3.647592955235979e-05	-0.004213743489894648	False	False	False
300	4.32101065641417	0.03366143902519873	0.9447393455347896	6.978962693252798	1.149011988834669	0.5058747520656937	0.03482528509197465	0.5463552006908851	162.47391480360253	1.7134315033850753	4.331880375496225	0.05067188438893938	4.321010656437216	0.03366143902536162	4.321010656437216	2.304556545595915e-11	1.6288359550031828e-13	False	False	False
301	4.321005620291915	0.03990773067141339	1.1761121110120563	6.695000284310204	1.1565887050139372	0.6994278544380874	0.029376026401359237	0.5499579292341271	305.47673106367523	1.880158617664464	4.341776139387557	0.05285289052677319	4.321891151811863	0.01790641070726753	4.321891151811864	0.0008855315199474134	-0.022001319964145862	False	False	False
304	4.321007752743157	0.03059939038646723	1.6938272950936768	7.253655596858506	1.1536534989834881	0.8948969401975804	0.022391084217003532	0.5485622387666486	129.0341266824717	0.42240247312184026	4.315949121992281	0.043701399165902315	4.321007751725181	0.0305993900175052	4.3210077517251815	-1.0179768139551015e-09	-3.6896203106651093e-10	False	False	False
306	4.321001188299431	0.04805469412462077	1.4669116578921737	7.3597935785635205	1.1247198888667755	1.4313639254359218	0.05483950480071373	0.5348043071561518	225.7328083092469	1.7494039298978026	4.405414888154593	0.07088127986999025	4.321001188507761	0.04805469419740235	4.321001188507761	2.0833024194644167e-10	7.278158631329745e-11	False	False	False
307	4.321004534592511	0.043089091060764334	1.543469889868426	8.004685853144197	1.0174635064163504	1.774740838773506	-0.16603463530019683	0.4838038973009746	215.43065158516495	0.9543612787115627	4.430494012901944	0.04608972116686068	4.321004081863429	0.0430900198876073	4.321004081863431	-4.5272908177906857e-07	9.288268429663571e-07	False	False	False
308	4.321001406688198	0.039151289063685736	2.4830355132630766	7.838702258788608	1.0785190956241428	2.304391739961262	-0.30351228923038676	0.5128358299692799	316.1574387528098	1.4675601472050745	4.414004776595594	0.0383026972051011	4.30765179684143	0.0313995561053057	4.30765179684143	-0.013349609846767585	-0.007751732958380039	False	False	False
321	4.321002596408954	0.040313842958236874	2.4336997897446246	7.914898018754419	1.1307512453894972	1.459726898446955	-0.13288451998185408	0.5376722171827059	240.08183981135508	0.7593743191950165	4.351021858495066	0.04035745458537266	4.3248510402176885	0.0362663335544635	4.32485104021769	0.003848443808734281	-0.004047509403773374	False	False	False
333	4.320991264195005	0.042246133815098355	2.290599314906129	7.942553915014439	1.0484970955373027	2.318520396080188	0.05370732787826238	0.49856036892798744	155.0628061404316	0.6458747827918705	4.471072772204472	0.04684116323494686	4.320991264030007	0.04224613379796662	4.320991264030007	-1.6499779320611196e-10	-1.7131733531794424e-11	False	False	False
334	4.320994445448127	0.045412491561950256	1.9544648526079913	8.280517042507784	1.137438473960144	1.828623063666446	-0.06580357457618456	0.5408519943680484	175.99462821568665	1.134989315595761	4.401458390892402	0.04816103145917756	4.320990404895516	0.04535519708453988	4.320990404895517	-4.040552610717896e-06	-5.729447741037452e-05	False	False	False
338	4.321002393769691	0.04615592281445059	2.6555266780369244	7.816153086829827	1.0633124505105722	1.7629104991325157	-0.24983046847340729	0.5056050702177771	333.2483892021917	1.8935145497383357	4.322517891647221	0.046126181890565804	4.243963063366307	0.04014427431645034	4.243963063366309	-0.07703933040338384	-0.0060116484980002535	False	False	False
349	4.320999161967524	0.031753462137990136	2.913501175864752	7.59352072087101	1.0041860020517708	2.8722749237668452	-0.17499217846285367	0.47749044397561696	99.6480308265313	0.2990202925364236	4.574144846041027	0.03175831091445906	4.370208169143769	0.024419240284072854	4.37020816914377	0.04920900717624477	-0.0073342218539172825	False	False	False
350	4.321005561238885	0.05092484301418848	3.034272466470542	7.969259277283529	1.1213836475771184	1.6808340816287768	-0.11585172273939398	0.5332179244229198	159.39147821165557	1.5995446863282878	4.321005561238885	0.05092484301418848	4.269241128804577	0.0457206816675124	4.269241128804578	-0.05176443243430828	-0.0052041613466760825	False	False	False
352	4.321006029357369	0.051552920781755905	3.250655304586579	7.310364881692214	1.164629086521886	1.6464832626654995	0.023492523401349934	0.5537811306411567	122.79812453546026	0.7704183806639707	4.365163434415155	0.0898469148956624	4.321006029758225	0.05155292082692226	4.321006029758225	4.008562370927393e-10	4.516635676576897e-11	False	False	False
355	4.321006144724433	0.04638378212112198	3.6067188444260134	7.241433199394643	1.1439527172720334	1.0517427809366944	0.10371577918379604	0.5439495170628519	254.98124405246426	2.076426207786534	4.2669166545881385	0.06294588691321659	4.321005938568986	0.04638319021656042	4.3210059385689865	-2.0615544737978553e-07	-5.919045615587759e-07	False	False	False
356	4.320991180233757	0.051289260365701625	4.129621852514658	7.61956766848706	1.040044735980576	1.3809360992202608	-0.10757344189404906	0.49454127195876385	121.78705984851362	0.47763144423067855	4.320991180233757	0.051289260365701625	4.278825817510229	0.04545934750916881	4.27882581751023	-0.04216536272352833	-0.0058299128565328165	False	False	False
358	4.320991971078759	0.051093144359560624	3.8194757331644404	7.5684871967305325	1.1565887050139372	0.6994278544380874	0.029376026401359237	0.5499579292341271	158.7098933130145	1.3031753415381553	4.235906565595834	0.05275627038219757	4.321501048209555	0.04894582095785687	4.321501048209555	0.0005090771307960651	-0.002147323401703753	False	False	False
362	4.321001043141967	0.04952203814171334	3.9298941803126177	7.377306105731576	1.1596212352609938	0.7272250047041805	0.07179728309970085	0.5513998973666026	288.05942225814147	1.8150060859156287	4.211626079245099	0.051587289413011744	4.318839964560203	0.045039366369785006	4.318839964560204	-0.0021610785817642864	-0.004482671771928334	False	False	False
364	4.321000842710488	0.03625379889811903	3.5661304079134357	8.008640354814991	1.0958798216716625	0.7022599115934116	-0.313591528440912	0.5210908552048755	322.44873713732306	1.119382711419743	4.319239569326803	0.03703987472022141	4.37146058472208	0.036240810048624034	4.37146058472208	0.050459742011592645	-1.2988849494993682e-05	False	False	False
370	4.320997386612845	0.04037603873460979	3.663649674267509	8.014011279021535	1.1313514522212178	1.3475355563010214	-0.09216797193884535	0.537957615531189	253.7343231427653	0.7868981761113427	4.329768549997055	0.04029007810985356	4.317306569962657	0.03772757417761583	4.317306569962657	-0.0036908166501881112	-0.002648464556993961	False	False	False
372	4.3209987908910685	0.048823667751458646	3.393253402653246	7.846785445671633	1.1211714374478357	1.6293633253555442	-0.1341889577227002	0.5331170185064458	188.47731504829	0.7428136355925405	4.349369021674148	0.05407799614356675	4.3179600256516215	0.047410542241338165	4.3179600256516215	-0.0030387652394470166	-0.0014131255101204818	False	False	False
376	4.321004767781154	0.036829414963487635	2.6793233496076825	8.334078678216573	1.0958798216716625	0.7022599115934116	-0.313591528440912	0.5210908552048755	423.25315714431855	2.2456450901578067	4.299225299607269	0.03730687513532754	4.321004348364449	0.036827989544111414	4.32100434836445	-4.1941670492207095e-07	-1.4254193762205936e-06	False	False	False
377	4.321007418634517	0.032510511874568174	2.092244676598556	8.13995394930058	1.150112069164917	1.4478889006824458	0.031113946961410538	0.546878288887918	131.31161639153945	0.3102436784582933	4.370973657417459	0.03451858194493586	4.321007418740203	0.03251051185559188	4.321007418740203	1.056861265169573e-10	-1.897629275937618e-11	False	False	False
379	4.321017445217841	0.016152908013235965	2.923347695243705	8.27043665647331	1.18309785293314	2.962375081825721	-0.03958205532526263	0.562563029069708	1.4730711566319634	0.011218132843933791	4.446785636906089	0.018700058556004765	4.32101745276737	0.01615291459445923	4.321017452767371	7.54952900194894e-09	6.5812232642736834e-09	False	False	False
381	4.321021538520614	0.023042555149476205	3.6558215424762563	7.779669212328168	1.1506001333231999	2.359199462263855	-0.0873556638387282	0.5471103633951815	2.487507686975647	1.6886541262969916	4.386524281236759	0.006559666480057038	4.317992946958291	0.00492643746653687	4.317992946958292	-0.0030285915623231574	-0.018116117682939335	False	False	False
382	4.321010165988379	0.038315138043226005	3.920345715235214	7.387819442473369	1.1337479559319807	2.4653416805765156	-0.004592720118685917	0.5390971530456569	114.34998075782677	45.96969945321269	4.431921038207107	0.041668721740053385	4.321661530537816	0.021821363200287346	4.321661530537817	0.0006513645494372611	-0.01649377484293866	False	False	False
388	4.321020227299265	0.03299108597299219	4.034643724120234	7.924605674227248	1.0773246674448878	1.717297439230369	-0.060534860034862	0.5122678793700441	13.942345491570768	0.12192695966515477	4.392515417502886	0.035976998439240404	4.321017325807239	0.033011148887154326	4.321017325807238	-2.9014920253089826e-06	2.0062914162136125e-05	False	False	False
390	4.321010545988647	0.034994832759226074	3.8296446676417735	8.331587805290452	1.1335659751745035	2.3606728272277504	-0.04323098506776596	0.5390106211954764	90.90060831543025	6.519750093008866	4.424537368744278	0.03738358887617303	4.321010546042862	0.03499483281566692	4.321010546042863	5.4214410738495644e-11	5.644084505318503e-11	False	False	False
391	4.321007177554863	0.025950948055454795	3.993362349440935	8.052117686243644	1.0551617076028033	3.2634855365379947	-0.09717765981806982	0.5017293919651329	49.59241220949126	0.5455674404004293	4.531756691511221	0.029731882589461956	4.32100657225312	0.025938654767360493	4.32100657225312	-6.053017429508145e-07	-1.2293288094301913e-05	False	False	False
403	4.321015328123204	0.0358670162559791	3.2973545647390248	8.257351276842098	1.187244751579788	1.8272773991867062	-0.023975870592021796	0.5645348793761892	48.8847110241013	0.9857296478662816	4.359733367388139	0.03859760902632101	4.321049148989649	0.035889964096156864	4.321049148989649	3.3820866445211095e-05	2.2947840177763024e-05	False	False	False
404	4.321009654290488	0.03177434527980921	3.6666473133377733	8.333402345799234	1.166278827620902	2.319394750857547	-0.07088000734911445	0.5545655825337389	78.05290185359179	1.5966730746369737	4.401193961953446	0.03435980540041163	4.32100977212267	0.031774427776667745	4.32100977212267	1.178321822337125e-07	8.249685853195521e-08	False	False	False
409	4.321013314209681	0.04088189723718972	2.5795604637281384	7.965511756292443	1.0462608793887465	2.4211261786364777	-0.17719252059591342	0.4974970481493489	78.73636276122112	1.008756380498336	4.472114005863892	0.045968467639653406	4.321013314351399	0.04088189729525376	4.321013314351401	1.4171774864735198e-10	5.8064039687444335e-11	False	False	False
411	4.320999318157611	0.03160693005078523	2.9254043243084626	7.777308165974303	0.9337436210461536	1.3468529168236514	-0.27392885108181964	0.443995091807446	204.27057760023223	2.5943613654050917	4.39888100413879	0.033234534990416606	4.320999316958003	0.03160693005772736	4.33271175337815	-1.1996075244269377e-09	6.942134367360353e-12	False	False	False
416	4.3210011433117135	0.03993314669279523	3.272783024650149	7.843832915948568	1.1359099460988902	1.6438570591533805	-0.07472149615619172	0.5401251793700222	246.09235156566402	1.2047371405943694	4.345899267715537	0.03969497079857485	4.312417055236745	0.03452364384088365	4.312417055236746	-0.008584088074968577	-0.0054095028519115795	False	False	False
418	4.320998543014869	0.046339788127862054	2.637659310063282	8.03514409212087	1.0958798216716625	0.7022599115934116	-0.313591528440912	0.5210908552048755	470.65677117041537	1.912520922231228	4.284044636185911	0.04777510081119002	4.321124253973116	0.046351840602330364	4.3211242539731165	0.0001257109582466498	1.205247446831037e-05	False	False	False
421	4.320992851048795	0.04254044479577313	2.193259742164692	7.2108866362521	1.00937581727772	0.7134898336927231	-0.16080960600496425	0.47995820111555587	236.58066507277454	0.5026607064091583	4.313858959124229	0.04275050073176088	4.342488250040823	0.03719368953620224	4.342488250040823	0.02149539899202768	-0.005346755259570894	False	False	False
423	4.320999774540329	0.03549591462442009	3.1724987397765867	6.798643313653978	1.1521224031698785	0.7060023038948668	-0.07098001792265238	0.5478342027072772	293.65162436241064	1.2412325591868656	4.191434644987713	0.07977105098318765	4.320999809511757	0.035495915552495524	4.3209998095117585	3.497142753161597e-08	9.280754359464183e-10	False	False	False
429	4.32100535743689	0.045336200348019946	3.2950454729301875	7.646568077710507	1.1561057032403521	1.7956538796838957	0.12812545257559385	0.5497282618907874	226.96999750905707	0.7729226698536551	4.392395888759717	0.061023581632080874	4.332905009464266	0.04823702864318776	4.332905009464267	0.011899652027375751	0.002900828295167815	False	False	False
430	4.321010415680082	0.040297647535823926	4.265302529235543	7.340310791742022	1.019528145393052	2.734820796723047	-0.2929782626554819	0.4847856331343962	175.2121470360413	0.7719617084150058	4.493395382178017	0.08664814528162354	4.288226470834723	0.04987931028647706	4.288226470834723	-0.032783944845358626	0.009581662750653135	False	False	False
438	4.321010526259391	0.0293086187295548	3.9787500657462966	7.3823801225026076	1.0674360753863381	3.7108051343994317	-0.23909352213206062	0.5075658538462038	63.37736700560813	0.3617178835926903	4.569623457229893	0.018005198214966114	4.320750672330403	0.007025386383212446	4.320750672330402	-0.00025985392898775217	-0.022283232346342354	False	False	False
441	4.321010134505143	0.029300699499478437	3.4531263105704677	7.593671841193504	1.027674319652789	4.383394092114742	0.017582186837519387	0.4886591389949012	68.66821797986763	1.0834817100210448	4.668212849086535	0.04915918457799664	4.32106881957686	0.030783531352528197	4.321068819576861	5.868507171680193e-05	0.0014828318530497597	False	False	False
445	4.320998614932709	0.023728089983629283	3.39232874927159	8.211638752330904	1.0719148139308015	4.5691642183981465	-0.05069466089210978	0.5096954940240961	51.18912171575118	0.7454558050532047	4.604867117148014	0.02797848467977381	4.320998616403339	0.023728089987198848	4.320998616403342	1.4706307283063325e-09	3.5695647826461396e-12	False	False	False
450	4.320994766265733	0.024684141035062963	3.2113992602086987	7.758408081944084	0.9173729812620306	5.278240479750257	-0.23980513338415463	0.4362108525900955	59.621713959784884	1.1647340677353124	4.765283581548408	0.031495442957574775	4.32099476599295	0.024684141117018433	4.32099476599295	-2.7278357350724036e-10	8.195547018807758e-11	False	False	False
456	4.3210122060295255	0.023914846379822167	3.789165282362931	7.829966506692951	0.8963268250498033	4.154314385580505	-0.5589740682110284	0.42620340531118145	66.93200157529527	1.1226111617730616	4.620979873501213	0.027876731793192857	4.321012189669541	0.02391484633232738	4.321012189669542	-1.6359984478242495e-08	-4.7494785881951884e-11	False	False	False
457	4.321013639310844	0.019731648041671948	3.4281370434144773	8.206603986918445	1.0365936243327485	4.156942863496967	-0.13774290942108638	0.4929002683702219	7.211062366999969	0.10773713914543362	4.559229438792988	0.022353901930117447	4.321013639377438	0.01973164805065893	4.321013639377436	6.659384155227599e-11	8.986981298031438e-12	False	False	False
468	4.321018006931226	0.01627973984478344	3.338087469700636	7.67488406414155	1.1679136939373478	3.771966090157397	0.0013973863582322221	0.5553429614672089	1.5595879788484939	0.2162771446806016	4.531836568002635	0.03980145194160532	4.31453104820369	0.01854517795199191	4.31453104820369	-0.006486958727536241	0.0022654381072084694	False	False	False
471	4.321023961101112	0.03447035057679224	3.3266892181951007	7.7137124836747475	1.155352263388387	2.7424217390723182	0.10150009547495889	0.549370001241178	6.773424203817178	4.343085671138776	4.465521277707069	0.04932553765078431	4.321023593118063	0.03436001072760105	4.321023593118064	-3.6798304847707186e-07	-0.00011033984919119055	False	False	False
475	4.321019177506984	0.02639270362723709	2.3628481257292933	6.955998929195972	1.1725388343221959	2.460062936669431	0.048311482908316855	0.5575422157202041	8.5621306884365	1.264077138947136	4.549100795791209	0.13539468875088417	4.321380412158201	0.014656622989563951	4.321380412158202	0.0003612346512174014	-0.011736080637673138	False	False	False
478	4.321017163197853	0.04704344788916548	1.4026625010834692	7.223688037804452	1.0844779405993452	1.74758281148771	0.10906546515071852	0.5156692607549886	43.17493917483922	5.042546154212373	4.472693037404194	0.07961384710162403	4.321017161115579	0.04704344735215351	4.321017161115579	-2.082273908854404e-09	-5.370119696146425e-10	False	False	False
479	4.321011010352227	0.05745455811480566	1.972101869432668	7.4975387442283425	1.013089339392943	2.0255510126568463	0.022497593972519367	0.4817239808813444	31.930331301262264	0.7395570650825629	4.4678993679535735	0.0721375177815304	4.321011009975464	0.05745455798775149	4.321011009975466	-3.76762621101534e-10	-1.2705417273828346e-10	False	False	False
484	4.32100806501101	0.05028768529557972	2.6312277796308026	7.573599560408205	1.1039431405259388	1.313893164957115	0.11744866907232322	0.5249249633200839	184.8137119506388	5.788029889415297	4.321368231627351	0.04938928934184025	4.286458088913536	0.042176195470614526	4.286458088913536	-0.03454997609747412	-0.008111489824965193	False	False	False
485	4.321003660873444	0.05069902494899881	2.264295726857457	7.450920629837324	1.150112069164917	1.4478889006824458	0.031113946961410538	0.546878288887918	162.67185802902608	0.8801936626459486	4.390698347475111	0.0698689517447482	4.321003660258945	0.05069902481286803	4.3210036602589454	-6.144995623458271e-10	-1.361307802594247e-10	False	False	False
488	4.32100114459205	0.04560112708675666	2.0316334543674794	7.359343736598711	1.0197662097976292	2.177354963533983	-0.04784244826074639	0.48489883275877266	201.0357356325567	1.2358359833615795	4.486410449412716	0.06554260486857959	4.32101383980772	0.04564510360712686	4.32101383980772	1.2695215669822346e-05	4.3976520370199446e-05	False	False	False
491	4.321003867866493	0.043213028830442576	2.2035252993518175	7.6497109832496	1.0040560655814688	3.0153230848365844	-0.1968465108900724	0.47742865918398836	213.37594646408726	1.061383170473161	4.5554213801863845	0.05630857175495355	4.321003868860142	0.04321302922703555	4.321003868860141	9.936496070395151e-10	3.965929737392848e-10	False	False	False
493	4.3209983139058155	0.047135146178567226	2.189301986272205	7.622684727108736	1.1144760537576437	3.6647300203839386	-0.030356916834228115	0.5299333635617596	111.34123659446931	0.5218078159208487	4.640688190603888	0.047233524174879485	4.392075497163925	0.026534404795344184	4.392075497163925	0.07107718325810986	-0.020600741383223042	False	False	False
496	4.320993691255339	0.04450688260956429	1.96356197961219	7.930031067216494	1.0511920685990332	4.14950095462252	-0.17642518670419	0.4998418286188403	177.45778757954167	1.5938190827346765	4.62832950027563	0.05870407971025974	4.320824348462552	0.04441661404566185	4.320824348462553	-0.0001693427927866864	-9.026856390244309e-05	False	False	False
498	4.320998736691	0.04207195872097548	1.7471965191278973	8.04220515717697	1.1691450254436229	3.669419273038007	-0.055778153757263985	0.5559284595984426	265.28582163726117	1.4949235266350451	4.509898985632296	0.04164647556668452	4.295074121116875	0.02913585141434585	4.295074121116875	-0.025924615574124843	-0.01293610730662963	False	False	False
500	4.320998153140349	0.04506789178282964	1.5625434338173383	8.735952663380274	1.1804602223852854	4.046821558765397	-0.09445775059106766	0.5613088357442032	215.2762606592016	0.8114879993607793	4.488628208230504	0.04531758075053863	4.321007486123508	0.04121933633314952	4.321007486123509	9.33298315963782e-06	-0.003848555449680123	False	False	False
505	4.32101183364173	0.03839121399963468	2.6275257255701945	8.159675734925287	1.0329184964363756	4.085032418789359	-0.06456934676011923	0.49115274505549655	96.33967175736224	0.4475164677348012	4.567897559575465	0.04358400655090756	4.321011834057742	0.03839121419457663	4.321011834057743	4.1601211364650226e-10	1.9494195147018445e-10	False	False	False
513	4.321002279205062	0.05453215622406212	2.9180070507394884	7.94959816023562	1.0780505963602967	2.6286567357103947	-0.07832848473296739	0.512613058569321	86.97355934833492	0.9027803163725066	4.48487734840073	0.06580300298443412	4.323104688994109	0.056505533232016576	4.3231046889941105	0.002102409789046966	0.001973377007954455	False	False	False
514	4.321008118997192	0.038325344853211984	3.2746537808788454	7.815940232203682	1.094544266778781	3.664312240536986	-0.03617854548271089	0.5204557988533104	150.69280606276143	1.7326277916168369	4.565017378981752	0.054289357048293824	4.321124918434917	0.038404451173590835	4.321124918434917	0.00011679943772513468	7.910632037885085e-05	False	False	False
516	4.321000212833915	0.04380212916306427	3.4281590977858825	8.480497841941318	1.1349596958851063	4.265548607916842	0.027335638340715493	0.539673335393368	261.1184981380893	1.7327867531336374	4.529438893402881	0.04883105265120849	4.3207028908351335	0.04368899244396334	4.320702890835135	-0.0002973219987811859	-0.00011313671910093137	False	False	False
525	4.321006018240183	0.044867515051570286	3.6677253714750058	7.939000668133524	1.0973700345782593	3.8717799954854173	-0.1457622299076778	0.5217994514419623	200.25101791459892	0.7668970959257686	4.538892790155037	0.04289856967626702	4.296285144743854	0.031039790284224534	4.296285144743855	-0.0247208734963289	-0.013827724767345752	False	False	False
526	4.320999490854332	0.04890324702281615	3.9523824651479824	7.3882589949368835	1.1573113610623798	3.80048781826891	0.03641151473024108	0.5503015521851615	198.38148908338016	0.9906640732682015	4.578547814726292	0.04950380301432831	4.321589788083237	0.013489823888780093	4.321589788083236	0.0005902972289053565	-0.03541342313403606	False	False	False
529	4.320990424561486	0.04749695169975689	3.960291982140472	6.782958849835736	1.0655640749665416	4.65686562426913	0.030465295276882576	0.5066757176465905	159.1409499360457	0.8021965692028777	4.665652295883556	0.047738168303506176	4.288400849553178	0.0008395695090751856	4.288400849553179	-0.03258957500830739	-0.046657382190681704	False	False	False
538	4.320996195380804	0.04492133416091759	3.474666384377025	6.356494527074453	1.134269664421482	4.89417558991986	0.12620454227742942	0.5393452254324147	330.7950006197117	2.0786290439553676	5.067124896566022	0.24935794708642506	4.322382490575953	2.2525894619897478e-08	4.3223824905759525	0.001386295195149323	-0.04492131163502297	False	False	False
541	4.3209958301608005	0.04204614440114756	2.922190983503711	6.09437534372893	1.0436236948970357	4.122252316555055	-0.20148600674795378	0.4962430669235404	217.48135955647672	0.6574505634881027	4.653800457255714	0.013718633330442518	4.320978455956931	1.9810750375808085e-08	4.320978455956932	-1.7374203869380267e-05	-0.04204612459039719	False	False	False
547	4.321006236802162	0.03714398581740764	4.1610482372892115	6.0517023065788305	0.8744188990404481	3.0055954859941	-0.47879640603625645	0.41578618649373306	417.3491019848203	1.9190109112612976	4.581098762947179	0.04373265801717114	4.321034928470417	0.00015238861279863602	4.321034928470417	2.8691668255476088e-05	-0.036991597204609004	False	False	False
553	4.3210046525192105	0.03037112519553763	4.284303906086101	5.766406828081869	0.8939182098948303	4.6985730025161665	-0.2886466809267155	0.4250581088049918	135.78386386518676	0.32534840309809854	4.796634778612699	0.07447301575872801	4.32100422699059	2.194813948565187e-08	4.321004226990591	-4.255286203402875e-07	-0.030371103247398144	False	False	False
556	4.320997972349329	0.03508309083862074	4.130778801993257	5.707511113135381	1.0719148139308015	4.5691642183981465	-0.05069466089210978	0.5096954940240961	197.1944058794664	1.452266861953871	4.576444499532259	0.054472781824804216	4.321008844741214	1.3435953362787337e-08	4.321008844741215	1.087239188457545e-05	-0.035083077402667376	False	False	False
561	4.321008538279858	0.04530627424079474	4.128206333537669	5.967902992522958	1.1573113610623798	3.80048781826891	0.03641151473024108	0.5503015521851615	157.45444349666718	0.798473175719346	4.421509815321573	0.045262750745726076	4.321198408641019	1.372432014633721e-08	4.3211984086410204	0.00018987036116069334	-0.04530626051647459	False	False	False
562	4.321008990441269	0.032445894170301706	3.186916364503716	6.137493507242894	0.9295091735659096	4.619303555643291	-0.35813871452388046	0.44198161203059	135.99219363786744	0.8636923202535467	4.816499743411922	0.025841584144858376	4.321008118173935	1.57969100581167e-06	4.3210081181739355	-8.722673348060539e-07	-0.032444314479295897	False	False	False
567	4.321014406612075	0.032525117076678475	3.171338191165442	5.9158213132775135	0.9144008091171177	3.9880667322022396	-0.47052762790218583	0.4347975847351895	98.03458400424614	0.7208839079785835	4.75262011559588	0.02746969652094296	4.321015607314552	5.582914349374735e-08	4.321015607314552	1.200702476999993e-06	-0.03252506124753498	False	False	False
571	4.3209988225571125	0.028050692748484953	2.716304507510103	6.112108056947179	0.9093513578012145	4.049555489823651	-0.5471019129902835	0.43239657063447745	293.6774625465759	2.9956516420149844	4.822371472866908	0.050356444022246497	4.321002135735561	1.1815710935165824e-05	4.321002135735562	3.3131784480389115e-06	-0.028038877037549786	False	False	False
593	4.320991560156628	0.037508179495073	2.7903648003809876	6.330607677374637	1.0705150631725275	4.157199225317134	-0.14259042869920763	0.5090299125385368	140.17992693190683	0.47732613090687864	4.646594145700075	0.0025281785240659697	4.320992686762922	2.3236421026801233e-08	4.32099268676292	1.12660629358885e-06	-0.037508156258651976	False	False	False
595	4.321000176463571	0.04200772342196013	2.53558263486212	7.279492841705077	1.1005581108416518	5.207789605259938	-0.03257645529306999	0.5233153817052054	289.006112551547	2.06167972032068	4.8141811922028355	0.061788490936050856	4.321454897169067	0.007639614987734729	4.321454897169068	0.0004547207054965696	-0.0343681084342254	False	False	False
600	4.32099917616179	0.03323950706383499	2.3501337936880526	6.473831216933801	1.1145762106607664	4.814139815353779	-0.16557490967858973	0.5299809881691944	177.57477997762442	0.6144326097807092	4.7363713136041445	0.019849627961847704	4.320997414196898	1.6833151091769403e-08	4.320997414196898	-1.7619648913225205e-06	-0.0332394902306839	False	False	False
606	4.3209992546118485	0.033239799999745856	2.1004276755488926	6.171017840585951	1.0603837860625713	4.891575016960612	-0.25500867679665856	0.5042124902727526	193.6408972127726	1.090475219719673	4.809559401260119	0.006103484509427042	4.321000851874636	2.0747303290804987e-08	4.321000851874637	1.5972627878113599e-06	-0.033239779252442564	False	False	False
608	4.321001280387531	0.05421521372140099	1.3047810129277009	5.643953631184691	1.062104593203325	4.188152113026864	-0.1270141544454154	0.505030734068181	100.63613816241423	0.5197049776723316	4.811811006998798	0.054303507857323435	4.32151090525767	1.2736337756514555e-08	4.32151090525767	0.0005096248701388362	-0.05421520098506324	False	False	False
610	4.320997497987227	0.05267974150430241	1.5735909876189327	6.376208707732872	0.9970837134839413	5.0440539233255395	-0.0902848320646473	0.4741133057616141	133.06106989365657	1.3221996821749313	4.936899270440675	0.049655837716373885	4.32100453536606	1.3097465808599065e-05	4.321004535366061	7.037378833452124e-06	-0.05266664403849381	False	False	False
618	4.321007427318472	0.039891927203523	0.5538763128089834	6.360899756554746	1.0962600047148745	5.4762979251075565	0.10237256194795713	0.5212716322419229	305.5175382932732	2.296070056684838	4.975565164828829	0.00488703054638707	4.321199500917468	2.6295685296431255e-08	4.321199500917468	0.00019207359899642285	-0.0398919009078377	False	False	False
627	4.321001759413988	0.04870434072904794	0.900054680728491	6.071067267894828	1.0750189243762405	5.053440648861679	-0.09539952232413618	0.5111714985409023	196.15127085512555	0.642029495101638	5.032912988766771	0.12309128024966645	4.32109784748753	1.7912603245430442e-08	4.321097847487531	9.608807354233306e-05	-0.04870432281644469	False	False	False
630	4.321020139206735	0.053167316782922545	0.5198239403703672	6.142106081417439	1.0000089609490965	5.199755347664024	-0.2526276646433755	0.4755042609312954	12.21351736249891	0.06226580796165035	5.04390619582912	0.006256350871979557	4.321017769223739	2.439263176345317e-08	4.321017769223739	-2.3699829956314034e-06	-0.053167292390290784	False	False	False
635	4.321016394616009	0.0416264231292461	0.5400842130611491	6.118270813412379	0.989514395890803	4.45594987909923	-0.14725313645690224	0.47051409524607685	46.57901918237126	3.813726856883192	4.968544504570285	0.04469304189804508	4.321018733091261	1.2314288880083047e-07	4.321018733091262	2.3384752516619756e-06	-0.0416262999863573	False	False	False
639	4.321002265174111	0.049087067330884575	0.607707085186861	6.675740811241056	1.0063996075973483	4.871371193872315	-0.1539224665929613	0.4785430134125391	179.14534924121176	3.8460524155693863	4.986988212534648	0.016642352113354294	4.320981689923952	0.0002013515869821732	4.320981689923953	-2.0575250158749725e-05	-0.0488857157439024	False	False	False
642	4.3209987618970676	0.03873542955636093	0.4693713378975233	5.9317576070278495	1.0764036273134934	4.589851322004915	-0.09780631544892436	0.5118299247875661	229.28598868946554	1.2798880331564817	4.911798965186167	0.02646710435980714	4.32096052648871	1.6930386068692043e-08	4.320960526488711	-3.823540835767858e-05	-0.038735412625974866	False	False	False
649	4.321008856701007	0.04361554593460813	0.8631636921974448	6.236906408309387	1.0703192772916987	4.3718854370564255	-0.07104787342317541	0.5089368163522027	144.44681759089673	0.6299853663824565	4.861355065870842	0.046266028985168454	4.320991224180799	1.945928117367962e-08	4.3209912241807995	-1.763252020836603e-05	-0.04361552647532696	False	False	False
657	4.3209893040223335	0.050821309731140615	0.8054511797398773	6.461885106712838	1.020521703095448	4.383992924898423	-0.08261218356444036	0.4852580698218856	75.98569494761375	0.5260461685131822	4.937719704177571	0.08087071370784563	4.32102448520037	0.00011097314518779477	4.32102448520037	3.518117803658072e-05	-0.05071033658595282	False	False	False
663	4.320988509812791	0.03727305956539763	1.3302959496522875	6.300699893605631	1.065860617256294	4.508641870096089	-0.0907402078812299	0.5068167235053678	98.52434232420507	1.2966169802372665	4.8241461084907336	0.02002353751398421	4.320987732207379	2.9033868870875536e-08	4.320987732207378	-7.776054120611775e-07	-0.03727303053152876	False	False	False
664	4.320999034489058	0.0480735240786973	0.8349994837571277	5.818052095605256	1.1082448099370719	5.104715364504399	0.05178345096202486	0.5269704071250777	264.53577821362467	2.684978879058547	4.955193270184815	0.08701593098218655	4.320580907048953	1.5238255945224913e-08	4.320580907048954	-0.00041812744010538694	-0.048073508840441356	False	False	False
669	4.321004206737079	0.06034524545584995	1.155485927718582	6.060063882126884	1.1094979904482618	6.28799833464731	0.251250908121412	0.5275662944581485	163.1047532390369	0.6165697295861523	5.037430185880416	0.08906548410446354	4.321107311412346	2.199687628748563e-08	4.321107311412346	0.00010310467526686296	-0.06034522345897366	False	False	False
676	4.320999107491224	0.04223651159608166	0.6898795565577601	5.858578157463941	1.0628135351078545	5.775198129460748	-0.06633971836172234	0.5053678359437848	322.7059619400132	1.9785196662360536	5.0918846024808175	0.08919187568087966	4.320989365152562	1.780244278854584e-08	4.320989365152563	-9.74233866202212e-06	-0.04223649379363887	False	False	False
685	4.321020605317132	0.03795929195872932	0.964679955659044	5.63695022996399	0.9970837134839413	5.0440539233255395	-0.0902848320646473	0.4741133057616141	18.951726865065154	0.05872753868919234	5.006150911456592	0.06124951395519261	4.321022459142208	1.6817999620567143e-08	4.321022459142208	1.8538250756705565e-06	-0.0379592751407297	False	False	False
686	4.321014419188137	0.03160373035493884	0.7648339993557989	5.983346185162989	0.9295091735659096	4.619303555643291	-0.35813871452388046	0.44198161203059	58.347727512128806	3.0787551935272264	5.0193746415484055	0.006875555791092904	4.320990473284837	2.541467265202874e-08	4.320990473284838	-2.3945903299349425e-05	-0.03160370494026619	False	False	False
688	4.321002210876226	0.025093665058660015	0.6825827258209431	5.552826266480762	0.877848379916881	4.565968575701413	-0.38264479284815367	0.4174169046504769	92.12498477934228	1.5788958492032472	5.095549990896866	0.04934014399517207	4.320990185702184	1.9402317540491018e-08	4.320990185702184	-1.2025174041419007e-05	-0.025093645656342475	False	False	False
698	4.321003191730593	0.03279521995345292	1.7928080669263478	6.033175365250562	0.9176031759839164	4.1618414045001435	-0.27887756041265965	0.4363203101803522	179.0411541473571	1.943459253493462	4.890823423393005	0.050378157104148766	4.321006375237607	2.1502052067003982e-06	4.321006375237608	3.183507013559961e-06	-0.03279306974824622	False	False	False
702	4.321006287017375	0.036804060185277106	1.7671114855503507	6.654552059320889	1.0765134372990373	3.8249519130583014	-0.1204492841696731	0.5118821394356922	162.90974880670606	0.9099011318516506	4.6947547855838225	0.006810967309964794	4.320986836777157	3.618234747403068e-05	4.320986836777158	-1.945024021754449e-05	-0.036767877837803074	False	False	False
705	4.321008980096296	0.035672799942344034	0.6773401059027344	5.947646179434642	1.086931958021971	3.110759683614264	-0.07930949173754703	0.5168361460394472	115.2140961497903	0.7072265287603684	4.78843475809372	0.11069473775332692	4.321015769587911	1.4507259739661534e-08	4.321015769587912	6.789491615144527e-06	-0.035672785435084294	False	False	False
707	4.321003496897725	0.03482047157546083	0.6570137807685941	5.6043723642119	1.1009369193257332	2.995280259482027	0.11337416286594064	0.5234955051393861	175.70666906742716	1.5250448941507142	4.707471246541353	0.03147804182622155	4.35136743677602	9.998363307254683e-09	4.3513674367760204	0.030363939878294666	-0.034820461577097526	False	False	False
711	4.320987229981127	0.05403042399206709	0.7272989951983667	5.706772724814498	1.1759253437958002	2.3973800195827177	-0.0253243124094346	0.559152500974903	40.24564584879256	0.22905018951414052	4.5794318180822415	0.055175600819157414	4.307573561258199	9.99262856042765e-09	4.3075735612582005	-0.013413668722928485	-0.05403041399943853	False	False	False
714	4.3209804703348365	0.03882288780695595	0.9484171646849113	5.837317408732796	1.1372722292338606	2.4530577684941153	-0.03752378940034834	0.5407729450007007	21.150360744196146	0.5255316518875219	4.580624605038798	0.038710790212891505	4.320964861895929	1.1365233204227114e-08	4.3209648618959315	-1.5608438907577238e-05	-0.03882287644172274	False	False	False
715	4.320991289174221	0.025279954035564465	1.1611108694555128	5.025620812026031	1.1174856814520715	2.4055499258714192	-0.01092429622804611	0.5313644415304599	38.45124663721104	1.8179948371690264	4.556793889374384	0.026847133402040996	4.321251093577653	9.876139244553428e-09	4.321251093577654	0.00025980440343253974	-0.02527994415942522	False	False	False
716	4.320980229588016	0.042990284697642836	1.5622527569780391	6.127790357708097	1.1043686084041286	2.9332820022147446	-0.12191439124442048	0.5251272732961632	20.510673674355896	0.5334202520889602	4.588840969743697	0.00013945091468744246	4.320959532101581	2.2496878883012853e-08	4.320959532101582	-2.069748643496183e-05	-0.042990262200763955	False	False	False
717	4.320974907715413	0.038614225524168835	1.6834687068188352	5.544445217281369	1.198706212002573	1.612298174432359	0.008761756256117359	0.5699848038072235	5.465704046504783	0.26648096173157143	4.3898750527176	0.03850282506141362	4.320969079232977	9.914285377490652e-09	4.320969079232978	-5.8284824353549425e-06	-0.03861421560988346	False	False	False
719	4.320979659283828	0.05482632056341545	1.214491894861824	5.894697715456922	1.158459528954634	1.9832828208168847	0.0657360961532906	0.5508475060179284	8.688843788992301	1.5897025735501829	4.497558055209767	0.05436964988059368	4.320966777787755	1.1113862448288756e-08	4.3209667777877545	-1.2881496072481013e-05	-0.054826309449553	False	False	False
722	4.320992436776041	0.04745521256978012	1.2014555101673974	5.3486913772413605	1.158068171710848	1.5528791153762957	0.24530058997378906	0.5506614156485082	348.19443996077223	40.073736899481595	4.417303124448045	0.04552329897026334	4.300393758157114	9.941665003790418e-09	4.300393758157114	-0.020598678618926947	-0.04745520262811512	False	False	False
734	4.321000841873857	0.04407185206789949	0.8717835095716564	5.189148339732776	1.106530849897872	2.1734439731264703	-0.10605966859860902	0.5261554191264382	248.63887122432496	0.7140805328549668	4.538595210049362	0.035160766052069754	4.288976074944435	9.965639976554486e-09	4.288976074944435	-0.03202476692942202	-0.04407184210225951	False	False	False
736	4.321016139513034	0.040274072396460886	1.4615683637077745	5.2580149524691135	1.0198068167430039	2.4988472092569265	-0.2947614814406867	0.48491814136129835	60.82686699099833	0.2446394109315257	4.6273011842945415	0.0717758217990497	4.319297838112349	9.917714098592539e-09	4.31929783811235	-0.0017183014006851849	-0.040274062478746785	False	False	False
744	4.32100508824695	0.047494682170166384	1.112019949193114	5.06156986043659	1.135862855259437	3.1459502182884673	-0.00030856080736395286	0.5401027876758623	166.57862195279546	2.738569816154548	4.6523214578995855	0.04851837517962392	4.321000835264703	9.975585015987083e-09	4.321000835264704	-4.252982246377712e-06	-0.04749467219458137	False	False	False
747	4.321004034547749	0.041055880198845075	1.7168541160299866	5.20139478784928	1.0335340259944061	3.407715402207439	0.02459976210082721	0.4914454293603401	226.53056733032608	1.3599017969695992	4.676107258706552	0.039114648957350506	4.320409792622514	9.950391768972661e-09	4.320409792622514	-0.0005942419252349396	-0.04105587024845331	False	False	False
752	4.320990488219173	0.03149237538027445	1.378138846258916	5.421169930398106	1.1493510041056303	1.4734234440702185	-0.04344936977862546	0.5465164024522272	88.99735874318912	0.39287130117594016	4.413487818857548	0.03171397600233393	4.320990212462705	9.951362991230356e-09	4.320990212462706	-2.7575646743827065e-07	-0.031492365428911456	False	False	False
756	4.321000775397541	0.03406233986177236	2.071410023362544	5.496088912502778	1.0851253898555895	0.2386811255392871	-0.15655713718866693	0.5159771228763328	414.9213201618678	4.662175664776359	4.210565717612874	0.03971276847279009	4.321022981675629	0.0001489299678722612	4.32102298167563	2.2206278088354736e-05	-0.0339134098939001	False	False	False
758	4.32100402146525	0.0350481256113908	2.467100409783885	5.379745552328427	1.1596212352609938	0.7272250047041805	0.07179728309970085	0.5513998973666026	197.40596554750815	0.475767226110475	4.263354513971877	0.0360429034222227	4.374237227156782	9.950501853458321e-09	4.374237227156783	0.05323320569153189	-0.035048115660888945	False	False	False
759	4.321008936280025	0.0342295264518183	3.481460194458366	6.13070023730334	1.0879941957705428	0.05759012046116796	-0.01844946747902526	0.517341240088893	309.01176927092695	1.5653618593231393	4.072550709609403	0.05456881461415787	4.321023669852901	0.03363565643709683	4.321023669852901	1.4733572876401979e-05	-0.0005938700147214704	False	False	False
761	4.32101145675885	0.02809388950410254	3.9205198028352353	6.768461208471191	1.1477036362498305	1.308329298483214	-0.10853605481573336	0.5457330790367944	49.65368724476297	0.1606854242539512	4.306146539889138	0.14553153107490444	4.321011459745811	0.028093889766766165	4.321011459745811	2.9869609008414955e-09	2.6266362349036676e-10	False	False	False
763	4.321015509815807	0.03060676239561387	4.215047860787145	6.5477987036385175	1.1521367454246725	1.425579708578725	0.11262018249977548	0.5478410224494318	42.51248208457148	0.8561797611325496	4.322497653224714	0.1695332258889284	4.321616136759547	0.01184861925703079	4.321616136759547	0.0006006269437399681	-0.01875814313858308	False	False	False
764	4.321014477277545	0.03310292541214049	3.276416642599278	6.120065501997612	1.1734948902188715	0.3083320306904854	0.04946344198130557	0.5579968202990734	106.24892834879957	2.4992407673923878	4.093829793045389	0.04200168014251477	4.3212869472203135	0.005534180908520853	4.3212869472203135	0.00027246994276808323	-0.027568744503619635	False	False	False
766	4.321017881699391	0.04277593411572257	3.1305667000050335	6.2693106959725355	1.083517770331567	0.3668852775973588	-0.23395379311606984	0.5152126997926602	79.2104209506632	0.7455173636257966	4.1676486564055075	0.07513533142799006	4.321541429355867	0.02115262079113789	4.321541429355867	0.0005235476564759978	-0.021623313324584684	False	False	False
768	4.321007374510163	0.049975594174585504	3.6663728189022136	6.867269767282034	1.0257428690050625	0.40749838749258804	-0.16749521687178787	0.4877407342119072	236.0018988736172	2.9794299290570962	4.140653336519819	0.05951555836788877	4.321007421287861	0.04997560218979487	4.321007421287863	4.6777698159417014e-08	8.015209364276021e-09	False	False	False
770	4.321016415592379	0.047620760446436886	3.5574579084250804	7.127848731616779	1.1245624207370783	0.8119218547298219	0.0023887124761921563	0.5347294310604808	54.9091377484771	0.23266396588563817	4.210939607078906	0.06439561472336137	4.32101637534894	0.04762076819181486	4.32101637534894	-4.024343969177835e-08	7.745377977874668e-09	False	False	False
771	4.32100209887982	0.044680527033285795	3.5904139433157103	7.4292108014227844	1.0467885246214779	1.1090150565980028	-0.2317498154498316	0.4977479434575127	289.39294236123555	5.270396772334343	4.320282635367705	0.044679251553096815	4.335361646854629	0.03834617833392664	4.335361646854629	0.014359547974809317	-0.0063343486993591575	False	False	False
775	4.321009550212782	0.06113952777301509	3.563294940797489	7.270644689681686	1.1223394422937496	2.1285818059709345	-0.04045360865385844	0.5336724048106779	18.19705766425715	0.06288010175985088	4.474527112377133	0.12326684457112473	4.321444399094377	0.06120729876441748	4.321444399094377	0.0004348488815946183	6.777099140239246e-05	False	False	False
779	4.32099523040067	0.06630473364011835	3.0431654659071343	8.041895734927095	1.0981880612509325	1.6352399414117158	-0.09429405326519297	0.5221884231248184	9.390209603704431	0.5160290073789664	4.387564245972518	0.07137052142905356	4.3211422590792585	0.06635846595948847	4.3211422590792585	0.0001470286785885122	5.373231937011447e-05	False	False	False
780	4.320996264432314	0.06678641091623282	3.0428746011512433	8.083267645708135	1.1664958501333818	1.9025407154793896	-0.00018613575950426897	0.554668776738423	9.670519159564673	1.0298512565416709	4.367363626306013	0.06608298835139569	4.301120122873873	0.0592350513170564	4.301120122873875	-0.019876141558441418	-0.007551359599176417	False	False	False
781	4.321001420050257	0.06538956734229769	2.6954747852043135	7.802175778706233	1.086578508576647	1.424289586963331	-0.12926983557358046	0.5166680808281957	17.938478823362328	1.8549654395359105	4.321291461182642	0.06537510950973698	4.273637981498063	0.058432758237649866	4.273637981498064	-0.04736343855219349	-0.0069568091046478195	False	False	False
782	4.32099682381344	0.05201465994584214	3.616626670012924	7.194841960384535	1.1155135214094336	1.5171915368495	0.0060925499869730615	0.5304266794301856	137.91832317408097	7.688406833831523	4.352491473495511	0.08693839643587938	4.3209972681634365	0.05201468683292983	4.320997268163437	4.4434999679765497e-07	2.6887087688221012e-08	False	False	False
