Iteration_step	Porb	eccentricity	Wdisk	logQ	primary_mass	age	feh	secondary_mass	posterior_probability	acceptance_ratio	inital_orbital_period	initial_eccentricity	current_orbital_period	current_eccentricity	current_spin	delta_e	delta_p	bad_solution_flag	gsl_flag	
1	4.321	0.0414	4.1	8.008008008008009	1.0167021828325085	4.3427981942174645	-0.14922773117426946	0.4834418879368578	150.1870182735656	0.0	4.633471231405434	0.0500850154545951	4.321000401636817	0.0415663260486923	4.321000401636817	4.016368171377849e-07	0.00016632604869230155	False	False
2	4.32099871571994	0.03734277804428823	4.224721043868264	8.292618846866576	1.1241444725407523	2.7914633871312473	0.18794748121236624	0.5345306966931277	177.5026917762005	1.1818777269609242	4.452984127172446	0.04013224261145391	4.320998715572855	0.037342778220403564	4.323916788545492	-1.4708501083759984e-10	1.7611533065231555e-10	False	False
48	4.321002161978905	0.027022656448389974	4.334982701110042	8.123200390689272	1.094240052113211	3.494771262844875	-0.0575100795016085	0.5203111447798318	49.7596684369912	0.28033190899284693	4.532314190237861	0.031561214381495825	4.321002161565898	0.02702265617861318	4.321002161565897	-4.1300740605265673e-10	-2.697767946535645e-10	False	False
54	4.321001926600193	0.02131280905428462	3.55058687819517	7.205373896024655	1.1064595391129681	4.218192332083951	-0.14727056330145513	0.5261215108482163	19.763260597358205	0.3971742822680517	4.6584843235845215	0.02696196159288367	4.31759502441549	0.0034715934424507278	4.317595024415491	-0.0034069021847029646	-0.017841215611833893	False	False
60	4.32100390042951	0.021969144912573377	3.079641496229381	6.8817169546728305	1.0749164024524387	3.527831377122259	-0.04320822718798799	0.5111227493661346	20.106341039490257	1.0173595060613587	4.589554973678538	0.04259366829424177	4.320331399276611	0.0035029330137433087	4.320331399276612	-0.0006725011528985192	-0.01846621189883007	False	False
63	4.320987267754522	0.024644226977419	3.415765275136043	6.371397474067032	1.0466389000100713	3.908814089624612	-0.26009221716420144	0.4976767969547889	14.585043952455438	0.725395233464378	4.5959613198580485	0.02257151759872584	4.320988827978077	1.8753422909447117e-06	4.320988827978076	1.5602235547973464e-06	-0.024642351635128058	False	False
72	4.320989380236471	0.019293962972151704	3.7903199162081673	6.164873706995267	1.0991037666995036	2.4699306329129893	-0.33550902021045026	0.522623841065614	8.107481693530621	0.5558763977646911	4.36594510327072	0.041873882797002444	4.320987884737193	2.3733319813680945e-07	4.320987884737196	-1.4954992773041909e-06	-0.01929372563895357	False	False
75	4.320986226283282	0.024802851024485074	2.97412848397442	6.1549469672640855	1.0599383342755087	4.218872890141451	-0.21089604272792056	0.5040006779480043	12.278316616212082	1.5144427185089528	4.682820310779822	0.07002529135114921	4.320981157903853	1.7314160150925657e-08	4.320981157903853	-5.068379429040704e-06	-0.024802833710324924	False	False
79	4.320991345839642	0.03640248480308176	1.9579525483313336	6.035691535003257	1.0017574884216054	4.023693259706127	-0.2403548306387649	0.4763356857444733	87.25887882772268	7.106746108217109	4.763008712751617	0.017066395059527305	4.321001379601196	2.078128607563098e-08	4.3210013796011975	1.0033761554062437e-05	-0.036402464021795686	False	False
80	4.320992266386696	0.03155391703212723	2.242452847017189	6.134727373389231	1.0486150016971434	3.9875484562487142	-0.09047615086507572	0.4986164333069917	62.796733005595016	0.7196600947575332	4.686455985813518	0.013176886709452093	4.320995966298386	2.117135408554342e-08	4.320995966298386	3.699911689913904e-06	-0.031553895860773146	False	False
82	4.32098701009425	0.0400030479151952	2.102245943661289	6.621445244022481	0.9870765436165354	5.713885840073883	-0.22925549036414294	0.46935489648966255	66.47847737791867	1.0586295527825567	5.017982349234898	0.07229242933045606	4.32102893209331	0.0002330439152118477	4.321028932093311	4.1921999060612336e-05	-0.03977000399998335	False	False
89	4.3209896721199454	0.056649923113942145	1.7772596758461023	7.809826216070636	1.015360701826742	6.197075852866037	-0.1240686528499773	0.48280401371861587	34.29860916501553	0.5159355406116457	4.850681426352166	0.09412041989361469	4.317711900466756	0.05606751682101977	4.317711900466757	-0.003277771653189099	-0.0005824062929223744	False	False
96	4.320994872825371	0.03955044170863299	0.8370661188198077	8.045515171471983	0.9885309186402752	6.550859447072439	-0.14677702909119403	0.47004645181345084	183.95887699903477	5.363450048775513	4.802928501181364	0.051967573071013254	4.320994884167725	0.039550441800576194	4.320994884167726	1.1342353722909593e-08	9.194320305105919e-11	False	False
97	4.320987149167492	0.0492400677284228	0.672323519552927	8.018122831884074	1.0018541943499795	6.1382240965414	-0.1488496503621189	0.4763816694134152	54.390833875612046	0.29566843831025036	4.804386866733649	0.06598787403971626	4.32098714911435	0.049240067734153056	4.320987149114351	-5.314237938591759e-11	5.730256547042956e-12	False	False
104	4.32098657370476	0.061482916299685865	1.1391986369862608	7.564029917606205	1.0334784990824089	5.631544319850918	-0.03556909216088103	0.4914190263136854	8.743598284318763	0.16075499604059662	4.911379077519512	0.13888382427211937	4.318974220805657	0.06123233768925208	4.318974220805658	-0.0020123528991025097	-0.00025057861043378815	False	False
107	4.3209946239039185	0.04956689869568097	0.8389816769187144	8.059663387973066	1.0688717792080997	4.879827670540112	-0.1088401605301225	0.5082485310134514	96.21911608298325	11.004521588731697	4.698646541847669	0.06633049626455036	4.320994623853357	0.04956689868467482	4.320994623853358	-5.056133289826903e-11	-1.1006147382364162e-11	False	False
125	4.32100161195678	0.06048276657936455	0.9992222415267931	7.543988247630256	1.096166752356312	4.645370952087496	0.03785827671937897	0.5212272907454263	37.290907592999304	0.3875623588231482	4.691001851367321	0.0851141799616334	4.238993191522792	0.0326003368059095	4.238993191522793	-0.08200842043398815	-0.02788242977345505	False	False
130	4.320997201427595	0.045910476334234215	0.7609403239291282	8.001559633127853	1.104817712406114	4.346791561817863	-0.07880501789008357	0.5253408222491072	136.59438332906134	3.6629407044709335	4.647653787860747	0.06787384572212779	4.313102842571236	0.047771098138594814	4.3131028425712366	-0.00789435885635914	0.0018606218043605988	False	False
131	4.320996038363984	0.04718778007026029	0.8280364027438316	8.200167829917842	1.0505306391123233	4.54254499380177	-0.08806842354797345	0.4995273188979097	118.39217754387856	0.8667426482585822	4.62382817576647	0.05547275212111837	4.32099581539855	0.047187778827168396	4.320995815398552	-2.2296543367161803e-07	-1.2430918933103996e-09	False	False
132	4.320996902824365	0.05167387924343021	1.0486954300565503	8.27511176308341	1.08681012065779	5.409696969673968	0.12851768768404453	0.5167782123727791	133.13118840852877	1.1244931140757812	4.652207208762075	0.06151891431606754	4.320996796909269	0.0516740831711712	4.320996796909268	-1.0591509536084232e-07	2.0392774098543232e-07	False	False
135	4.320994838701788	0.032256049679274416	1.4054534071972107	8.358102857862496	1.0848982690009847	5.037164548055827	0.09359597220670977	0.5158691269099682	114.50878439186032	0.8601198994819801	4.580790392279821	0.03681512767643113	4.3209948388518615	0.032256049769988075	4.3209948388518615	1.5007373121989076e-10	9.071365880686244e-11	False	False
144	4.321004767277051	0.03621705133096507	1.3868136541526235	8.010226664452146	1.041684214835411	4.123651361071357	-0.028501911560607857	0.49532084415423794	116.08766120300179	1.0137882592984169	4.626104202183282	0.04388680855247592	4.321011223086335	0.03623872140446904	4.321011223086335	6.4558092836008996e-06	2.167007350397515e-05	False	False
147	4.321000091797488	0.045303344209534774	0.8622972038402752	8.295938016209943	1.0903574985606421	3.7176274997422034	-0.23423148422060136	0.5184649905655853	138.1137051099101	1.1897363051219672	4.567335655131994	0.06006280968696854	4.325299430960282	0.05205849775472039	4.325299430960282	0.004299339162794347	0.006755153545185619	False	False
173	4.3210062318384095	0.044123667416066124	0.7526622910775097	7.9886623466454525	0.9812239090925905	4.345813910073877	-0.34484414810656283	0.46657196877352675	138.17218037998637	1.000423384993037	4.664914328020711	0.053394693207043556	4.321006232308879	0.0441236674079072	4.32100623230888	4.704698852719957e-10	-8.158924924561717e-12	False	False
173	4.320992306078938	0.041071138657605075	0.8530313688248556	8.143831851201535	1.0983773966744208	4.78010597172222	-0.06219246870589447	0.5222784521186871	127.46531172304901	0.9225106774207914	4.649626061571729	0.05285041954046756	4.297566672000765	0.04009295026604264	4.297566672000765	-0.023425634078172664	-0.0009781883915624331	False	False
180	4.320989955424816	0.04681253334686343	1.8002887760684327	7.818254187319566	0.9575555199157388	5.825047251903487	-0.17731318631672383	0.45531764971993377	90.29932694727914	0.7084227522502555	4.814642853597961	0.06358252209847613	4.316783320029018	0.04662199651464126	4.316783320029018	-0.0042066353957972424	-0.00019053683222217122	False	False
183	4.32099396558919	0.037838113829474114	2.6124913494343596	7.6331160677416	0.9280577608800342	5.876715751837992	-0.18511181692779957	0.44129146529845625	143.00119154576933	1.5836351873282504	4.854682800208017	0.056074728466604135	4.320993969749554	0.03783811384671372	4.320993969749554	4.16036449735202e-09	1.7239605576424566e-11	False	False
185	4.320996270698222	0.035092593302237865	2.2821555163250764	8.216517688202707	1.0350109027143999	7.634107716196831	0.0014699265551934848	0.4921476842406971	251.30754244375464	1.7573807583506778	4.806439775265083	0.04691833003880888	4.320996269878728	0.03509259336969439	4.320996269878728	-8.194938061478751e-10	6.745652647577316e-11	False	False
190	4.321005049738836	0.05057108817837638	2.768812757476081	7.70308513624136	0.9066217825707885	6.9863896772713385	-0.13001237289732817	0.4310986576124099	138.11291597627965	0.5495772814188051	4.944229302203615	0.07075816354780429	4.320253234271697	0.0498355233271438	4.320253234271697	-0.0007518154671384281	-0.0007355648512325855	False	False
197	4.321008913215878	0.044257153291331265	3.113843628836312	7.856435516048554	1.0062811402242628	6.110812199295582	-0.23691751969103572	0.478486682176637	119.5199013197542	0.8653781615926585	4.819876971116046	0.07066542900259139	4.32074702627742	0.044031310286034894	4.320747026277419	-0.00026188693845785593	-0.00022584300529637086	False	False
205	4.321008753040253	0.04331282031114196	3.3380857707280103	7.98684306980811	1.0060824697824287	6.337634610892964	-0.2441626333723573	0.4783922143815448	130.1087168301555	1.0885945804295203	4.814678675321342	0.06309210249697046	4.3210087532182255	0.04331282031763239	4.321008753218226	1.779723035610914e-10	6.4904262520038e-12	False	False
208	4.3210067648460715	0.028018505899073523	3.1655247555390584	7.894011530668964	0.8795493154078368	6.298543957695367	-0.40004514169906413	0.41822569947642635	48.2124152098542	0.3705548435528029	4.728951005966405	0.034174483498120946	4.321006764907771	0.0280185060814713	4.380338235233997	6.16990902813086e-11	1.8239777743733754e-10	False	False
209	4.321003761334629	0.0364466941870195	3.185890088145158	7.787187459361527	0.9641513638475548	5.968116433506656	-0.15743318420551022	0.4584539735095123	156.88410852515736	3.254018863031189	4.823387415356387	0.051699743742031484	4.321003761119085	0.036446694280989234	4.321003761119085	-2.155440270712461e-10	9.396973477127091e-11	False	False
214	4.320996472533109	0.03894241703144377	2.3088937304024495	7.899968556401328	1.0942952897164298	6.047104087768544	0.07589691047715591	0.5203374102601623	227.80024588414213	1.452028813024188	4.7726160308970815	0.06806773805608143	4.320996472856741	0.03894241711856542	4.320996472856742	3.2363267621349223e-10	8.712165017188411e-11	False	False
215	4.321000463212668	0.044708008979412094	2.428524168061031	7.477701999528726	0.8440063951208354	6.3719436849779845	-0.1974542294317645	0.40132504087995724	199.9407022212034	0.8777018718535188	4.974430299350202	0.06509492549753823	4.321000462988907	0.04470800896481047	4.321000462988907	-2.2376056563189195e-10	-1.4601625464294443e-11	False	False
219	4.321001986506581	0.030713651538672976	2.449940731375709	7.182988875484106	0.949460123230584	5.8297771057111865	-0.44986535265147476	0.4514682885961427	138.96480682361334	0.695030102824538	4.918452811727998	0.035865072539262376	4.321197493812153	0.00786235873016328	4.321197493812155	0.0001955073055714962	-0.022851292808509695	False	False
220	4.321007880888	0.03688782252506684	1.532810028160446	8.054542686566036	0.9567371633438325	6.272508434786082	-0.15260662883984644	0.45492852116999233	127.9827370668898	0.9209722950166586	4.722167372806258	0.04497444834046441	4.321007880910644	0.03688782252828838	4.321007880910644	2.2644108810254693e-11	3.2215410894487206e-12	False	False
225	4.321006906068922	0.04081664208868345	1.852572010606334	8.214666012570154	0.9315779336841594	6.431220092124066	-0.4520242512461057	0.4429653074668178	98.07588107582013	0.7663211720855843	4.6413397077615075	0.04773475940332005	4.321006905315172	0.0408166421168002	4.407899533943067	-7.537499513432522e-10	2.811675198222119e-11	False	False
226	4.3210046789684275	0.03314377598888822	2.1584791721500527	8.049763867787131	0.9372981973898649	7.601971521793987	-0.1822528162741453	0.4456852928588807	170.84515190365255	1.7419690756749482	4.8009404252017465	0.04197559853477657	4.32100467433199	0.033143777982323396	4.3210046743319905	-4.636437900273904e-09	1.993435173874847e-09	False	False
230	4.320999361028186	0.03432123891531767	2.0723539548503007	7.8107629203333415	0.9216124586215078	8.72885910188585	-0.14976703413114184	0.4382267240745269	290.8991618489082	1.7027065656095388	5.0331176819921115	0.052625142945172	4.320999361089633	0.0343212389180176	4.320999361089633	6.144773578853346e-11	2.6999305569042065e-12	False	False
Iteration_step	Porb	eccentricity	Wdisk	logQ	primary_mass	age	feh	secondary_mass	posterior_probability	acceptance_ratio	inital_orbital_period	initial_eccentricity	current_orbital_period	current_eccentricity	current_spin	delta_e	delta_p	bad_solution_flag	gsl_flag	
1	4.321	0.0414	4.1	8.008008008008009	1.0167021828325085	4.3427981942174645	-0.14922773117426946	0.4834418879368578	150.1870182735656	0.0	4.633471231405434	0.0500850154545951	4.321000401636817	0.0415663260486923	4.321000401636817	4.016368171377849e-07	0.00016632604869230155	False	False
3	4.3210000065070036	0.040939477814032406	4.471896765115922	7.853564263710233	1.0017574884216054	4.023693259706127	-0.2403548306387649	0.4763356857444733	155.23025012541908	1.0335796789218308	4.624149233975683	0.05174399704273449	4.321000006570096	0.040939478094445605	4.321000006570097	6.30926422218181e-11	2.8041319960481204e-10	False	False
11	4.320988437098873	0.042273730497534495	4.246927318068972	7.276742771968019	1.0383649462159221	3.3465225423492946	-0.28921735670946686	0.49374253192567097	72.4904010762689	0.4669863059403686	4.56143424029769	0.04782364447744342	4.3210573549290325	0.01967746907778629	4.3210573549290325	6.89178301591653e-05	-0.022596261419748204	False	False
13	4.320985146641134	0.03980471400018808	3.289459109532692	7.165738910396362	0.9151668550016381	3.854003789977744	-0.5356948210983313	0.43516183955327886	103.98628198623298	1.4344834687399026	4.70805363497512	0.1272669715012951	4.229658673722157	0.057190119520195176	4.229658673722157	-0.09132647291897733	0.0173854055200071	False	False
Iteration_step	Porb	eccentricity	Wdisk	logQ	primary_mass	age	feh	secondary_mass	posterior_probability	acceptance_ratio	inital_orbital_period	initial_eccentricity	current_orbital_period	current_eccentricity	current_spin	delta_e	delta_p	bad_solution_flag	gsl_flag	
1	4.321	0.0414	4.1	8.008008008008009	1.0167021828325085	4.3427981942174645	-0.14922773117426946	0.4834418879368578	150.1870182735656	0.0	4.633471231405434	0.0500850154545951	4.321000401636817	0.0415663260486923	4.321000401636817	4.016368171377849e-07	0.00016632604869230155	False	False
7	4.321008443871063	0.04150585628281655	4.2753390563945075	7.991555350575781	1.0006415174638374	4.020430190683451	-0.2823631697921865	0.4758050415540547	105.97335151219049	0.7056092645714563	4.609466847019585	0.04928507529424243	4.321014234283429	0.04150737146399744	4.321014234283429	5.790412365591635e-06	1.5151811808902793e-06	False	False
22	4.321003495308672	0.03694196762637122	3.864504250293714	7.932814853980143	1.0017574884216054	4.023693259706127	-0.2403548306387649	0.4763356857444733	130.68796686364144	1.2332153791381029	4.621122097373553	0.04483828493753797	4.321003504808517	0.036941971012533895	4.321003504808518	9.499845354810077e-09	3.3861626766440445e-09	False	False
27	4.320999774349004	0.048644194361032365	3.506586648330646	8.406524060606825	1.0955184570334353	4.1855351361000155	-0.08788369517957759	0.5209190263193985	114.38804766589698	0.8752760518896767	4.534845319132464	0.05444904423614649	4.320999774219876	0.04864419431071267	4.320999774219877	-1.291278195481027e-10	-5.0319692856959364e-11	False	False
31	4.321009014319727	0.05700717867205446	4.4712342037490345	8.260787039458991	1.0858369616480272	4.020489104877399	-0.03772517988918567	0.516315475263637	30.48694590774254	0.26652212822784066	4.538946257905187	0.05838412948402408	4.2997055838733065	0.051098009951153205	4.2997055838733065	-0.021303430446420357	-0.005909168720901255	False	False
35	4.321001295550715	0.05452020966114197	4.2104049956947485	8.424557878061995	1.1003131915815636	4.903434427859466	0.029312195610750415	0.5231989225970335	75.14777480003943	2.464916460554834	4.569814183071196	0.061796720496601246	4.321003316712155	0.054424941583234056	4.321003316712155	2.0211614399912037e-06	-9.526807790791181e-05	False	False
44	4.320998113864168	0.054437397995287365	4.443550623559728	6.96648317643996	0.9072677411958534	4.213279022889811	-0.24269567929435937	0.4314058109386283	66.0202161217477	0.878538536868467	4.787004276392707	0.061879923754760466	4.321473702498522	0.021211750377467975	4.321473702498523	0.0004755886343534854	-0.03322564761781939	False	False
49	4.321001586456074	0.04299810036779484	4.04140964597042	6.318769353535148	1.1516925322928029	5.673069818706767	0.12057716655411768	0.5476297991052278	245.93517667558712	3.725149524231468	4.631103610576516	0.0548956922355371	4.320977662866787	1.924248195930998e-08	4.320977662866788	-2.3923589286489744e-05	-0.04299808112531288	False	False
58	4.3209999506339996	0.0418394410237383	4.039526076025939	6.909057808081661	1.1470346710114514	4.145926101800183	0.0773957525130319	0.5454149860659451	173.26025973522673	0.7044956401815353	4.539171980494047	0.0014387186565807688	4.321006686949647	2.5736901470048578e-05	4.321006686949647	6.736315647515312e-06	-0.04181370412226825	False	False
65	4.320991491915838	0.046221294674808	4.19448215145968	6.887322404535245	0.9987863740863028	4.72647224891865	-0.11586923297332075	0.47492292087803695	111.65595664364193	0.6444406629325882	5.525400238808645	0.30455606173698013	4.274321215964843	0.027957002366842	4.274321215964843	-0.046670275950995155	-0.018264292307965998	False	False
67	4.320982409745613	0.040961517328880336	4.475117624623002	6.061432961213787	0.9954043968472326	4.434118525397685	-0.022167877609187855	0.4733147907008591	24.41119464496459	0.21862868205835792	4.589084663946859	0.04797969208624256	4.320986265059033	5.559035554977526e-08	4.320986265059032	3.855313419620643e-06	-0.04096146173852479	False	False
69	4.3209846284230204	0.05182437935460654	3.6473101654689755	5.786634689466266	1.193003535613135	2.6965364540590526	0.13432971996167486	0.5672731811840457	24.7131086315	1.0123678497069248	4.324202373479121	0.0518237380138895	4.3210030923099945	9.916511275265253e-09	4.321003092309995	1.846388697401835e-05	-0.05182436943809527	False	False
69	4.320981394290178	0.048286456310415206	4.108391970975641	5.626161139469027	1.168105361757315	3.6322050588809898	0.18171700309245956	0.5554340995156032	19.87695786002341	0.8043082785096368	4.380681164288454	0.046020705965634914	4.320909034390169	9.992021862195427e-09	4.32090903439017	-7.235990000875603e-05	-0.04828644631839334	False	False
77	4.320976830056225	0.04141661073264508	3.963235179902302	5.320907202975769	1.0665454763511104	2.668460920439968	-0.17713261028294852	0.507142374004953	5.7176386926434795	0.28765159804171087	4.373934490108113	0.0400800366738169	4.320975279146167	9.972701920619313e-09	4.320975279146167	-1.5509100572685952e-06	-0.04141660075994316	False	False
83	4.320988521696501	0.035769904994128465	3.9372939584855398	5.334563717302533	1.0229385380568465	2.361891695860746	-0.16396122982444566	0.4864072748460305	57.29066439860256	10.019986829932924	4.3555743838024545	0.03532363871088257	4.320406015701428	9.978766328078521e-09	4.320406015701429	-0.0005825059950730349	-0.03576989501536214	False	False
89	4.320985507411247	0.05086340047688904	3.5173144334481288	6.262634874685819	1.1015635782043043	2.127607587747223	-0.08130823587228674	0.5237934814361467	26.628033497464777	0.464788352116131	4.332148307549806	0.05268127632334799	4.320990117730034	4.024802244996228e-05	4.320990117730034	4.610318787179324e-06	-0.05082315245443907	False	False
93	4.320981247471508	0.02932527089142339	3.337524149634107	5.471941073933033	1.1148827663512428	3.088568751728735	-0.08213826659415124	0.530126755400016	9.547786455562647	0.35856145578574855	4.417317275933563	0.02818185864170538	4.290251931416632	9.900693480799681e-09	4.290251931416634	-0.03072931605487561	-0.02932526099072991	False	False
95	4.320979899400136	0.03610435384845547	3.1116063717583673	5.852402504941313	1.132520090394482	3.1159010530648388	-0.05977795691608054	0.5385133029825762	10.786729110763336	1.1297622921257173	4.4579860161667835	0.036694561248489604	4.3209798089274525	1.218965446477944e-08	4.320979808927453	-9.047268356709992e-08	-0.036104341658801005	False	False
96	4.32099759274722	0.039664902914546996	3.368588324046656	6.024388649836143	1.1206428597455276	2.301404204853065	0.17182998330984645	0.5328656798089983	184.72050923305403	17.124793562186902	4.325646646612376	0.039624459629106795	4.321033590750971	1.3059311876982009e-07	4.321033590750971	3.599800375031492e-05	-0.039664772321428225	False	False
100	4.320993022880963	0.0443655065591233	3.425929080426481	5.73673977467157	1.0812637697675302	2.962865299430891	0.050669802245225604	0.5141409225244606	110.1362921714441	0.5962320731396956	4.429492902571175	0.04147687796779397	4.32105030495137	1.25900865786888e-08	4.321050304951371	5.728207040700539e-05	-0.044365493969036725	False	False
101	4.320998683840198	0.045061403796906124	2.790706307573573	5.77697478415022	1.0544875497559982	4.009275293262426	-0.029479241521810418	0.5014088299089772	139.49681977484175	1.2665835849793587	4.629958366086656	0.021153035013143928	4.320998051982756	1.5745528274133306e-08	4.320998051982755	-6.318574419239553e-07	-0.04506138805137785	False	False
105	4.320997967249672	0.04955436650885509	2.4681975900172826	5.420040061440707	1.1457215827294438	3.6984764719137013	0.15075811619252125	0.5447906125878506	133.135077382384	0.9543950722122119	4.564360658144566	0.045395588739745266	4.32113872122976	9.946877486762445e-09	4.321138721229761	0.00014075398008817075	-0.049554356561977604	False	False
113	4.3210013853534495	0.045710143158487364	1.1534797420762823	6.06272172063524	1.1930269481330873	3.9094507541052406	0.16319152142566595	0.567284313837283	180.70732033733412	1.3573231329435103	4.706112723984029	0.0605250470569848	4.321002974537074	1.496028037463916e-08	4.321002974537075	1.5891836246950675e-06	-0.04571012819820699	False	False
120	4.320990922478409	0.05249059197893374	1.2546843411878892	5.514646343740391	0.9643933427161121	4.31790878567951	-0.14080621258041726	0.45856903446151126	49.5221226172058	0.27404602383987947	4.89060214753544	0.0070324918267083035	4.320355580887367	1.6082251534204802e-08	4.320355580887367	-0.0006353415910425042	-0.052490575896682205	False	False
129	4.320993708682254	0.037453288899066156	0.8450725294420449	5.4279445025855075	1.0335340259944061	3.407715402207439	0.02459976210082721	0.4914454293603401	110.886493084668	2.239130457751057	4.757232429017515	0.030293751674456394	4.321004069077131	9.930670582719622e-09	4.321004069077131	1.036039487711804e-05	-0.03745327896839557	False	False
134	4.320989902672843	0.048170730322095234	0.6219784769998458	5.9581319443632825	1.0742293986045783	3.168681178534552	-0.3442013231865254	0.510796079036477	77.3860549165558	0.6978853128438939	4.742048329525537	0.04636435440869472	4.320990879825715	1.3770817074739556e-08	4.3209908798257155	9.771528715063482e-07	-0.04817071655127816	False	False
141	4.321001844314395	0.05746679806761938	0.6963607683467616	6.321504949730061	1.0458002659757426	3.1551090617578508	-0.4127632619741425	0.4972780264714656	56.604018915154874	0.7314498584556367	4.741053964215147	0.025928830276930857	4.320996996491343	4.105858693118326e-06	4.320996996491343	-4.847823052323008e-06	-0.05746269220892626	False	False
146	4.320998312195664	0.056198147793456735	1.2638810769042965	6.559639025062204	1.0777640479624373	3.7040394371977574	-0.05565745126234284	0.5124768048061389	47.83884189698436	0.8451492104949501	4.838981957525362	0.12922250611601818	4.320983744403493	0.00032871109271133414	4.320983744403493	-1.456779217168247e-05	-0.0558694367007454	False	False
Iteration_step	Porb	eccentricity	Wdisk	logQ	primary_mass	age	feh	secondary_mass	posterior_probability	acceptance_ratio	inital_orbital_period	initial_eccentricity	current_orbital_period	current_eccentricity	current_spin	delta_e	delta_p	bad_solution_flag	gsl_flag	
1	4.321	0.0414	4.1	8.008008008008009	1.0167021828325085	4.3427981942174645	-0.14922773117426946	0.4834418879368578	150.1870182735656	0.0	4.633471231405434	0.0500850154545951	4.321000401636817	0.0415663260486923	4.321000401636817	4.016368171377849e-07	0.00016632604869230155	False	False
3	4.320997952299903	0.046507992458759195	4.2208670891706515	7.852706808909629	1.1219712965369222	4.165894232795307	0.034893360476910655	0.5334973515033065	139.7146708007508	0.9302712871378842	4.598501659072048	0.0710515761421404	4.321000756641303	0.04654189839110501	4.321000756641303	2.804341399986754e-06	3.3905932345812406e-05	False	False
5	4.320995959244799	0.044678911985353106	4.1879699344687165	8.666973613516857	1.188208954871682	4.859442237906433	0.2922965920886616	0.5649933580414848	118.74473985256556	0.849908883383544	4.499587013015015	0.0492342520373463	4.320997574431471	0.04497605659817251	4.420993885400974	1.6151866715219398e-06	0.0002971446128194055	False	False
21	4.321003396488511	0.05371245745329298	3.970207047297322	8.244178605216877	1.0704789656681881	5.344726714743732	-0.09859209269513135	0.5090127481752235	75.89423509971446	0.6391376594360758	4.666752934776034	0.06640547255111556	4.321003397402387	0.053712457735180116	4.3210033974023885	9.13876085917309e-10	2.818871386311983e-10	False	False
26	4.321001265244811	0.03331179017487362	4.227942988726329	8.086378394019786	0.9817067484564171	4.79399807515569	-0.19193503324359945	0.4668015588910263	113.71941906452881	1.498393374873827	4.615812157239486	0.03864941692883	4.321001257283499	0.033311786309979066	4.3210012572835	-7.96131160996083e-09	-3.8648945571706506e-09	False	False
27	4.321004555495027	0.03186338556250982	3.761262653604634	7.908488108521903	0.9817067484564171	4.79399807515569	-0.19193503324359945	0.4668015588910263	89.16054877929746	0.7840397841700573	4.690957715049977	0.03977394145167541	4.3210045547260405	0.03186338523337789	4.3210045547260405	-7.689866521332078e-10	-3.291319300435802e-10	False	False
29	4.321016189198291	0.027175314095832227	4.077105842112741	7.671286335901831	1.0017574884216054	4.023693259706127	-0.2403548306387649	0.4763356857444733	11.60947382840004	0.13020864033864818	4.629914469703647	0.03890262120807955	4.320993579174716	0.027169602028621946	4.320993579174717	-2.261002357517583e-05	-5.712067210280475e-06	False	False
31	4.321011802047928	0.02165852232896836	3.763373695485474	7.809091572953569	1.0983773966744208	4.78010597172222	-0.06219246870589447	0.5222784521186871	9.885677726137198	0.8515181542469262	4.643912195376596	0.02171640677049514	4.321072046273163	0.012417003670101031	4.321072046273164	6.024422523509543e-05	-0.009241518658867328	False	False
32	4.321000886626045	0.05167894696718438	3.433108173528005	8.001402052133958	1.0118474971671478	5.053041079197007	-0.04933667843710399	0.48113348490297875	99.38591096814656	10.053525283893848	4.693690500740399	0.0638395948793218	4.321000887325085	0.051678947016585035	4.321000887325084	6.990399370465639e-10	4.940065717606856e-11	False	False
34	4.320991000345577	0.04087797339624927	3.7119531309717373	8.138788950096503	1.0402140767714454	3.660673882466612	-0.016024061217147362	0.49462179350482227	91.03164892386997	0.9159411835853257	4.540126122603763	0.045812767345658915	4.320991000061593	0.0408779732542547	4.3209910000615945	-2.8398439155807864e-10	-1.4199456888075446e-10	False	False
37	4.320991107901945	0.0446631610441535	3.8006990598138604	8.044474698679828	1.0167021828325085	4.3427981942174645	-0.14922773117426946	0.4834418879368578	88.34780687172325	0.9705174839314268	4.625532637965621	0.053039285026532004	4.32099110767522	0.04466316150296454	4.32099110767522	-2.2672530519685097e-10	4.5881103777345444e-10	False	False
40	4.321002269927663	0.04253453435122473	3.061492392792359	8.211161745493033	1.1027248488982921	4.6287555147399315	0.15281724098498545	0.5243456656511379	206.34240738606346	2.335569095514308	4.608439846267929	0.0501130656161453	4.321002434094254	0.0425349104838289	4.321002434094256	1.6416659054385718e-07	3.761326041740176e-07	False	False
41	4.32099980744636	0.02426649480215371	3.4436201248679152	7.503150516250492	1.0118474971671478	5.053041079197007	-0.04933667843710399	0.48113348490297875	35.65405905315274	0.17279074866294716	4.763182236021621	0.05741417487934951	4.335063882540312	0.029659373068138758	4.335063882540312	0.0140640750939518	0.005392878265985047	False	False
42	4.320988822603148	0.022328629804058968	4.397268199139928	7.55315820185558	1.056589989173717	4.24183059190156	-0.20754211081878404	0.5024085398521024	12.830376821693815	0.3598573952706593	4.6140068508211725	0.047551537150528844	4.303686195940145	0.023093153494154476	4.303686195940146	-0.017302626663003196	0.0007645236900955081	False	False
69	4.320996538537131	0.022224161053854698	4.1794867168853855	7.48658567313931	1.1391522320044283	2.9982845850546878	-0.05557375907485251	0.5416668863181057	21.03585147400054	1.6395349697315806	4.469336963100632	0.04586231088855516	4.321188462701172	0.02226948314091449	4.321188462701171	0.00019192416404045787	4.532208705979382e-05	False	False
76	4.320999837978081	0.023500371897905346	3.8190076052605093	7.549168633204921	1.1606106166952248	2.29171328523954	0.06730827597941531	0.5518703482385794	32.39878970288901	1.5401701111520303	4.405585099199851	0.03645475069643833	4.321660437281606	0.0235582738915767	4.321660437281608	0.0006605993035249114	5.7901993671352625e-05	False	False
77	4.320999206804138	0.037013610735627304	3.8319758404497666	7.317606203965103	1.1634599297313155	1.6317292904294893	-0.08088786693924514	0.5532251965872405	147.23762035926222	4.544540759376978	4.303267869480194	0.06678812075479865	4.320999206119026	0.03701361065364843	4.320999206119027	-6.851115230688265e-10	-8.197887507721546e-11	False	False
79	4.321006429078754	0.04049497348553985	3.8428557111028865	7.04443733491967	1.0362069674724554	1.8304703474532231	-0.28985919645415553	0.49271641303315256	144.76926005370825	0.9832355324710415	4.407054142583654	0.08343933172940904	4.32100642918658	0.04049497347624502	4.321006429186582	1.078257483300149e-10	-9.294828795525234e-12	False	False
82	4.321001706304541	0.036465141337174024	4.257251933341032	7.143921830786196	1.0635534887896032	0.8866408209678138	-0.17645263396345393	0.5057196839194563	193.54038144036156	1.3368886555651358	4.231047182684464	0.04665401271491129	4.321001706384938	0.03646514132344284	4.321001706384939	8.039702237283564e-11	-1.3731182857412705e-11	False	False
84	4.321000575405393	0.04819007920951071	3.763942288984725	6.618266114412239	0.914694685928072	0.22209394288661366	-0.3193551300138051	0.43493732315879824	340.71550667903546	1.7604362673224612	4.113800649010659	0.051259026508785895	4.320980189647869	0.04572432798177246	4.320980189647869	-2.038575752472127e-05	-0.002465751227738254	False	False
89	4.321008666337631	0.04598331642051719	2.836903295218823	6.2902562211984625	1.0947336272187844	0.3714167786693493	0.09275885566802988	0.520545839742532	188.32029738002575	0.5527200661208217	4.165312949550661	0.07373517368846104	4.321845731713334	0.02233612932916809	4.321845731713335	0.0008370653757028279	-0.0236471870913491	False	False
89	4.3210018637094265	0.04737726854326228	3.2407648976444876	6.645140154396349	1.1565887050139372	0.6994278544380874	0.029376026401359237	0.5499579292341271	202.74679728163477	1.076606186918326	4.262430015054565	0.1464899637801231	4.321001935453732	0.04737728172092977	4.321001935453734	7.174430560752398e-08	1.3177667484987055e-08	False	False
92	4.321007841763653	0.0424657971465756	3.309661674579373	7.3244914126520655	1.131782745240363	0.6328793680319893	0.023056942351085546	0.5381626953617926	175.43377297026174	0.8652850517119014	4.22744413193928	0.04805653523687848	4.321007839769974	0.04246579718469084	4.321007839769974	-1.9936789996677362e-09	3.811524013075385e-11	False	False
93	4.321014712001408	0.047344607087954585	2.9894283558807278	6.583810402762637	1.118636375468463	0.8309187786065355	-0.07869383930630267	0.5319115965352541	49.519822389032086	0.2822707483890592	4.214809420437235	0.0595445442457431	4.321587970758004	0.01496307627594366	4.321587970758004	0.0005732587565958625	-0.03238153081201092	False	False
96	4.321014792974515	0.05036219384099369	2.4858044543351276	6.09180101918755	1.1553575535454517	0.04028241842524735	-0.18384817653719931	0.5493725167108623	72.10943237385615	1.456173081707727	4.210162204161883	0.08810425656553679	4.321014087516862	0.05042016585764732	4.321014087516862	-7.054576531828616e-07	5.797201665362628e-05	False	False
97	4.321009477233281	0.05247123823139671	2.109764893023834	6.791106647157404	1.0958798216716625	0.7022599115934116	-0.313591528440912	0.5210908552048755	94.4653278111763	1.3100273390229245	4.331301542342359	0.11066290875310948	4.321009445442909	0.05247121992150181	4.32100944544291	-3.179037211253899e-08	-1.830989489887136e-08	False	False
98	4.321004591825045	0.05516970486243118	2.701094828003782	6.732167932486366	1.0651100968121308	0.9585812092804962	-0.30594653740396455	0.5064598510341681	88.00150415061846	0.9315746442601865	4.381327816406345	0.1471515789339291	4.3210045410383335	0.05516972414886823	4.321004541038335	-5.0786711724981615e-08	1.9286437044629956e-08	False	False
100	4.321014447360921	0.05934174999797331	2.4645039942858924	6.846719691090626	1.1328842777411037	0.716136900970614	-0.2474634325221248	0.5386864740658948	15.030157770816428	0.17079432807297987	4.32062881030671	0.12659935192164237	4.321014449912462	0.059341750295883254	4.321014449912463	2.5515412005461258e-09	2.979099467115276e-10	False	False
102	4.321006539504064	0.056510857295489304	2.2840141196986257	7.5533650050237435	1.0038134835207837	0.784267054140102	-0.45845354584448966	0.47731331141413263	93.43551406234268	6.216535813334135	4.321247014244402	0.06089758198198751	4.3370243989431305	0.05643745129195443	4.33702439894313	0.016017859439066306	-7.340600353487187e-05	False	False
107	4.321010359160541	0.0451476909734042	2.122627676435559	7.416751989567882	1.0042360564864954	1.4129057395057611	-0.20781952670008708	0.47751424485932853	91.90965460982437	0.9836693845179659	4.390770945583902	0.05718928847609428	4.318687094297729	0.047241962988001686	4.318687094297731	-0.002323264862811314	0.002094272014597484	False	False
109	4.321004875552283	0.03443420804051681	1.8822837659959188	7.079180207362838	1.0991037666995036	2.4699306329129893	-0.33550902021045026	0.522623841065614	125.65866584725302	1.3671976723305101	4.607837354222706	0.11737789805049945	4.320556469854415	0.027139850879904007	4.320556469854416	-0.0004484056978686368	-0.007294357160612806	False	False
119	4.321012526091462	0.04426818641123799	0.81190240514882	7.592575784010785	0.9569130580514723	1.8968464510652026	-0.4511781685364875	0.4550121591034751	104.75704024961395	0.8336634767151955	4.487114058750529	0.052802512026229716	4.315127783428441	0.0444289496830227	4.315127783428442	-0.005884742663020859	0.00016076327178471406	False	False
127	4.321013278110966	0.03650953048927065	1.3106822595722358	7.863553563938131	0.9716273166940639	1.8858074664817943	-0.34915945646143465	0.46200878908802734	63.73977498574328	0.6084533777764705	4.45900469770864	0.03987981114050157	4.321013279179143	0.036509530506956066	4.321013279179144	1.0681766582365526e-09	1.7685415631962798e-11	False	False
128	4.32099070296378	0.0369926882677339	2.373249571783094	8.121175547561835	1.078391312136036	2.3991334671172164	-0.18737302812039802	0.5127750689206851	80.79195957950243	1.2675281580076683	4.455583915385568	0.04072248402748409	4.320990703109921	0.0369926882859197	4.32099070310992	1.461408771774586e-10	1.818580008805526e-11	False	False
129	4.320995406391227	0.03326092937499165	3.0377638670520173	7.629254568411854	1.0348922608842002	1.261741191404146	-0.12441574942868153	0.4920912700504372	140.309762894923	1.736679783795227	4.321350881120335	0.03327105239396989	4.281876325010652	0.029905597785650887	4.281876325010653	-0.039119081380575516	-0.0033553315893407633	False	False
131	4.320997300560925	0.030374414899767187	3.055170731467374	6.647782383972951	1.0532573877064195	1.93051147480538	-0.07246896908745148	0.5008238878544025	80.07211965368036	0.5706810274752285	4.389463516900487	0.07199001745457273	4.319966600050932	0.009420255107024196	4.3199666000509325	-0.0010307005099932098	-0.02095415979274299	False	False
132	4.3209888833327685	0.03520877298849948	3.0149508998204735	8.095484665740644	1.1189984889114657	3.319802707478347	-0.053055884474661086	0.5320837814774019	56.10107966615256	0.7006318792208216	4.515426385516525	0.042271629291090344	4.320988883680497	0.035208773073210894	4.3209888836804975	3.4772806856153693e-10	8.471141149657413e-11	False	False
138	4.320991897926411	0.04025651342185074	2.165265104158635	8.165384191079484	1.12436538311952	2.779103561250161	-0.004535007705615268	0.5346357396733317	97.7900333962753	1.7431043034858904	4.481706986620878	0.045413806870520816	4.320991895933729	0.04025651273100713	4.32099189593373	-1.992681575302413e-09	-6.908436114838601e-10	False	False
143	4.320982791426726	0.03203150784513986	2.9713268457273574	8.125832041195498	1.130634215510093	2.5217141664047964	0.055979284270222515	0.5376165694750492	16.887503395940254	0.17269145749758458	4.455066498680283	0.035793650688632	4.320982791366162	0.03203150785524188	4.320982791366162	-6.056399826093184e-11	1.0102016445578954e-11	False	False
150	4.320976694054448	0.03005329378836484	2.320773341025369	8.015794684267949	1.0876728022489928	2.450440727801027	0.10563355701333096	0.517188417469396	3.339033279728035	0.19772213816583076	4.469039803730721	0.03348834266324856	4.320976694213226	0.030053293818751367	4.320976694213227	1.587787679113717e-10	3.038652662823438e-11	False	False
157	4.32099414041438	0.03605749072167244	2.187316403892617	7.732541192181479	1.0404196619594757	2.3903786896067754	-0.04906232284866696	0.4947195492617307	103.26382569739792	30.926264294619063	4.479414915288499	0.043328813834921466	4.319476826141306	0.03608687558258109	4.319476826141307	-0.0015173142730739997	2.938486090865028e-05	False	False
164	4.3210137217721325	0.029158744747756954	1.698936029720828	7.705610608201222	0.9512525715525276	2.3809688869708334	-0.3050946190245784	0.45232059777322686	26.785853585564066	0.25939241941371366	4.510747169302773	0.033589440924714976	4.321013719178202	0.02915874472753973	4.321013719178204	-2.593930403804734e-09	-2.0217223728469236e-11	False	False
166	4.321003348064796	0.03644194608341624	2.2419174605597303	8.037644305433275	1.0553471970394046	2.238072845427115	-0.11018714518217883	0.5018175921922369	121.11999128490453	4.521789492278147	4.458272508251915	0.039882265091161495	4.321003348557598	0.036441946427682836	4.321003348557599	4.928022434569357e-10	3.442665943986789e-10	False	False
169	4.3210063414452975	0.023141178290210188	2.513822082262139	7.946359357553765	0.9734319899377513	3.226707759306767	-0.15477465125769052	0.4628669112154007	21.277672377104317	0.1756743222269056	4.541134088209329	0.025970703711026995	4.321006355257946	0.023141178312651098	4.321006355257947	1.381264880251365e-08	2.2440910241172674e-11	False	False
172	4.321018493311198	0.02247175708731481	2.6726431018296144	7.786122582170805	1.0072857573082872	3.0084835827700527	-0.1685545314126973	0.47896437760009053	3.0143485016824623	0.14166721097397994	4.541372879342564	0.027118819542218734	4.323007506302731	0.022478720854667754	4.323007506302733	0.001989012991533201	6.963767352943795e-06	False	False
175	4.321018591496521	0.018675240041627145	3.6135329962022618	7.2441387440665865	1.1051067462766753	2.565613215422033	-0.1568729642632884	0.525478257854559	1.3317279969850149	0.44179629403889736	4.4721808870433675	0.06816994926669495	4.324665851440551	0.027160386907294796	4.324665851440551	0.0036472599440307008	0.008485146865667651	False	False
178	4.321001773595531	0.018043900238684213	3.5059098807963602	7.399197442245912	1.0665454763511104	2.668460920439968	-0.17713261028294852	0.507142374004953	9.593967209691998	7.20414921921924	4.472736687939353	0.029721082608723838	4.3171247395542585	0.01707025758957158	4.3171247395542585	-0.003877034041272154	-0.000973642649112632	False	False
182	4.3209896510099925	0.02018224321843977	3.623643651454788	7.552732461102444	0.9901164712082106	1.2171608772669875	-0.24976259668585318	0.4708003820595041	11.61067142091969	1.2102054517332914	4.355917188422512	0.02222817167903821	4.320961729621095	0.02018400581562214	4.320961729621096	-2.792138889784468e-05	1.7625971823719e-06	False	False
183	4.320994772680551	0.014344948891124285	3.173367468166497	7.414153256845849	1.0532964723193172	2.5844789089447966	-0.29706165067511586	0.5008424725878353	5.027090890479976	0.432971592101241	4.380764913926524	0.014346970498611398	4.229864581261906	0.008167197601361793	4.229864581261905	-0.09113019141864509	-0.006177751289762492	False	False
184	4.321006820712769	0.023480951917568653	3.1116044269173213	7.855420055550809	1.128260747441432	2.6687111551982463	-0.07775912711272633	0.5364879854084008	21.648527233669355	4.306372752214631	4.449309620250617	0.030502078589669225	4.320225636355033	0.02368589454042239	4.320225636355034	-0.0007811843577361088	0.00020494262285373696	False	False
185	4.321012546545292	0.03351435543084268	3.0070093933709927	7.5963897783684615	1.0362069674724554	1.8304703474532231	-0.28985919645415553	0.49271641303315256	53.381115659618466	2.4658081856301197	4.399467491717451	0.03353587983796167	4.319320695797672	0.02753391630120909	4.319320695797674	-0.0016918507476200162	-0.005980439129633586	False	False
186	4.321012716882316	0.039824183232178526	2.1967647160217743	6.723654383512488	1.0167514153430706	1.5028789581995448	-0.2735974958207789	0.48346529799563004	73.25759887860941	1.3723504646424434	4.412508855919536	0.055479747894334776	4.321624952270982	0.016432852146567836	4.321624952270983	0.0006122353886661713	-0.02339133108561069	False	False
190	4.321007861138278	0.05438599545425879	2.5335283079777278	7.218662810851046	1.0362069674724554	1.8304703474532231	-0.28985919645415553	0.49271641303315256	58.64246654472943	0.8004967053575178	4.473820472086322	0.0905309136116926	4.310663407614752	0.054906910665162165	4.310663407614752	-0.010344453523526198	0.0005209152109033749	False	False
191	4.321020274022384	0.049591546059198	2.952910525199585	7.448322023041191	1.0257428690050625	0.40749838749258804	-0.16749521687178787	0.4877407342119072	10.638764408728306	0.18141741020756022	4.3198356735769305	0.05319425459852587	4.385405266149594	0.052084172424133046	4.385405266149595	0.06438499212721016	0.0024926263649350452	False	False
192	4.321020269768376	0.05288395506727713	3.1104414987340316	7.572520272953455	1.0080479852900697	1.1816339249457597	-0.3109378194897674	0.4793268170054281	11.82519543500154	1.1115196258411226	4.321164916943397	0.05289044114779542	4.293472323165444	0.04752897845611974	4.293472323165445	-0.02754794660293225	-0.005354976611157393	False	False
193	4.32100670338011	0.04549269082230796	3.319761128694759	7.920935978249227	1.1245624207370783	0.8119218547298219	0.0023887124761921563	0.5347294310604808	159.28203196538823	13.46971666057437	4.304005865751337	0.047073858497031044	4.321176186138908	0.045497203545152846	4.321176186138908	0.00016948275879791197	4.512722844886297e-06	False	False
197	4.320999553454861	0.04500469997630132	3.334870220273274	8.015040185004226	1.096497964498093	1.8681944448681584	-0.06888867020378067	0.5213847821188432	144.48878607650687	0.9071254572386677	4.404635367541281	0.0491668073576362	4.320999553837952	0.04500470005504318	4.320999553837951	3.830908923418974e-10	7.874186025436103e-11	False	False
198	4.321008431219428	0.03273154254643752	3.1642253087928576	7.986044320180617	1.0544828802789141	1.9226544760097433	-0.045384052366447686	0.5014066095726236	68.77063462734814	0.47595828364793696	4.426993851976965	0.035390465657026325	4.321008431348714	0.03273154276519059	4.321008431348715	1.2928591530680933e-10	2.1875306427387997e-10	False	False
203	4.3209984317594	0.01995959017212225	2.635175862185853	8.13563685080711	1.1369896344421198	2.2807415234081643	-0.1925307672654983	0.5406385711772279	15.111898866491595	0.2197434842411941	4.398374900757741	0.022564170549806046	4.320998431592729	0.01995959009710038	4.320998431592729	-1.66671121348827e-10	-7.502187066021904e-11	False	False
205	4.320981796347018	0.044127867841099726	2.0163847042130927	7.996009413615868	1.013370346888919	3.1152797352256387	-0.3825257599628222	0.48185759994568095	25.499095858083056	1.6873522039393432	4.539659131460528	0.044138567054019195	4.3210483160635365	0.038293716210352775	4.3210483160635365	6.651971651816524e-05	-0.00583415163074695	False	False
206	4.320987118487828	0.04122493007584796	2.617061315241984	8.42511914419029	1.1898736866160975	2.9710673825433895	-0.057568131880830375	0.5657849379859543	52.45433423128505	2.0571056528130724	4.446600426914529	0.04603271499177249	4.320987170767501	0.04122560208035383	4.320987170767501	5.227967303511605e-08	6.720045058680735e-07	False	False
214	4.320987152646615	0.047415431661379785	2.802059181878899	7.968119984529885	1.0386603680587818	1.7137297439794548	-0.25568987720718994	0.4938830050119507	55.87501202861128	1.0652124909686882	4.405831492259261	0.04932794146421721	4.320972567230338	0.04581272571220888	4.320972567230339	-1.4585416277412833e-05	-0.0016027059491709045	False	False
215	4.320989503720724	0.04205992240390834	3.004347050166237	7.940495934987679	1.1155135214094336	1.5171915368495	0.0060925499869730615	0.5304266794301856	112.69792638114927	2.016964691183267	4.320989503720724	0.04205992240390834	4.266871379071772	0.038464780282424914	4.266871379071773	-0.05411812464895149	-0.003595142121483423	False	False
218	4.3210014526640945	0.05248438872767612	2.357940765480386	7.7099201816431195	1.0841456974889656	2.05738150216259	0.011662894212780855	0.5155112791560031	111.00623137666703	0.9849891203964051	4.366574421799404	0.052495330053873204	4.244262291399855	0.04263649943511407	4.244262291399855	-0.07673916126423919	-0.00984788929256205	False	False
220	4.321006466588924	0.05143410080653162	1.8495163862894608	8.075053252410722	1.150112069164917	1.4478889006824458	0.031113946961410538	0.546878288887918	84.68992834564334	0.762929497698854	4.374657754622004	0.05556149964053399	4.321004880729462	0.05158875845550927	4.321004880729463	-1.5858594615281163e-06	0.00015465764897764495	False	False
221	4.32100773419287	0.044057152485798994	1.5699564122469591	8.11141857703652	1.1279946589703682	0.6494808782931657	0.01591348118231095	0.5363614603404101	169.30054307577134	1.9990634823164375	4.320621059591317	0.045108255047028915	4.321007734701668	0.044057152714682316	4.321007734701668	5.087983367957349e-10	2.2888332201764783e-10	False	False
223	4.32101484913405	0.041226764995873494	1.402876650415891	8.195841980075988	1.1863857767816346	0.3208622753582907	0.058275457105689266	0.5641264368596672	86.8379170222597	0.5129216684402184	4.296133491709413	0.04130405582996866	4.3210094855474805	0.040876183578355124	4.321009485547481	-5.36358656955116e-06	-0.0003505814175183697	False	False
227	4.321016296324691	0.05241060495098191	1.1282974964208097	8.125919374434394	1.1863857767816346	0.3208622753582907	0.058275457105689266	0.5641264368596672	34.03601748541533	0.3919488013132635	4.310520441126973	0.0525245288576022	4.330326885115427	0.05165895489321625	4.3303268851154275	0.00931058879073543	-0.0007516500577656599	False	False
251	4.321010342685473	0.04363954597672949	1.1707907626642517	8.359028700092907	1.181421635478745	1.0557222281396168	-0.03503616361525658	0.5617659876701432	101.74165502554261	2.9892350087415376	4.346705968337638	0.04529872792889213	4.321010342625317	0.0436395460667618	4.321010342625317	-6.015632436628948e-11	9.003230799775608e-11	False	False
252	4.321005728099886	0.04393799872145954	1.2636263878313114	8.052026545974458	1.0477043027911765	2.1682758870122214	-0.08041426307768296	0.4981833959772044	117.11930308284344	1.1511440722429787	4.465286799899494	0.0479219177628833	4.321005727963961	0.04393799870765173	4.3210057279639615	-1.3592504899406777e-10	-1.3807809062793552e-11	False	False
251	4.321010321179748	0.04407968945171402	1.3576670696092903	8.288535200096476	1.1335659751745035	2.3606728272277504	-0.04323098506776596	0.5390106211954764	74.345173708074	0.6347815582157836	4.450891916137298	0.047929242397558414	4.320135068574734	0.04407877515074927	4.320135068574734	-0.0008752526050139764	-9.143009647508138e-07	False	False
255	4.321009729658688	0.02697146038766184	1.3551675970506918	7.980994905135003	1.0919413373369626	1.3218338587696052	0.10862304901182696	0.5192181059037257	41.38208031545601	0.5566209378694592	4.386538067618918	0.028946119108088517	4.32101524644637	0.027147775278824043	4.321015246446372	5.516787681791868e-06	0.0001763148911622034	False	False
260	4.320997419257481	0.04455004401496396	1.372345690811329	7.851166152483922	1.19258377490897	0.6293450182787851	0.0789594922625057	0.5670735849692152	233.4947325748295	5.642411662122756	4.312566581963847	0.044548206003256326	4.331956297029362	0.041761013599838186	4.331956297029363	0.010958877771880537	-0.002789030415125772	False	False
263	4.320982124185158	0.04489088762449883	1.7694087145932647	8.515758470797747	1.1589254699762195	0.5533425165708039	-0.07460503231341684	0.5510690609736923	35.22581156701292	0.1508634099731731	4.308970248021076	0.045252660108686255	4.320976160141172	0.044887510744998284	4.320976160141173	-5.9640439857844285e-06	-3.3768795005481578e-06	False	False
265	4.320993066094423	0.038481427681325994	2.0950288320576114	8.369740924272994	1.1949195978295752	1.2176603683464915	-0.01134286613643476	0.568184268767963	135.4013767041666	3.8438114178457345	4.3335417210037415	0.03411283747557683	4.321016728272347	0.032906811380232937	4.3210167282723475	2.366217792371117e-05	-0.005574616301093058	False	False
271	4.321008248339759	0.034609116944023445	2.1145614271862367	8.133375563305629	1.0955966518416687	0.7436329635787642	-0.16286966594528585	0.5209562079507134	124.91606066129768	0.9225612301876523	4.316807958937393	0.035347712676610105	4.321008248254305	0.034609116920242516	4.321008248254305	-8.545431029460815e-11	-2.3780928615213526e-11	False	False
282	4.3209943526347505	0.03432059771869169	1.7427614874574384	8.11303386919099	1.1558457412604763	1.5900178188024272	-0.017232902553516737	0.5496046499693564	107.37985891800025	0.8596161162106627	4.379788181816902	0.03727294526799411	4.3209943525859185	0.03432059771884199	4.3209943525859185	-4.8832049515112885e-11	1.5029644195863057e-13	False	False
288	4.32099286793271	0.05066263793891822	1.2205491330049243	7.541787586457568	1.194779134118947	0.9511104335779181	0.3860841175976424	0.5681174782735593	258.88837256795085	2.410958397381103	4.347026511814889	0.060836057473450056	4.32099286543006	0.05066263792668067	4.32099286543006	-2.5026505312553127e-09	-1.223754431123325e-11	False	False
309	4.320991613309862	0.04328867793784946	0.9236049591511117	7.960445721431257	1.1596212352609938	0.7272250047041805	0.07179728309970085	0.5513998973666026	164.21088048402177	0.6342922196744123	4.340126152205994	0.04330046174048699	4.320970813522533	0.04093247373270379	4.320970813522534	-2.0799787328940056e-05	-0.002356204205145672	False	False
311	4.320980962370683	0.04942834701627386	1.2168075987652338	7.892983540576279	1.1558457412604763	1.5900178188024272	-0.017232902553516737	0.5496046499693564	13.585457435068289	0.08273177389357093	4.397833348837767	0.05775546093931476	4.320981962336933	0.049525788960719734	4.320981962336934	9.999662502480078e-07	9.74419444458724e-05	False	False
312	4.3209824203777805	0.037348967404047875	2.168050341371573	7.920880890160987	1.0743246846283643	2.5875816674406513	-0.1508298791598105	0.5108413875407872	20.65076015166594	1.5200636600104394	4.478816116909366	0.04340824754646872	4.320543209032949	0.03675771777231953	4.320543209032949	-0.0004392113448314916	-0.0005912496317283453	False	False
316	4.320988998110181	0.03619693141603306	2.19957785296837	7.370902224123008	1.1534934139118789	3.370487107353744	0.013246717120476252	0.5484861183150984	76.7074287772414	3.7145087257745937	4.635071727519057	0.1061601468940186	4.281456954865016	0.03209684727884289	4.281456954865017	-0.03953204324516513	-0.004100084137190166	False	False
320	4.320993641437684	0.039017777978558765	1.757339480784378	7.2156331421478015	1.0424417931117145	3.5800622710551573	-0.034737062467679866	0.4956810726246202	145.30863299704907	1.8943228226176863	4.598850773490529	0.0060297795458871956	4.255966873154006	0.0020870872131166485	4.255966873154008	-0.06502676828367804	-0.036930690765442115	False	False
324	4.320993803776025	0.03400842291747381	2.331832625235361	8.184189939866942	1.0017574884216054	4.023693259706127	-0.2403548306387649	0.4763356857444733	46.1921197375631	0.3178897136724228	4.539758250216011	0.0380442627903574	4.320993803412549	0.03400842263725171	4.404854958782542	-3.6347636012123985e-10	-2.8022209552780453e-10	False	False
327	4.320986798594462	0.03816941452330225	2.458872946568219	7.298478010927384	1.1058714627633446	2.5646140735953207	0.06310393314559265	0.5258418805439703	63.791929171545384	1.3810132449858163	4.538234553515415	0.09757546300192714	4.279185507851902	0.04725307161464173	4.279185507851903	-0.041801290742560226	0.00908365709133948	False	False
333	4.321005283941409	0.05142182619751286	1.9472077440694417	6.939224483539929	1.0898641288055857	1.801237385901772	0.02933496927123091	0.518230393247056	87.3756063614178	1.3696968800936027	4.43209338867856	0.05768817961510734	4.315008527054635	0.018912481320056723	4.315008527054634	-0.005996756886773369	-0.03250934487745613	False	False
335	4.321008963712403	0.04630279614564189	2.716596809402529	7.086931296408879	1.0207173325753784	2.5964036310828673	-0.08801551930816846	0.48535109163959245	77.78969464920544	0.8902907560656979	4.616666721206732	0.10471773071791726	4.32102149732768	0.046298230492874216	4.32102149732768	1.2533615277199317e-05	-4.565652767671291e-06	False	False
336	4.321004407185029	0.04583948287126067	2.769447846745239	7.322124351616474	1.1313093484523158	2.8303827739888696	0.0395166906993947	0.5379375951890761	122.83430331648644	1.5790562473655512	4.571600562279117	0.11066480490854252	4.321051245562071	0.04591300421415626	4.321051245562073	4.683837704178018e-05	7.352134289559387e-05	False	False
337	4.320989552938642	0.04008825635682564	2.120967842015221	8.0220503318689	1.1724208392647368	2.5020125818508823	0.07524933101929474	0.5574861090703823	82.67251060275964	0.6730409044593294	4.446394406395254	0.04012775521181273	4.320976426290688	0.033553623503708635	4.320976426290689	-1.3126647954386783e-05	-0.006534632853117006	False	False
338	4.321010441856192	0.042921483977335376	2.833355330438199	7.79083742231277	1.090314505155275	2.038522257595181	0.05830619945664206	0.5184445472013333	83.82270137767306	1.0139126145622945	4.429669074764469	0.050060224478351345	4.321013517694848	0.042921470529015085	4.3210135176948485	3.0758386557749873e-06	-1.3448320290709859e-08	False	False
344	4.32100148771454	0.0531907584593459	2.4007566824381943	8.222462351978184	1.0841456974889656	2.05738150216259	0.011662894212780855	0.5155112791560031	34.36983321592011	0.41003013087185985	4.419972662565945	0.05628377248121561	4.321001688405468	0.053190176250607776	4.413281281186505	2.0069092787622367e-07	-5.822087381229801e-07	False	False
349	4.3209920693691615	0.05519202726924795	1.9950291406951712	7.855315234668912	1.1269432792019847	2.0777858640089755	-0.11599290211089358	0.5358615292605436	39.02568531043331	1.1354633310340478	4.423824191376818	0.06797922099992378	4.323333077709706	0.0557946591546484	4.323333077709707	0.002341008340544626	0.0006026318854004536	False	False
353	4.321005635888923	0.056641880407201486	2.026059805976608	7.921115297442531	1.0420162298217535	2.2063254906768552	-0.20476934922633055	0.49547871728024373	40.22280098506759	1.030675071177142	4.462061920435257	0.06383372171653004	4.32103073952421	0.0566567931133707	4.321030739524211	2.510363528696047e-05	1.4912706169212253e-05	False	False
357	4.321000857200802	0.06016329441047094	1.116593769408253	7.292839377425935	1.0375810622513142	2.578516461185628	-0.12584589425381265	0.4933697951004999	24.86088785130904	0.6180794783669704	4.6160269255519415	0.10924081100504905	4.318706816030669	0.058145964670352775	4.31870681603067	-0.0022940411701322105	-0.0020173297401181664	False	False
362	4.3210106130444785	0.04911047244452335	2.1620226127471778	7.977543869309793	1.054455742132686	3.423434305687436	-0.10288796724165031	0.5013937053840921	53.47316373635954	2.1508951754329213	4.563526654233889	0.05890484216712902	4.321010614869827	0.049110473210394315	4.321010614869828	1.8253487610309094e-09	7.658709638702632e-10	False	False
363	4.321010009757057	0.042279211405771955	2.2532078797726616	8.087432865571714	1.0320840911851814	2.2423840392531593	-0.23746570669891992	0.49075598535855375	87.51582107186027	1.636630693918586	4.452182640113946	0.045636182271956226	4.321012477638137	0.042279224795715636	4.321012477638138	2.4678810799372286e-06	1.3389943681607619e-08	False	False
366	4.3210026862690585	0.05163000076733483	2.1302490672637022	7.763856899807291	1.054455742132686	3.423434305687436	-0.10288796724165031	0.5013937053840921	81.77357794515977	0.934386228040008	4.576247001706688	0.07143743813535548	4.318606842099658	0.05272767536541449	4.318606842099659	-0.0023958441694000854	0.001097674598079662	False	False
Iteration_step	Porb	eccentricity	Wdisk	logQ	primary_mass	age	feh	secondary_mass	posterior_probability	acceptance_ratio	inital_orbital_period	initial_eccentricity	current_orbital_period	current_eccentricity	current_spin	delta_e	delta_p	bad_solution_flag	gsl_flag	
1	4.321	0.0414	4.1	8.008008008008009	1.0167021828325085	4.3427981942174645	-0.14922773117426946	0.4834418879368578	150.1870182735656	0.0	4.633471231405434	0.0500850154545951	4.321000401636817	0.0415663260486923	4.321000401636817	4.016368171377849e-07	0.00016632604869230155	False	False
7	4.321003834167586	0.029771068525090615	4.276311152352246	7.978256577174423	0.9734319899377513	3.226707759306767	-0.15477465125769052	0.4628669112154007	52.003949031667325	0.3462612789671485	4.522819857212263	0.033074832480887696	4.3210040852805145	0.029751333395973235	4.356672932766057	2.5111292867308066e-07	-1.9735129117379874e-05	False	False
20	4.321000820203587	0.04707105295698273	4.198612597741397	7.984881807043577	1.074718095878413	2.9004304990186345	-0.11734113165437653	0.5110284545901854	119.89593281467705	2.305515928062839	4.493964763812987	0.05505861778853621	4.32100076656767	0.047071031732146836	4.321000766567672	-5.363591615292762e-08	-2.122483589578339e-08	False	False
29	4.321009778138948	0.05285891050807359	4.080791956473988	7.85754600893451	1.187244751579788	1.8272773991867062	-0.023975870592021796	0.5645348793761892	48.2349767216171	0.4023070306827991	4.321366247868063	0.06350718220452765	4.313311255351061	0.05241368456738937	4.313311255351063	-0.007698522787887185	-0.00044522594068422544	False	False
30	4.321005208716266	0.059479620961994245	3.726444549434352	7.1876130974118295	1.1724208392647368	2.5020125818508823	0.07524933101929474	0.5574861090703823	26.599914452669125	0.5514652698225113	4.542190729809153	0.15682812552772435	4.321539978491373	0.04588641569432283	4.321539978491373	0.0005347697751068026	-0.013593205267671417	False	False
32	4.321012731309335	0.049523252380021685	4.385253246291657	7.914160573509073	1.0318204700126177	3.4264401025511697	-0.17934682156458548	0.49063063349099967	39.29079131924712	1.4771021684734986	4.558997393979563	0.059838365116550205	4.321012731059792	0.04952325222353735	4.321012731059792	-2.495434969773669e-10	-1.56484332436424e-10	False	False
37	4.3210053475904555	0.03652208455928747	4.444231377285675	8.368787062572133	1.1463527837391136	3.3049381193187974	0.07516704528558321	0.5450907486679485	120.8394377016199	3.075515499796643	4.487308253926623	0.04018138165589398	4.321005347537071	0.036522084565327746	4.321005347537072	-5.338485209449573e-11	6.040279387775627e-12	False	False
40	4.321000091415909	0.0335163074056136	3.8463919724272677	7.812796578276414	1.0550664242183656	3.1700031020658104	-0.28238869454896576	0.5016840847158328	158.4829266349827	1.3115165847288461	4.440668003091134	0.03355226030473424	4.2436012987480485	0.025232400047898538	4.2436012987480485	-0.07739879266786076	-0.008283907357715063	False	False
44	4.3209969601406994	0.04366781047419765	3.766333814895994	8.021195561909666	1.0809174244001603	2.9573240085013452	-0.11035430141684473	0.5139762353022762	130.1287683576595	0.8210901396171943	4.497741691759715	0.0508859144699964	4.320996960435931	0.043667810112948985	4.320996960435931	2.9523139488674133e-10	-3.6124866292785995e-10	False	False
49	4.321005504135875	0.04763746972303477	3.5792151368584944	8.095671998714753	1.1043686084041286	2.9332820022147446	-0.12191439124442048	0.5251272732961632	97.03775288180469	0.7457056122678114	4.48327032456628	0.055175992016512125	4.32100594675944	0.047637651859091974	4.321005946759442	4.426235653554045e-07	1.8213605720157622e-07	False	False
53	4.3209988606966325	0.047355253027309724	4.0474844745776295	7.883511103711495	1.1872598010353774	2.156086478529459	-0.025247252722514046	0.564542035392322	125.6827510244019	1.2951943680877256	4.354959699834771	0.047355105719584	4.320261893154351	0.03777266593985021	4.320261893154353	-0.0007369675422816968	-0.009582587087459515	False	False
55	4.320994354479266	0.04329095534091948	3.5975296968333725	7.426440015043986	1.0300866422759014	2.5018943586472053	-0.22826421767303723	0.4898061984021911	161.10859448525886	1.2818671868025777	4.425112314356323	0.04227210276098834	4.263508603239037	0.027633940723906496	4.263508603239036	-0.05748575124022892	-0.015657014617012983	False	False
56	4.320994746117267	0.03606129982713853	3.8862045951944246	7.52799911547538	1.0740234686405277	2.1895576716233065	-0.2108654423700484	0.5106981593385709	114.74203834300131	0.7122030870519449	4.4081535175100415	0.03705202906595177	4.321641574664069	0.02653219382035134	4.321641574664069	0.0006468285468015367	-0.009529106006787188	False	False
58	4.320998895153013	0.03343441440463345	4.243689613910841	7.208186426001122	1.0174635064163504	1.774740838773506	-0.16603463530019683	0.4838038973009746	154.88550690983328	1.349858422828694	4.324144124410121	0.032178218062064896	4.250772561469824	0.021120786699033934	4.250772561469826	-0.07022633368318942	-0.012313627705599513	False	False
60	4.321007283613837	0.03462195587063566	3.7357222866372126	7.7572759515386425	1.040044735980576	1.3809360992202608	-0.10757344189404906	0.49454127195876385	100.72272906733939	0.6503044156737996	4.370735095611365	0.03807675123848483	4.32156078541124	0.03504565173933516	4.321560785411242	0.0005535017974027667	0.00042369586869950293	False	False
64	4.320997917197733	0.030592740630619238	3.8539150750000832	7.403483880866565	1.1213836475771184	1.6808340816287768	-0.11585172273939398	0.5332179244229198	88.83667133747532	0.9070113437151619	4.3211509704931546	0.03059416261345732	4.318707179524432	0.020670124573159712	4.3187071795244325	-0.0022907376733014573	-0.009922616057459525	False	False
63	4.32099824575702	0.030807864870329618	3.9046133737072486	8.099059473602416	1.1213836475771184	1.6808340816287768	-0.11585172273939398	0.5332179244229198	97.94438840598846	0.9724159513242197	4.351268719178485	0.030818430413116524	4.306562790163411	0.028711609160022744	4.306562790163412	-0.014435455593609703	-0.002096255710306874	False	False
65	4.321005411964495	0.037653874890046256	3.668466626158403	8.045988866777067	1.0796216695232062	2.435665287022318	-0.04751576666550181	0.5133601038582845	113.00619824206011	1.153779201455004	4.458705868269587	0.04179939015387013	4.321005411822801	0.037653874653941086	4.321005411822802	-1.4169376783002008e-10	-2.361051701371686e-10	False	False
66	4.321000284608408	0.03978476307891501	3.298632212539708	7.876763975514178	1.0664651021613987	1.9805993665552584	-0.06340986951998306	0.5071041560777451	148.88283827821874	1.3174749756585087	4.424768591835904	0.039792172477715174	4.321737587197636	0.03550906516840661	4.321737587197637	0.000737302589228328	-0.0042756979105084	False	False
67	4.3209896912614765	0.0448267333609776	3.4199822479376643	7.247438024236593	1.0841456974889656	2.05738150216259	0.011662894212780855	0.5155112791560031	88.6738534757216	0.5955948617127781	4.401519318498159	0.04844556364303187	4.294702408022373	0.027500952859766625	4.294702408022373	-0.026287283239103232	-0.017325780501210978	False	False
73	4.320998651270237	0.03756891114130469	3.332097864062436	7.106390370144148	1.0900575877833252	1.8637489259548543	0.007200086251107435	0.5183223829909711	146.99249681705905	1.657675752834005	4.4101392727265845	0.07679677428060784	4.320998650048707	0.03756891114230347	4.320998650048707	-1.221530432360396e-09	9.987843885284065e-13	False	False
78	4.321012509761438	0.034296119227755315	3.8191493049166554	7.490376977564686	1.0362069674724554	1.8304703474532231	-0.28985919645415553	0.49271641303315256	73.73346966407563	0.5016138324110607	4.324511950855832	0.03428630728552091	4.255173338302704	0.026333930989768013	4.255173338302704	-0.06583917145873386	-0.007962188237987302	False	False
94	4.321001407511609	0.03691184208088995	3.4843555744061763	6.705905873015001	1.1634599297313155	1.6317292904294893	-0.08088786693924514	0.5532251965872405	73.65582471318234	0.9989469510759899	4.321001407511609	0.03691184208088995	4.402246104620836	0.0033859149977213954	4.402246104620837	0.0812446971092271	-0.03352592708316855	False	False
97	4.321003871895925	0.04277971784456758	3.6863147706864097	5.862636765085021	1.1154287551204454	2.385905331531144	0.027771881488995176	0.5303863730597718	138.23818271034293	1.8768126383574677	4.323349890846613	0.0427721573319507	4.320995966680754	1.2642126707284623e-08	4.320995966680754	-7.90521517135545e-06	-0.04277970520244087	False	False
97	4.320994912767974	0.05058714643979457	3.321995312734427	5.5030332394647345	0.9882722740295347	2.9123603229650192	-0.19295648034382143	0.4699234663010437	96.56408212775935	0.6985340825124611	4.49002039880253	0.0457577550592499	4.290285136457153	1.1631562910505615e-08	4.290285136457154	-0.030709776310820835	-0.05058713480823166	False	False
103	4.32098543673191	0.03970408445326344	3.1511326768786088	5.397172002623585	1.0809174244001603	2.9573240085013452	-0.11035430141684473	0.5139762353022762	38.67073461928142	0.40046706567477136	4.463043820250762	0.028371863353372332	4.320996251122529	9.980404713667456e-09	4.32099625112253	1.081439061945133e-05	-0.03970407447285873	False	False
107	4.320988027622738	0.035358708693448995	3.559144094345768	5.607830980300728	1.1218831880363693	1.4776748178935608	-0.0025852341038076106	0.5334554559112936	60.92470391645574	1.5754731456815507	4.224332768584409	0.04168108176591895	4.320996782603347	9.99007606497256e-09	4.320996782603347	8.754980608927099e-06	-0.03535869870337293	False	False
110	4.320984078787724	0.04899269120395354	3.8598759483641696	5.440135237881875	1.164481872388067	3.0482530535690437	0.1372946450532563	0.5537111303205259	28.99948222343816	0.4759888905361658	4.351054813419407	0.04899870769599082	4.320706475493831	9.90611121369269e-09	4.3207064754938305	-0.0002776032938927031	-0.04899268129784232	False	False
111	4.3209810294310245	0.03969314859017053	3.1229429548926086	5.087583017904341	1.1792233159982894	3.357120627597795	0.06319040751915031	0.5607206867571866	17.93911916821178	0.6186013608792263	4.4502367021043865	0.03894180721999251	4.320988843656542	9.948414988744175e-09	4.320988843656543	7.814225517321916e-06	-0.03969313864175554	False	False
110	4.320981852198261	0.036687718588518506	2.716667950149027	5.683466606268922	1.0634730569050774	2.443356318234378	-0.2004524537969643	0.5056814385583643	18.5232189077795	1.0325601125724584	4.454225833314504	0.030273842130430943	4.320998630637545	1.1080498682634447e-08	4.320998630637546	1.6778439284159674e-05	-0.03668770750801982	False	False
113	4.3209751555702	0.04336612350775626	3.077535095475083	6.032320530862823	1.0395088074465253	2.812221584453037	-0.42202725990998646	0.4942864379408228	5.17679375265401	0.2794759257787439	4.505975008875423	0.042898708211308444	4.320973239626879	2.8127513275133317e-08	4.3209732396268805	-1.915943321328939e-06	-0.04336609538024298	False	False
120	4.320982543775356	0.0437773465377508	3.018943227191954	5.720646658782793	0.9852625390659444	2.018677156075241	-0.2746375546898234	0.46849233732585654	27.165987226795167	5.247647197238225	4.465045754394358	0.09213439181932906	4.320988934103279	4.531165231550533e-08	4.320988934103279	6.390327922822792e-06	-0.043777301226098485	False	False
122	4.320990769869271	0.048862816869404226	3.7673716836924784	5.52564715150981	0.9934976412313163	2.981475774876622	-0.1919025935812851	0.4724081284054909	66.42882552177807	2.4452939982337916	4.487426047265241	0.0565766354131447	4.321010114787398	1.1861833035802333e-08	4.3210101147873985	1.9344918126940058e-05	-0.04886280500757119	False	False
125	4.32099672224302	0.03281536104724424	3.9156058768415627	5.309443722160038	0.978816898166468	3.1208843753117166	-0.34654428786267755	0.46542743507815554	82.96419534289426	1.2489185935659095	4.677704145471928	0.14438585803649892	4.368391236242827	9.959536425255092e-09	4.368391236242828	0.047394513999806875	-0.03281535108770781	False	False
127	4.320991298197276	0.03212100645824576	3.8858151874753153	5.016855251587082	1.1211714374478357	1.6293633253555442	-0.1341889577227002	0.5331170185064458	67.79450852512515	0.8171538124961956	4.2218685105313165	0.03581860374363672	4.3207810416138805	9.94181490586399e-09	4.3207810416138805	-0.00021025658339546283	-0.032120996516430855	False	False
128	4.320992175259993	0.034207123863665846	2.6357855688190677	5.216139748720842	1.1269432792019847	2.0777858640089755	-0.11599290211089358	0.5358615292605436	79.91767777371261	1.1788222897743188	4.383406260850384	0.03263633609399987	4.320978460576369	9.991671690832919e-09	4.320978460576369	-1.3714683623433643e-05	-0.034207113871994155	False	False
129	4.320995564066627	0.037983049697895586	2.3243370229938174	5.2359333319527295	1.1174856814520715	2.4055499258714192	-0.01092429622804611	0.5313644415304599	123.83336583101917	1.5495115634072112	4.451361341646732	0.03764223930048371	4.320909434781427	9.885653929990841e-09	4.320909434781426	-8.612928519990959e-05	-0.03798303981224166	False	False
131	4.320995814872631	0.0408981019561162	2.020865135055077	5.075769291612205	1.0536068561106398	2.566987113710531	-0.017180008215217032	0.5009900600806092	131.05009138590137	1.0582777146244253	4.531142104674987	0.03989644550594229	4.320993810131325	9.974468028924444e-09	4.320993810131325	-2.004741305405844e-06	-0.04089809198164817	False	False
144	4.320987685262135	0.0431525794494118	2.1189005241791934	5.086302948443711	1.121828934905781	2.5647422126948407	0.03116767037337073	0.5334296585476989	63.07533481326916	0.48130706469736145	4.480403642849352	0.04225419219022844	4.31184982172559	9.992952449668019e-09	4.311849821725591	-0.009137863536544444	-0.04315256945645935	False	False
154	4.32097843470337	0.05396775254543656	2.6184688110763177	5.83153633280854	1.086931958021971	3.110759683614264	-0.07930949173754703	0.5168361460394472	3.8744109688021693	0.06142513520177319	4.536072524991142	0.04964164861078902	4.320887943185046	1.3501761210932926e-08	4.320887943185046	-9.049151832396518e-05	-0.05396773904367535	False	False
159	4.320981442127967	0.05107281327072607	1.7455457096040283	5.827853133667767	1.013089339392943	2.0255510126568463	0.022497593972519367	0.4817239808813444	12.402589324080155	3.2011548139702373	4.504044037239689	0.04423050360427571	4.320982383738706	3.4794244245623613e-07	4.3209823837387065	9.41610738713905e-07	-0.05107246532828361	False	False
160	4.320987985122959	0.05516949700827533	1.2874455864968297	5.94247771781232	1.1164574727471295	2.3378989875754694	-0.09324673773800186	0.5308755282912601	23.543744004789097	1.8982926378992422	4.550252223024438	0.04830591036043914	4.320511825131883	1.2565189463613549e-08	4.320511825131883	-0.00047615999107630813	-0.055169484443085864	False	False
163	4.320988219215257	0.051283041022030684	1.222966448332588	6.408151286773652	1.150112069164917	1.4478889006824458	0.031113946961410538	0.546878288887918	47.81739368476632	2.0310021071856563	4.436915695006548	0.056595133063805814	4.321196795506468	0.0009222718701167735	4.321196795506469	0.0002085762912109601	-0.05036076915191391	False	False
166	4.320983966093757	0.03896643461352632	1.0006689518163951	6.209267448552915	1.102299111568733	2.2729285195792404	-0.14042965789986692	0.5241432275509326	30.309850592868933	0.6338666384179164	4.56933897569682	0.03618662785293744	4.320982441009732	3.7064473122312738e-06	4.320982441009732	-1.5250840252889475e-06	-0.03896272816621409	False	False
168	4.32097601354201	0.04058149129935294	1.2253166344105784	6.505263944501365	0.973882315800142	3.2491814822221095	-0.306562386534046	0.4630810411629675	5.1965713024017095	0.1714482651928452	4.759941977872201	0.042840038141454644	4.321131380269137	0.0010966882816205916	4.3211313802691365	0.00015536672712723743	-0.03948480301773235	False	False
175	4.3209790112503015	0.044822908549328584	1.9442066950295138	6.050868518526137	1.0345805081465158	1.358805738299567	-0.07668956426467	0.49194303162366826	11.604180367764158	2.2330455395466298	4.389495578838956	0.04747849490719166	4.321025796084153	0.0001863389145961759	4.321025796084154	4.6784833851454266e-05	-0.044636569634732406	False	False
178	4.320984955415031	0.05134381606975882	0.9813635734991364	6.129367594634056	1.1241627508081857	0.07600875281724284	-0.17931684356010968	0.5345393880092922	60.50505724133679	5.214074180492477	4.3081930420983605	0.05831183631878491	4.320945242242059	0.02962076996695481	4.32094524224206	-3.971317297146726e-05	-0.021723046102804008	False	False
184	4.320987217456539	0.03694630516078433	1.1430614084720103	7.025144031550117	1.0851253898555895	0.2386811255392871	-0.15655713718866693	0.5159771228763328	112.29003174579486	1.8558784482742179	4.284673516950904	0.04368923649149626	4.32098721761012	0.036946305161899604	4.32098721761012	1.5358114779928655e-10	1.115274539387201e-12	False	False
185	4.321002127081777	0.030516581065026367	1.7967275910727818	6.529228143913802	1.19733925616718	0.1835370473534241	0.04084523225596981	0.569334816307494	193.88365490949258	1.7266328265754836	4.222869171676678	0.055411288883652966	4.3210021267156655	0.030516581058961458	4.321002126715666	-3.661115854924901e-10	-6.064908991687545e-12	False	False
186	4.320990670552101	0.036297306868569405	2.1972427011382214	6.158039547200206	1.1565887050139372	0.6994278544380874	0.029376026401359237	0.5499579292341271	128.49023049815455	0.6627182191203042	4.242904541092172	0.044077766284927655	4.321001366600885	0.0010538306380235925	4.321001366600886	1.0696048783565004e-05	-0.035243476230545814	False	False
188	4.320995714643919	0.03091721115363325	2.5760863421584883	5.676565845046809	1.124577944237435	0.1753965752168985	-0.1834834899014606	0.5347368124849003	184.95739056820054	1.4394665637311392	4.165353407157989	0.02737918054229784	4.3210935133692745	0.0010070059609697429	4.3210935133692745	9.779872535542466e-05	-0.029910205192663505	False	False
191	4.321001247715428	0.03561340863234355	3.3121562429645572	6.22370937013295	1.187244751579788	1.8272773991867062	-0.023975870592021796	0.5645348793761892	132.77549353844722	0.717870711359804	4.272365070020655	0.0442561313447547	4.321001173361469	2.3326194350344825e-06	4.32100117336147	-7.435395854571425e-08	-0.03561107601290852	False	False
192	4.321001770995847	0.047807654836239284	4.21380507149287	6.137054789936968	1.0634730569050774	2.443356318234378	-0.2004524537969643	0.5056814385583643	120.82314315943655	0.9099807497567337	4.336780041024867	0.04812602789337571	4.321005589933051	2.822983355801845e-06	4.321005589933053	3.818937204691508e-06	-0.047804831852883485	False	False
194	4.321014052849755	0.0548430230392905	4.0924878842084045	5.349979780528756	1.0694091942793866	2.4795142291373615	-0.22002399229717182	0.5085040718798484	18.90485517396906	0.15646716911695033	4.35109792351811	0.05512409357399672	4.320994083485283	9.9542949099259e-09	4.320994083485284	-1.996936447135056e-05	-0.05484301308499559	False	False
196	4.321020009539323	0.04165240102477334	4.173924503796513	5.5887704420728355	1.0017545980206015	2.683278449358057	-0.09392984120722973	0.476334311358796	17.109298058797773	0.9050213768554191	4.322485473917648	0.04402283880679777	4.2353334143590695	1.2049640444648382e-08	4.23533341435907	-0.08568659518025346	-0.0416523889751329	False	False
199	4.3210234420220495	0.027833932505427834	4.127427601260663	5.745475132822765	0.9951638710962205	4.0725135596635065	-0.3819046778969108	0.47320042070625284	2.785803583024517	0.16282395534000466	4.598207720579973	0.016153288171463564	4.32109958208749	1.6270911029492214e-08	4.32109958208749	7.61400654401001e-05	-0.027833916234516805	False	False
202	4.321012789575909	0.01480352247171871	4.265409662912814	6.257222792145965	0.9421029238733595	3.7590306650741225	-0.18850091002018185	0.4479699403017824	1.6080657919488126	0.5772358833004848	4.589687331791765	0.01897020320512414	4.321017557065243	5.47396206331908e-05	4.321017557065244	4.767489333978858e-06	-0.01474878285108552	False	False
206	4.321010140702139	0.016940290591523865	4.126845842037393	6.272138198727501	1.0435915970606557	3.6986161638737634	-0.3044481604073873	0.49622780440234177	4.510317440974744	2.8048090218427553	4.517134225672409	0.02539816160806642	4.321009481495388	3.8988412685641546e-07	4.321009481495388	-6.592067514077371e-07	-0.01693990070739701	False	False
208	4.320998164920561	0.01804211492916013	3.9743893115926787	6.326172785099486	1.0020089662677782	4.6047675308118565	-0.3021024126906932	0.4764552634603285	11.025322062102566	2.4444669818450375	4.676926067629395	0.016566494854877635	4.320999738625571	8.43319886406346e-07	4.320999738625572	1.5737050098607597e-06	-0.018041271609273723	False	False
210	4.321000685489085	0.016376754239478198	4.439061232890266	5.930938673016654	1.0301805010975231	3.552217657142788	-0.035258451917128314	0.4898508282718722	6.355087119722144	0.576408297546839	4.440404493138381	0.015129586499850892	4.32099953353986	1.930122493582224e-08	4.32099953353986	-1.151949224897919e-06	-0.016376734938253264	False	False
