Step	Time_elapsed
1	0.0
2	0.0
3	1582678366.8379824
4	791.3717942237854
5	844.5503697395325
6	844.5503697395325
7	1086.6052687168121
8	1110.4952952861786
9	912.1295900344849
10	747.8389048576355
11	747.8389048576355
12	781.3528361320496
13	519.5265047550201
14	519.5265047550201
15	1588.978831768036
16	664.8921077251434
17	895.1286351680756
18	1049.2502541542053
19	1512.260837316513
20	466.7496771812439
21	869.4877681732178
22	869.4877681732178
23	869.4877681732178
24	869.4877681732178
25	1703.6683366298676
26	735.9828824996948
27	735.9828824996948
28	779.0348637104034
29	715.0674362182617
30	1144.6798462867737
31	795.0891301631927
32	566.1933746337891
33	566.1933746337891
34	88.16597127914429
35	2740.515832424164
36	2216.9255759716034
37	453.3786759376526
38	625.2186064720154
39	711.7790949344635
40	797.3491282463074
41	639.4302320480347
42	513.8463687896729
43	660.7431511878967
44	527.0502572059631
45	527.0502572059631
46	1126.7018539905548
47	1412.7868332862854
48	716.3363046646118
49	816.2515790462494
50	620.5452525615692
51	1306.6021029949188
52	695.8456561565399
53	883.407009601593
54	768.6785600185394
55	535.6697900295258
56	695.784990310669
57	759.7234926223755
58	1256.4890937805176
59	1256.4890937805176
60	1113.9787542819977
61	1562.4888155460358
62	1191.9790816307068
63	982.2517900466919
64	1077.0180118083954
65	1638.4609529972076
66	1638.4609529972076
67	1638.4609529972076
68	1638.4609529972076
69	1356.765783548355
70	1356.765783548355
71	1356.765783548355
72	2302.3057293891907
73	2302.3057293891907
74	929.5002076625824
75	942.4576685428619
76	1313.752207994461
77	1313.752207994461
78	17559.821417331696
79	17559.821417331696
80	924.2569041252136
81	924.2569041252136
82	924.2569041252136
83	1574.1419847011566
84	1574.1419847011566
85	1574.1419847011566
86	1574.1419847011566
87	1953.5377581119537
88	816.8940241336823
89	816.8940241336823
90	816.8940241336823
91	1760.2738757133484
92	1760.2738757133484
93	3404.6738703250885
94	3404.6738703250885
95	3404.6738703250885
96	1356.9318091869354
97	1266.2072522640228
98	1266.2072522640228
99	1478.4399712085724
100	2788.441207885742
101	1367.373598575592
102	1367.373598575592
103	0.0
104	1583052991.7009299
105	1695.0833957195282
106	1695.0833957195282
107	1695.0833957195282
108	2870.942082643509
109	643.7042200565338
110	27677.03737783432
111	2377.3293421268463
112	2377.3293421268463
113	2377.3293421268463
114	2441.6618592739105
115	2441.6618592739105
116	2441.6618592739105
117	2441.6618592739105
118	4815.365845918655
119	4815.365845918655
120	4815.365845918655
121	2206.6657280921936
122	833.4723491668701
123	1098.971161365509
124	1583454351.4095953
125	1583454351.4095953
126	1583454351.4095953
127	3275.7553606033325
128	13604.513793706894
129	1391.1722462177277
130	1391.1722462177277
131	1391.1722462177277
132	1557.0240483283997
133	1557.0240483283997
134	872.9025378227234
135	1027.066350221634
136	3420.5022151470184
137	3420.5022151470184
138	1636.2552242279053
139	1636.2552242279053
140	1636.2552242279053
141	4755.163531303406
142	4755.163531303406
143	4755.163531303406
144	4755.163531303406
145	4755.163531303406
146	4825.074955940247
147	3995.2802164554596
148	438.55733919143677
149	438.55733919143677
150	438.55733919143677
151	438.55733919143677
152	438.55733919143677
153	3688.2025887966156
154	3688.2025887966156
155	3508.393182992935
156	2490.7220602035522
157	2490.7220602035522
158	7853.698717832565
159	266.19723892211914
160	750.8022911548615
161	992.5810046195984
162	614.3379337787628
163	614.3379337787628
164	928.0865423679352
165	928.0865423679352
166	666.0285904407501
167	609.1403217315674
168	635.6052541732788
169	418.2800395488739
170	4019.297472000122
171	9445.632037639618
172	4740.87015414238
173	4740.87015414238
174	4740.87015414238
175	1940.1495563983917
176	1940.1495563983917
177	783.5541090965271
178	2802.894517183304
179	2500.8723468780518
180	1564.2895154953003
181	1524.9335339069366
182	2609.9082868099213
183	15708.886505365372
184	368.813467502594
185	112.92327165603638
186	256.89854192733765
187	11674.740931510925
188	5781.461271524429
189	5781.461271524429
190	2758.7221500873566
191	8483.713946580887
192	3192.1128442287445
193	182.5635485649109
194	15703.752159357071
195	255.26492357254028
196	205.2314898967743
197	0.0
198	1584048045.0944366
199	518.1164448261261
200	1187.204810142517
201	1294.5741322040558
202	146.6123809814453
203	2529.4954414367676
204	2406.820125102997
205	17399.646693468094
206	10048.380511045456
207	6303.440310716629
208	39.820353746414185
209	2651.799397468567
210	9006.694113492966
211	126.42222857475281
212	5711.709924697876
213	935.4735436439514
214	99.56961965560913
215	415.16691040992737
216	326.4956786632538
217	82.10503482818604
218	20052.88548374176
219	10519.251654863358
220	10519.251654863358
221	312.4512915611267
222	472.5130660533905
223	699.61430311203
224	346.24159932136536
225	204.63226914405823
226	204.63226914405823
227	204.63226914405823
228	1154.2464787960052
229	277.7994565963745
230	548.1043016910553
231	373.01958870887756
232	1400.1782140731812
233	341.4353291988373
234	108.53114771842957
235	137.20004749298096
236	137.20004749298096
237	351.63083505630493
238	341.99788188934326
239	113.31119084358215
240	37.419403076171875
241	379.58556151390076
242	379.58556151390076
243	6451.6887402534485
244	134.78952074050903
245	266.7559299468994
246	266.7559299468994
247	272.4541289806366
248	1085.7078516483307
249	1085.7078516483307
250	1085.7078516483307
251	1065.8315694332123
252	2965.887697458267
253	1046.768034696579
254	581.534805059433
255	5642.594339132309
256	12702.812331676483
257	830.3050146102905
258	376.58768248558044
259	391.83028078079224
260	5737.911398649216
261	4409.017482042313
262	708.841385602951
263	1507.6547706127167
264	705.3008255958557
265	559.9684116840363
266	559.9684116840363
267	1452.8925552368164
268	17763.97703385353
269	17763.97703385353
270	17763.97703385353
271	17763.97703385353
272	1356.807588338852
273	1470.4316010475159
274	1470.4316010475159
275	1470.4316010475159
276	1094.1971364021301
277	426.00780725479126
278	426.00780725479126
279	426.00780725479126
280	426.00780725479126
281	1256.421157836914
281	1584817374.1079006
282	1219.9581871032715
283	1219.9581871032715
284	1219.9581871032715
285	742.6108238697052
286	534.9063398838043
287	232.35719275474548
288	232.35719275474548
289	232.35719275474548
290	1062.007197856903
291	1310.0589923858643
292	1310.0589923858643
293	1310.0589923858643
294	1765.863113641739
295	1765.863113641739
296	813.2417612075806
297	1983.8837196826935
298	2895.2201948165894
299	2967.288552045822
300	2202.9309556484222
301	2202.9309556484222
302	7040.627927303314
303	4406.8611516952515
304	5299.387101650238
305	5299.387101650238
306	5872.032726049423
307	6739.04437828064
308	6739.04437828064
309	6739.04437828064
310	6712.572400808334
311	6834.263483762741
312	5563.662841796875
313	5563.662841796875
314	7717.348963499069
315	4915.0082931518555
316	5491.478039979935
317	7372.775103807449
