Iteration_step	Porb	eccentricity	Wdisk	logQ	primary_mass	age	feh	secondary_mass	posterior_probability	acceptance_ratio	inital_orbital_period	initial_eccentricity	current_orbital_period	current_eccentricity	current_spin	delta_e	delta_p	bad_solution_flag	gsl_flag	
1	4.306	0.035	4.1	8.006006006006006	1.022193732085151	1.936233718547847	-0.5085339379604049	0.8728512278275105	617.5849288660402	0.0	4.388451409170662	0.04012793607533541	4.306000000001594	0.03499999996698889	4.306000000001594	1.5942802633617248e-12	-3.301111467512996e-11	False	False
2	4.305991791047322	0.03125769999287696	4.100574703408316	8.456888088805561	0.9997506460612267	3.079585971652458	-0.6387282181749138	0.8536870766716814	366.84803992281377	0.5940041972792158	4.4513219458420705	0.033852025228166084	4.325913427606553	0.0312978839906828	4.3259134276065545	0.019921636559230294	4.0183997805837146e-05	False	False
3	4.305981594369072	0.014515988218444527	3.853979072488846	8.445062399400273	0.9878237759332776	3.6478432699569634	-0.48173585782786815	0.8435027222694258	12.912386683339076	0.03519818910864534	4.477693204755061	0.01593527657401394	4.305981594367957	0.01451598821744052	4.305981594367957	-1.1155520951433573e-12	-1.0040076409145726e-12	False	False
5	4.305994780143874	0.018253122476652024	3.2033192959598864	8.169467938484546	0.9354031590338143	3.1245976642001545	-0.7002539516796136	0.798740757498974	183.22661095013075	14.189987911882245	4.496822652391954	0.020360418845507197	4.305556304293897	0.018239308986804734	4.305556304293898	-0.00043847584997713795	-1.381348984728914e-05	False	False
6	4.30599745259869	0.022720797437005398	3.070795034633162	8.235214719533738	1.0021870750008934	2.5214968459224196	-0.62453482442654	0.8557675433432629	322.26034554057424	1.7588075436721615	4.429064089497576	0.025276787399615912	4.305997452575431	0.022720797426754615	4.305997452575431	-2.325872827668718e-11	-1.0250782861431773e-11	False	False
8	4.306005733167134	0.03790573054987549	2.4868378963992255	7.568962483438711	1.105449269099103	1.1483240678887967	-0.4248146837174887	0.943943130883724	482.60775798967256	1.4975710312111912	4.296120753766386	0.05376539881025483	4.3071535425845315	0.03799107003304765	4.307153542584532	0.0011478094173975606	8.533948317215878e-05	False	False
16	4.306010622425997	0.022700778172752685	2.573864339522794	7.080834493534928	1.0570538141241683	1.2087025353212812	-0.4043374492950004	0.9026182518806273	137.4729675742341	0.28485445022037115	4.283542732708077	0.056992451643355556	4.306010404795463	0.022700535754599883	4.3060104047954635	-2.1763053403844879e-07	-2.424181528015712e-07	False	False
18	4.306011443485324	0.02423100695677285	2.6977000779182077	6.960914300860905	1.0143632573907855	1.7380995283809535	-0.44478293326641555	0.8661647854859917	141.0996263192823	1.0263808864320167	4.387017773919294	0.10742138117727856	4.306011444181639	0.024231007095700478	4.30601144418164	6.963150056549239e-10	1.389276263474848e-10	False	False
20	4.306013584915933	0.033188923997697364	2.0348101338065976	7.324259211854388	1.0533671968599352	2.3382503510907466	-0.41938248979286985	0.8994702493986987	192.31836715111007	1.3629969984181904	4.4611629112488345	0.0987654774841469	4.306013582687682	0.03318892393688882	4.306013582687682	-2.228250473024218e-09	-6.080854569878724e-11	False	False
23	4.30601107581481	0.03908263577158133	2.1457869469380295	7.005275724690082	1.043219579059864	1.126679513538333	-0.5694383327607755	0.8908051985592178	265.70307465005726	1.3815792978383947	4.315684394320576	0.06318579076387024	4.306472024187619	0.022744998671067666	4.306472024187619	0.00046094837280907797	-0.016337637100513665	False	False
26	4.306007650746038	0.05237071177129203	3.246032450000544	6.993263732638769	1.0776091131771393	0.779624621215647	-0.5234453792367487	0.9201704217419592	105.19243251302329	0.3959022026808173	4.277304214260447	0.11646879689380306	4.306007649558365	0.05237071149897576	4.3060076495583655	-1.1876730710014272e-09	-2.7231627369728173e-10	False	False
28	4.3060024658048075	0.04223466126438599	3.481024703424029	6.746621072943625	1.0512670047066246	0.5246876556315231	-0.5890541143149977	0.8976768953189868	622.3929186289363	5.916708110651222	4.19030320293823	0.051754094750310085	4.3061492526627365	0.02244042922544992	4.306149252662737	0.00014678685792901547	-0.01979423203893607	False	False
30	4.3060093419144865	0.045005866473027435	2.123548976193068	5.567744926888725	0.992775570159356	0.5990272435645929	-0.8084645016705683	0.8477310593590741	432.41438356591306	0.694761091624363	4.278243094781301	0.04549067636450796	4.306011708329611	3.5514778437462473e-07	4.306011708329611	2.3664151242996923e-06	-0.04500551132524306	False	False
32	4.3060043074193	0.031903612946996694	2.66909409512346	5.795930462452907	1.0690681958385437	1.0560534028299349	-0.517385739019938	0.9128773324265325	544.6145842064659	1.259473793899481	4.251779354568498	0.029848901810026498	4.305539202387005	9.913197465207405e-09	4.305539202387007	-0.0004651050322950212	-0.03190360303379923	False	False
34	4.30600200297116	0.02157601003546736	3.0168225013989796	6.16103900805729	1.0475735018188823	1.387140135367793	-0.6329587666182283	0.8945230132031436	269.01789176742915	0.4939601317496911	4.267548810483507	0.02371940258043738	4.306000362300196	2.7233287047651276e-06	4.306000362300196	-1.6406709635319316e-06	-0.021573286706762597	False	False
35	4.306012706305296	0.0299805624949432	3.597935422026799	6.702009888852942	1.0145080513184532	0.5805396311721178	-0.5225914146881336	0.8662884250208273	227.77241731207093	0.8466812962350635	4.167496033849349	0.046152390491586426	4.3062138666109835	0.019291247672937953	4.306213866610983	0.00020116030568750887	-0.010689314822005247	False	False
40	4.306014213283109	0.04245556359270354	3.1479245631197026	6.840285357429128	0.9444768288595788	1.5801600910841689	-0.5293523169960224	0.8064887641631944	118.82953409901513	0.5217029151348331	4.385402047106347	0.12047111632535244	4.30541802218877	0.033628760640151516	4.305418022188771	-0.0005961910943383941	-0.008826802952552025	False	False
44	4.306010778873179	0.0469714111208529	3.588294800628334	7.232417950521166	1.0959046105046388	1.5342693944023733	-0.292511550148952	0.9357929469099111	153.78090160290319	1.2941303083353395	4.262008528729207	0.06541345684552237	4.306407622096751	0.024829436474850697	4.306407622096753	0.00039684322357214086	-0.022141974646002205	False	False
45	4.306002270177527	0.0520044413167501	4.055983915506093	7.986921406519793	1.053823513071876	2.1069380960911586	-0.3081166149879201	0.899859897812075	166.52089383676875	1.0828450874007949	4.412505314653956	0.06209899898835198	4.306002270243668	0.05200444130101616	4.306002270243668	6.614087055822893e-11	-1.5733934988215736e-11	False	False
58	4.305994800857974	0.04716514510552472	3.9129211995776334	7.494055971867929	1.0959046105046388	1.5342693944023733	-0.292511550148952	0.9357929469099111	274.4679416998339	1.6482492699617604	4.261182541783272	0.047740648536340496	4.305552575121337	0.028351800576027496	4.305552575121338	-0.00044222573663699194	-0.018813344529497223	False	False
59	4.3059968857906785	0.0438602521472702	3.6982290576081236	7.030961543968086	0.982893935286041	1.7628718852797565	-0.6312443153647842	0.8392931313407503	418.168830623362	1.5235616518037054	4.32604394275012	0.07935630668803868	4.3031892611215135	0.02606920473194564	4.303189261121514	-0.0028076246691650653	-0.017791047415324557	False	False
73	4.30600929313067	0.04668507778742265	2.782073515411237	7.387345416180984	1.059639654526514	1.6615510909098121	-0.5323520053393729	0.9048263010001903	172.51946351355107	0.4125593561250781	4.355123387912205	0.0913784659317083	4.306009293178971	0.04668507777280649	4.306009293178971	4.830091882013221e-11	-1.461616244702313e-11	False	False
81	4.306012952502199	0.03694889736317351	2.990317655627667	7.297622395130535	0.9860295512088548	1.4022225084309774	-0.7026758165029159	0.8419706337772411	240.40754840893294	1.3935097148621112	4.3185107131363925	0.05737344332696732	4.305982032146926	0.03577517370206538	4.305982032146928	-3.092035527263448e-05	-0.001173723661108128	False	False
83	4.306000711116603	0.03155780888625867	2.6239879413900047	6.849660974541814	1.1888978822176468	0.3924843927182021	-0.2332632066094961	1.0151999016256485	919.2619861514365	3.82376506992107	4.222338982152015	0.07447889625597841	4.306000678592784	0.031557407766443474	4.306000678592784	-3.2523819193386316e-08	-4.0111981519652673e-07	False	False
84	4.305993988085358	0.04411875288303877	2.398765799916417	7.652483100607229	1.118624561244826	0.869838743700841	-0.46378014948511087	0.955193512846957	346.3685306927102	0.3767897899735957	4.2949385987230535	0.05508149055141288	4.305993987868854	0.0441187527461207	4.305993987868854	-2.1650414794294193e-10	-1.3691807410065593e-10	False	False
87	4.305997908776069	0.03640089061904639	1.543707789131279	7.318530261132823	1.0196168209166545	1.073890509270233	-0.45181734726767825	0.8706508033807313	611.102766338127	1.7643137646366687	4.337431070300286	0.055828102685626754	4.30599790899424	0.03640089062189947	4.305997908994241	2.1817125883671906e-10	2.853078884257343e-12	False	False
88	4.3059952701586175	0.04231657512825027	2.01985530624708	6.845313031214198	1.0689714768492369	0.4330792890641001	-0.4266117123650933	0.9127947440815634	529.3579223980295	0.8662338833287696	4.265029674887539	0.08137099378380326	4.305995269959127	0.04231657512345837	4.305995269959127	-1.9949020213516633e-10	-4.791896046629773e-12	False	False
94	4.305987719267077	0.040440880447516134	2.4797835687133767	6.552647661024013	1.0579888059995735	1.0460871808552104	-0.47370025511031233	0.9034166414430358	198.99394186654618	0.37591567717564195	4.309758342940884	0.09212426408719723	4.3064790436314615	0.005332511627947497	4.306479043631462	0.0004913243643844822	-0.035108368819568636	False	False
96	4.305991141305806	0.038581697259742885	1.8850036662981646	5.999902663042205	1.0899048830829308	1.400687678773171	-0.4742133610498514	0.9306697796645146	335.6100851058557	1.6865341826884868	4.331681119826083	0.03922916823207966	4.305994744264153	9.989906188863297e-09	4.305994744264153	3.602958346782259e-06	-0.0385816872698367	False	False
97	4.305986674938514	0.04250710689892641	1.492501653453029	5.432197737833074	1.0434794964548402	0.7759750567308392	-0.49312572753023237	0.891027142022788	158.21338221742434	0.47142022614583173	4.310924829591061	0.043938055897624194	4.305979422427998	9.940651304978574e-09	4.305979422428	-7.252510515698418e-06	-0.042507096958275106	False	False
102	4.305984940643521	0.03367969364852483	1.715517718396213	5.641191693261521	1.0111437655269053	0.7857582945830597	-0.6398663739144449	0.8634156613834244	171.8275786356399	1.0860495883938963	4.3010511233437025	0.03373571094213394	4.305997291829167	2.0937067219064587e-08	4.305997291829167	1.2351185645798068e-05	-0.03367967271145761	False	False
104	4.306010932496624	0.044968049413456106	2.7649682270200886	6.359658605803504	0.9375150653500036	1.3324771291499857	-0.7817396196269222	0.800544114302368	250.161044532444	1.4558841282569086	4.357114488358275	0.09325890046388231	4.30637224401811	0.0036564035839170657	4.30637224401811	0.00036131152148666246	-0.04131164582953904	False	False
105	4.306014078634713	0.04138816258596823	2.3091429258926053	5.758954678381567	1.0283532243610738	1.5921325276744134	-0.4380487070435922	0.878110818281921	129.82729813206188	0.5189748802604806	4.32987925277031	0.04143261847847	4.306015001523174	9.999336300321004e-09	4.306015001523174	9.228884607637156e-07	-0.04138815258663193	False	False
106	4.306007225612206	0.031747747833175625	2.591672118892336	5.615638648581988	1.042797688886982	1.6446828194797714	-0.41468208792395467	0.890444946540594	409.6357777209999	3.1552360991469874	4.30654345657369	0.03171878345573968	4.306015585926534	9.943531885681531e-09	4.306015585926536	8.360314327937601e-06	-0.03174773788964374	False	False
107	4.3060052548118835	0.03963930654548984	3.018121109001507	5.715270908657768	1.0999429169182016	1.196786689267423	-0.37949071219718566	0.9392412567564523	475.3149171070105	1.160335456417931	4.231965263977437	0.04106762149228345	4.305992068466339	9.969587690307718e-09	4.30599206846634	-1.318634554436926e-05	-0.03963929657590215	False	False
108	4.30600339407942	0.043211058355237364	2.9384078793330093	5.326534513968826	1.0830580461864616	0.8750076712297586	-0.4853908897424131	0.9248232656386196	443.4758629835288	0.933014822431265	4.226091349099899	0.04537064489454654	4.306006992444024	9.941498349923759e-09	4.306006992444025	3.59836460361862e-06	-0.04321104841373902	False	False
114	4.305994680988457	0.037641663535214455	2.564270499850455	5.324852717160771	1.0980758896954146	0.8779900969979033	-0.26839943958673473	0.9376470022109145	608.0733355367147	1.3711531704247435	4.228390234321011	0.03740614886465883	4.306057573382788	9.74676879543318e-09	4.306057573382789	6.289239433154847e-05	-0.03764165378844566	False	False
115	4.30599427140126	0.04028674215094365	2.4364145162465882	5.054968474987826	1.1616091152716859	0.517531708246155	-0.2946492633636765	0.9918980235304925	585.0857650231691	0.9621960556891453	4.218382390911107	0.0363177190178589	4.305523999924164	9.73008272652001e-09	4.305523999924164	-0.0004702714770958849	-0.04028673242086092	False	False
120	4.3059949880049535	0.029689108404122557	1.4677897619033982	5.203195145036203	1.1682769480916684	0.4893873544159351	-0.2291130198781402	0.9975916859754757	686.7737919046978	1.1738002066714133	4.27019790339781	0.021847467800596803	4.305866770784843	9.898740536855447e-09	4.305866770784845	-0.00012821722011047143	-0.02968909850538202	False	False
121	4.305993284360635	0.03249654220925375	2.1304533820186005	5.759271196212379	1.0939449813928404	0.6431911548557785	-0.4323819053445698	0.9341196196113464	519.1569062217246	0.755935815171245	4.251342690611133	0.03359932147299702	4.305995037330823	1.073559144123942e-07	4.305995037330825	1.7529701876739523e-06	-0.032496434853339334	False	False
128	4.30599195292452	0.028467060129237966	1.7523501791106102	6.024637789549383	1.1750834823498164	0.5113403550506346	-0.21133039960006567	1.0034037855785083	499.82575153289787	0.962764331058382	4.253444634537804	0.030185799269709213	4.3059958153603475	2.0709726703473064e-05	4.3059958153603475	3.862435827173272e-06	-0.028446350402534494	False	False
130	4.305986517396514	0.03419848883520603	1.3647710588158202	5.998004441915578	1.1246831221137095	0.9660072389943991	-0.36508411849503586	0.9603669179728965	195.94876529871425	0.3920341532979562	4.322960472878854	0.03407171606605465	4.305986015344423	1.435018024950259e-07	4.305986015344425	-5.020520905674175e-07	-0.03419834533340353	False	False
135	4.3059904349424185	0.04830440072057958	0.5934491725891748	5.937186487530754	1.1943072460870892	0.25043509403374126	-0.23359377310612844	1.0198189574337655	236.23836806329945	1.2056129453184647	4.333559584601906	0.049270962474480894	4.305583151504817	0.0003832085459221767	4.305583151504818	-0.0004072834376014356	-0.0479211921746574	False	False
140	4.306000647511289	0.05272972040897656	0.6615355460387407	6.349135025925195	1.096937265854498	0.37048132689289615	-0.4394289600469825	0.9366747313131558	172.61464921096209	0.7306799933730936	4.343308448367997	0.05731674285569881	4.3067377554904125	0.008358325515039046	4.3067377554904125	0.0007371079791234081	-0.044371394893937516	False	False
141	4.30599477255557	0.050518712854295184	1.027530265230412	7.215491387866005	0.966508231871612	1.6160978016544045	-0.6446470080403498	0.8253013791951694	169.44654671083447	0.9816463868240076	4.468704681682632	0.09636556740926516	4.305994772854608	0.050518712857523636	4.305994772854608	2.9903812759357606e-10	3.2284522277770122e-12	False	False
147	4.305994252947177	0.03856512737413415	1.6977731119709005	6.84194497617787	1.1024147073953172	0.4697033522470918	-0.5245949270738899	0.9413519186448613	611.7028680598778	3.610004924466043	4.309856736382228	0.08575733826300966	4.305994252984574	0.03856512737518623	4.305994252984574	3.739675236147377e-11	1.052075093710414e-12	False	False
149	4.305995778229038	0.04546259550441944	2.032472620619498	6.5494855886051	1.1137575327671512	1.4298522932511295	-0.510898349676916	0.9510375572298704	314.00262359150094	0.5133254068064368	4.368124123067476	0.08276885278029913	4.306103061760877	0.0004861402480199195	4.3061030617608775	0.00010728353183875328	-0.04497645525639952	False	False
152	4.306001101169105	0.03735950254988486	2.657869702293637	6.253248699963156	1.0591310021278688	1.393145497989568	-0.3265741029371716	0.9043919627169872	635.9101769717522	2.025174725288392	4.271868931632999	0.02960198348696523	4.3060042586072385	1.6586182254930894e-05	4.306004258607239	3.1574381331722634e-06	-0.03734291636762993	False	False
155	4.305999642944253	0.04000109308343291	2.459464791982086	6.3056318969702705	1.1089744854270336	1.0911131896522073	-0.3907096034795869	0.946953313106144	567.9355928466016	0.8931066263967495	4.261774501230941	0.038560514837733255	4.306013613695157	5.709727976454914e-05	4.306013613695159	1.3970750903702367e-05	-0.03994399580366836	False	False
156	4.306001518386083	0.027906013091272212	1.1518333538700432	6.47065411842078	0.8992359971640211	1.4817687111133238	-0.7561126732620919	0.7678576179783576	649.5000475227013	1.143615677030001	4.489742963764221	0.09921143637158635	4.307093127228112	0.009407334085880093	4.307093127228112	0.0010916088420289682	-0.01849867900539212	False	False
157	4.306004706499829	0.043886849997903155	0.7111892512272956	6.363905713676226	0.9381628890049372	2.5469778364268634	-0.6777654659084055	0.8010972909213159	442.0795485773647	0.6806459064376176	4.578505226308529	0.06544750185168764	4.305933846627737	0.00011434375114478836	4.305933846627738	-7.085987209176636e-05	-0.043772506246758366	False	False
160	4.306002000104056	0.04047102394789052	0.7473009762867565	6.077663683456098	0.9712530436988571	3.3149140336133964	-0.5847045042639963	0.8293529740144541	736.0572466887276	1.6649882335823918	4.6116597048927375	0.02792456593005151	4.306001307605053	1.7389680284281955e-08	4.306001307605054	-6.924990030299227e-07	-0.04047100655821023	False	False
161	4.305997868549142	0.036011680179018506	1.2789705903138455	6.490740065775936	1.0410436882099927	2.556239495710308	-0.586322608599818	0.8889472053625128	677.9308403590084	0.921030046791591	4.473547346880503	0.00204609497717859	4.3059975300615285	5.561467592623466e-07	4.30599753006153	-3.38487613049665e-07	-0.03601112403225924	False	False
163	4.306000283292238	0.03520091020675697	0.8089276460955463	6.586217598932172	1.044750897672581	2.1990633250666765	-0.48889843197084726	0.8921127915226169	640.624361378618	0.9449700813719669	4.4791225567766	0.03585123086191477	4.306056416106505	0.00014231158072236364	4.306056416106506	5.6132814266973696e-05	-0.0350585986260346	False	False
164	4.305991731604734	0.03530059419870055	0.8849066357872897	6.239448519810523	1.0858625620722326	1.5689499276317809	-0.4027272353580569	0.9272180417534794	388.6890067357798	0.6067346641319172	4.406541552549996	0.031771780004070584	4.305987937927019	1.29408312149714e-06	4.305987937927018	-3.7936777150804346e-06	-0.03529930011557905	False	False
167	4.305983104353856	0.03282527471894162	1.4999385684583304	6.6297192505537765	1.12704237593828	1.1656356983397744	-0.34657470325480916	0.9623814848136972	92.66151186096901	0.23839498996676742	4.646303699852882	0.21827423968602247	4.308998879353359	0.006396027784258038	4.308998879353361	0.003015774999503229	-0.026429246934683584	False	False
168	4.305979400095735	0.03158070118640957	1.5944344787312412	7.148431470270496	1.0806569987874046	1.6372247833890643	-0.39396022561890537	0.9227730112645648	33.31433739408162	0.3595272376309491	4.435634749196796	0.11365751692638863	4.305979399558041	0.031580701167232814	4.305979399558041	-5.376943335022588e-10	-1.917675740426006e-11	False	False
174	4.305982659595713	0.03475274695558753	1.1792686587352847	7.301382925189014	0.9901193128387625	2.1886461979479153	-0.5448830699850007	0.8454628812330193	84.34485593021297	2.5317884889163986	4.495071980497939	0.07817441327845456	4.305982659391375	0.034752746950238965	4.3059826593913755	-2.043387681283093e-10	-5.348561871176827e-12	False	False
183	4.305982752137426	0.02335899392055511	0.7466815607634842	6.925359883584147	1.0213932053024002	1.4346940564305113	-0.6090327005080097	0.8721676580077196	44.6736436947213	0.5296546327814505	4.470728316494081	0.09746662489657587	4.305982667329484	0.023303289700411834	4.305982667329485	-8.480794200238506e-08	-5.570422014327531e-05	False	False
185	4.30597925381062	0.032290392458529216	0.45304619270775426	7.60965588421531	1.121223092857919	0.44436003814781166	-0.4999652632603212	0.957412398991377	42.76937032803908	0.9573736725015061	4.342050213827093	0.036997300503061305	4.305979254423221	0.032290392460470656	4.305979254423223	6.126006368845083e-10	1.9414400642681073e-12	False	False
190	4.305984081889195	0.031707504144493116	1.1778612604701686	8.066804143210105	1.0352350555842944	1.513660061582011	-0.3186830649072064	0.8839872139634289	113.77120263581669	2.6601093671287854	4.4047268280655665	0.035175247048227824	4.305984080761135	0.03170750413390629	4.305984080761135	-1.1280594236495745e-09	-1.0586823084857144e-11	False	False
191	4.305993792626873	0.037111980385770044	1.1397710130587737	7.729974641541961	1.07967491965769	1.7587242251379198	-0.45143642791980315	0.9219344138957015	459.93413193241093	4.042623451952661	4.414783992003721	0.05326606579060708	4.3059937883977115	0.037111980423883584	4.305993788397712	-4.229161909563572e-09	3.811354010174739e-11	False	False
192	4.305994928664262	0.03842275030170598	0.9090927426180537	7.773924341570536	0.9975187713513635	2.0548285015302743	-0.7345293104062088	0.8517812788569292	622.9888469226122	1.3545175355982555	4.476744050673615	0.04990068683965978	4.305994928009413	0.03842275031591186	4.3059949280094125	-6.548486197743841e-10	1.4205879528272902e-11	False	False
200	4.305987759389327	0.035898841733338314	0.6547862516191482	7.826473235014026	1.0407306803716494	2.9498372100937846	-0.46984619738506994	0.8886799279693514	285.78751284028704	0.45873616237593356	4.561484672278233	0.05547966730543614	4.305987757750932	0.035898841711899714	4.305987757750933	-1.6383951972898103e-09	-2.1438600894541082e-11	False	False
201	4.305989650055873	0.038887605319105976	0.5507551630383175	8.376715147644996	0.9986615559228641	2.250612029426741	-0.7275023313896085	0.8527571026025337	353.5431596258136	1.2370840003194679	4.4459730387305685	0.04176656096354063	4.3059896270424165	0.03888760458887354	4.305989627042418	-2.301345691790857e-08	-7.302324370184188e-10	False	False
224	4.3059908043812944	0.043942817468220416	1.4466037642842042	8.07747827082141	1.0031534162246443	2.888207053086361	-0.45120627914655975	0.8565927021142238	293.06471095443345	0.8289361651477294	4.523374573465808	0.05236301180209233	4.302141960791732	0.04355188614457768	4.302141960791732	-0.0038488435895622786	-0.00039093132364273475	False	False
230	4.305986988790912	0.044891045040461236	2.07920658507647	8.038655347184253	1.0629130492305014	1.9846685239597477	-0.42814693187284564	0.9076214527379252	119.17741392148464	0.4066590396822451	4.410610974640474	0.04488900890084396	4.3127168121670865	0.037739538518528064	4.3127168121670865	0.006729823376174338	-0.007151506521933172	False	False
234	4.305991136472913	0.052745951914614245	1.9600449471027706	8.107939553083293	1.00938627402136	1.58813169213153	-0.4988097424975443	0.8619149393868393	73.81364122709971	0.6193593131306653	4.388658922347141	0.052866412123718225	4.306008171108482	0.04844188077755306	4.306008171108484	1.7034635569679324e-05	-0.0043040711370611814	False	False
236	4.305991759272991	0.03778324357323134	1.0504293918747183	7.974797883447393	1.1066231708697727	0.7773386385675538	-0.42213831669651497	0.9449455256056989	420.1402142595622	5.691904738406445	4.333898010098247	0.041590153656815294	4.305991757545363	0.03778324337025966	4.305991757545362	-1.7276278185818228e-09	-2.0297168112914932e-10	False	False
239	4.305993726708087	0.030519906819946464	1.2725017901109612	8.035059128987385	1.1024147073953172	0.4697033522470918	-0.5245949270738899	0.9413519186448613	564.9161062592559	1.344589465816408	4.310300878055374	0.030929865072296277	4.305975435259986	0.029493165868635474	4.305975435259987	-1.829144810105987e-05	-0.00102674095131099	False	False
243	4.30599731258612	0.035933710204888406	0.5180771607259427	7.889248713901056	1.1356118560844897	1.2502418920051142	-0.23218594721778746	0.9696989639105457	726.567978356146	1.2861519972714381	4.393264908189846	0.04431073592037875	4.305997311811741	0.03593371020026595	4.305997311811741	-7.743787833192073e-10	-4.622455196390263e-12	False	False
247	4.30599482579979	0.03354985041730804	0.7213433049671076	7.282606348037827	1.123995376128121	1.3603735244169703	-0.3316583691401782	0.9597796516758025	542.5473004659125	0.7467261379911364	4.425626056524513	0.08398801892194022	4.305994825581353	0.03354985041120401	4.305994825581354	-2.184377123626291e-10	-6.104033944964726e-12	False	False
250	4.306013957900511	0.04230534930144256	0.7636154143204971	7.820074743444444	1.072134377548848	0.3176917761344787	-0.43366063278663536	0.9154955449889614	176.56060370865148	0.3254289599395851	4.310142169416434	0.044565307458072634	4.306013955932515	0.042305349301273054	4.306013955932515	-1.9679964324836874e-09	-1.6950330028464577e-13	False	False
251	4.3060117533272315	0.0412296998452129	0.9676089992848813	7.88772279921598	1.103838897098954	0.5698104700846927	-0.2788955444607477	0.9425680342327969	270.2082140925778	1.5303992420554777	4.313301204927652	0.04131410507653146	4.305561622442524	0.03798436586620301	4.305561622442525	-0.00045013088470735596	-0.00324533397900989	False	False
253	4.306000635994132	0.047033846441582004	1.0242956041880877	7.306414232913531	1.0651391571662918	1.34784561818789	-0.31300086015703904	0.9095223263042965	324.37902902190405	1.200478046573249	4.412910945936078	0.09130179014597613	4.306000636160197	0.04703384644454091	4.3060006361601975	1.6606449548817181e-10	2.958903955185832e-12	False	False
254	4.3060102720506785	0.027612502377488822	0.9301509352357367	7.008107593059418	1.0282793157060068	1.0765047712271285	-0.42051017844519567	0.8780477076813592	238.03993600866204	0.7338326917323257	4.387964566728596	0.06798791356174749	4.306010272620568	0.027612502390423545	4.3060102726205685	5.69889024859549e-10	1.2934722737334425e-11	False	False
255	4.3060119383355175	0.03904839928892467	1.3221374937435357	6.578003087335738	0.9943999982602001	1.4945578337353318	-0.7216245748119852	0.8491181585143849	274.3611105768199	1.1525843737701063	4.4409187740061515	0.08905014785233113	4.306293491913494	0.00484126019194484	4.306293491913494	0.00028155357797654545	-0.03420713909697983	False	False
257	4.306018940093542	0.03796958859220945	0.8546335278957654	7.002475107453455	0.9986037169312894	1.0447950713835852	-0.7962691409963343	0.852707713887628	1319.0238427686802	4.807619563849809	4.411706837932234	0.08187348201271022	4.306020982385045	0.037924195770659586	4.306020982385045	2.0422915030238187e-06	-4.539282154986113e-05	False	False	False
262	4.306012733684716	0.03873675826590528	0.7280099824625585	7.094153574041973	1.052198079020331	2.1578434413208645	-0.6193967055779567	0.8984719396754606	3421.2108054841606	2.593744475689622	4.53630294718221	0.0988919252802645	4.307080566990121	0.016911264558975243	4.307080566990121	0.0010678333054050526	-0.021825493706930037	False	False	False
309	4.305985119108668	0.03986046004820694	0.4868194916989532	7.7532427377829105	1.0138141329127366	2.5801862161776246	-0.511763843545542	0.8656958880941857	1439.823740912969	0.4208520967503518	4.548401113134871	0.05845192773118008	4.305985067478222	0.039882840214554974	4.305985067478222	-5.1630446584738365e-08	2.238016634803497e-05	False	False	False
316	4.305989002021537	0.04005190570236839	2.1913240534407383	8.201389318246735	1.0075730411326378	2.840173704688925	-0.4073442127391619	0.8603666198231594	2415.901496985823	1.6779147532696876	4.488901694531475	0.038545208361422466	4.306057731377321	0.03383326250904063	4.306057731377322	6.872935578439154e-05	-0.0062186431933277594	False	False	False
324	4.305990984083673	0.040364888710952646	0.9980208849730892	8.210898373798592	0.9168351256290997	3.8530286744387907	-0.6994669464099598	0.7828855137746883	4914.162275672789	2.0340904965719413	4.549360843502326	0.045794413474482376	4.305990983936959	0.04036488872203772	4.30599098393696	-1.4671375225816519e-10	1.1085077300521107e-11	False	False	False
329	4.3059929687958824	0.04237312605240447	1.4965564347429772	7.934855944675006	0.977455069798634	3.4583042888106785	-0.5793856890793095	0.8346488841010535	2805.9069843748734	0.5709837866497238	4.601827845019966	0.056114064795531965	4.305688374935968	0.04220981931014651	4.305688374935968	-0.0003045938599148812	-0.00016330674225795844	False	False	False
365	4.3059994637071695	0.04302319547284161	2.3967914676369357	8.287314799778596	0.9993643151274104	2.8280224444390982	-0.5999909599640294	0.8533571886872957	3053.8494281513254	1.088364455827352	4.462879560228915	0.04797969772428104	4.305999460968114	0.043023195458654497	4.305999460968115	-2.7390552048700556e-09	-1.4187116759156737e-11	False	False	False
371	4.3059916005025896	0.043139184619322035	0.4706244967343032	7.938097401934965	1.0378614765059169	2.345765373448268	-0.469986274491938	0.8862299147884024	3228.646489697171	1.057238271125784	4.516221497555295	0.05539067397227066	4.305991600167886	0.0431391846168107	4.305991600167887	-3.347038202150543e-10	-2.511338359489912e-12	False	False	False
384	4.305994420241229	0.04460354250605987	1.020690927870492	7.716084483206669	0.9823077525834671	3.3814524687780363	-0.7231563333004374	0.8387925899310226	4073.606239560043	1.261707112425964	4.617509378979614	0.07337287941741606	4.305994302436279	0.044603358973737	4.30599430243628	-1.1780494979518608e-07	-1.835323228671637e-07	False	False	False
420	4.306004991812796	0.045310579212828654	0.6615987746602325	7.90934730831632	1.1016302828601343	2.4825609283240726	-0.43411862036547827	0.9406820985342687	4783.357010842864	1.1742315603285887	4.506170180206225	0.06765806962269834	4.3060049915164935	0.04531057920853411	4.306004991516494	-2.963025380608997e-10	-4.294543887173319e-12	False	False	False
423	4.30598840329902	0.044090712578221704	1.2781308875368107	8.18796373327641	1.1034549617430827	0.9605557216391158	-0.5809928473440031	0.9422401918324183	4970.835688590537	1.0391939546478965	4.354471857746364	0.047281728333507425	4.305988403275365	0.04409071257185328	4.305988403275365	-2.3654855851873435e-11	-6.3684266193853034e-12	False	False	False
434	4.306013687458845	0.04420284477935893	0.7887811092120443	8.032219662643918	1.0776091131771393	0.779624621215647	-0.5234453792367487	0.9201704217419592	1542.4104973088283	0.31029198990606216	4.350343076806025	0.047675379019663636	4.306013687419288	0.044202844779238255	4.306013687419289	-3.955680227818448e-11	-1.206743038828506e-13	False	False	False
448	4.306020311314803	0.043567461368641404	1.337164558220857	7.634397678770565	1.1750834823498164	0.5113403550506346	-0.21133039960006567	1.0034037855785083	480.5411159172267	0.31155202636111895	4.287518912500886	0.052092515366308344	4.306020310657186	0.043567461280857714	4.306020310657187	-6.576161837301697e-10	-8.77836900392559e-11	False	False	False
451	4.306017568823316	0.04372463392137828	0.5599355189397632	8.178937322030007	1.1169308248660446	0.1601081060900469	-0.42957894823090564	0.9537472313531155	972.9812735184951	2.024761755633188	4.31160762739395	0.04435879410879376	4.306021395117166	0.04372462860112927	4.306021395117167	3.826293849762408e-06	-5.3202490052361995e-09	False	False	False
498	4.305995882722431	0.04271771351701855	0.5739504193242283	7.3794411474613275	1.1015541604318413	1.255908806129143	-0.3376831484436158	0.9406170975927493	5638.289354069898	5.794859066177826	4.419561131777671	0.07881944445791503	4.305995881324066	0.04271771348485788	4.305995881324068	-1.3983649793658515e-09	-3.216066996047928e-11	False	False	False
516	4.3060039111764805	0.04179147197323925	2.1431285226894037	7.162191673895923	1.0742141087073103	0.07896126094693395	-0.36963067477623257	0.9172714274251722	3908.683941141914	0.6932393312380289	4.224986920940112	0.04386382605268497	4.306003915813286	0.0417914718945805	4.306003915813286	4.63680560613966e-09	-7.865875312207393e-11	False	False	False
522	4.30601336775178	0.04202980122531941	1.640655281360133	7.020777053029024	1.0298225909750647	0.8322026781117319	-0.4961877659106836	0.8793655104336077	1149.7069060579097	0.294141691518303	4.3290277245658	0.0841577620380014	4.3060133676785135	0.04202980122344234	4.306013367678514	-7.326672601948303e-11	-1.87706794552156e-12	False	False	False
525	4.3060137152740525	0.04130762480460878	1.6572082967004886	7.451038064642086	1.0128213995570912	2.331867955477267	-0.5836341488584773	0.8648481930818002	1050.3331910837185	0.9135660450062689	4.478252903387207	0.08187778237217722	4.306013742926007	0.04130763144049194	4.306013742926007	2.765195450393776e-08	6.635883162409151e-09	False	False	False
527	4.306028683259168	0.04312003879878772	1.2624948579309603	7.278397298897581	0.9529534940322202	4.251645636257634	-0.7094895141519891	0.8137269885541129	19.46839502969857	0.01853544684197913	4.674039133952102	0.003831930478774386	4.306030976084219	0.0008242496068081729	4.3060309760842195	2.2928250507092685e-06	-0.04229578919197955	False	False	False
528	4.305988366454451	0.044127202380450384	2.0490898278166045	7.962220790080817	0.9257052459516628	3.687950157809178	-0.6365927284267481	0.7904597095181248	2033.4745646501792	104.45003615080557	4.60919267491398	0.04903486602522641	4.303688693452242	0.03978048287695969	4.303688693452242	-0.002299673002209346	-0.0043467195034906925	False	False	False
537	4.3060052706679715	0.04222490214212794	2.130793875729365	7.829539685644502	0.9601344231177635	3.757311597661761	-0.5689338841831459	0.8198587839002582	1621.3724500569324	0.7973409051889758	4.599881884494379	0.039443640085017016	4.273227476049527	0.027418139139779422	4.273227476049527	-0.03277779461844421	-0.014806763002348521	False	False	False
551	4.306003823998814	0.040787758364792016	2.912424295590781	8.412970770326774	1.0141510898776964	2.3070394503191713	-0.41185985672171077	0.865983615646565	4415.75318169862	2.723466271764743	4.411420372992744	0.04078778960851186	4.306012333038305	0.03830357386062509	4.306012333038305	8.509039491677584e-06	-0.002484184504166924	False	False	False
553	4.3060038756422125	0.04005738712124222	2.6800510095922316	8.080011152347357	1.0445748138958633	1.3476227497660567	-0.46797606082790943	0.8919624335856776	1007.6816352071088	0.22820153068869692	4.3060038756422125	0.04005738712124222	4.266185398846989	0.036474331021140234	4.266185398846989	-0.03981847679522321	-0.0035830561001019834	False	False	False
576	4.305987946677505	0.03987959998864305	2.7941605602722497	8.470238926639642	1.088879967186375	1.1346812833385531	-0.3559268018185304	0.9297946039804456	1591.5307956002869	1.579398432991368	4.313353674285931	0.0412521333171661	4.306007144968751	0.03990149052574829	4.306007144968753	1.9198291245636767e-05	2.189053710523886e-05	False	False	False
587	4.305990704539156	0.040970256735987025	3.624832384050141	8.251120982451466	1.0823708992258103	1.7034733534272644	-0.5189392177922043	0.9242365108489194	1908.9590372281853	1.1994483817123829	4.305990704539156	0.040970256735987025	4.278086817131423	0.036904929914349634	4.278086817131425	-0.027903887407733308	-0.004065326821637391	False	False	False
588	4.305993038178161	0.04070055607660149	3.7895681413848115	8.185991091220684	1.0255053803579346	1.3175156367857261	-0.5707637782384755	0.8756790442876403	3258.134410171109	1.7067597295864088	4.319837630789902	0.040804833783685816	4.305971418682073	0.03845910575858501	4.305971418682073	-2.1619496088476353e-05	-0.00224145031801648	False	False	False
597	4.306002595194812	0.04108562233024779	3.2656897750837115	8.12617962931429	1.0465560246720476	2.573819971464401	-0.40450518145082165	0.8936541894674614	3940.0262928420666	1.2092890583464746	4.459094401099272	0.04853409923436871	4.306002595201159	0.04108562232836195	4.306002595201159	6.346922987177095e-12	-1.8858387074160987e-12	False	False	False
635	4.305999532581944	0.03929210553847552	4.279458161558325	7.925284100791689	0.989004844574132	2.0802784884912136	-0.5549394422338102	0.8445112367818512	6494.578670897602	1.6483592210276483	4.421412887211768	0.045749848197267705	4.305999532763216	0.03929210561676477	4.305999532763217	1.8127188639027736e-10	7.828925008279697e-11	False	False	False
647	4.3059986044749925	0.038617430198116094	2.9300494428059096	7.692861744342623	0.9861426774850616	1.1746297689264724	-0.5558557552032947	0.8420672323044941	4841.935125689389	0.7455349101222289	4.325659018341462	0.04458300053525548	4.30608967611423	0.03864087167158737	4.3060896761142295	9.107163923793848e-05	2.344147347127512e-05	False	False	False
659	4.30601028296087	0.03903424992019491	3.9453327873776614	7.690837170479128	1.0035533750389627	2.953564977409639	-0.5156190911152602	0.8569342269457703	2659.6347542672806	0.5492916954125041	4.486005911215751	0.061675660804699384	4.306000694690993	0.03903107172727615	4.306000694690995	-9.588269877625066e-06	-3.1781929187638114e-06	False	False	False
678	4.306014509384941	0.038370562644311844	4.259178815854609	7.476277693392859	0.932300959079486	4.411089646521202	-0.6981260201510217	0.7960917889579731	2336.673978270314	0.8785695007636711	4.716984712755623	0.10718226464876025	4.3089615315615415	0.045554327463431264	4.3089615315615415	0.002947022176600811	0.00718376481911942	False	False	False
709	4.305989141837368	0.03785659819155698	3.2031380161075003	8.13194780616852	0.9518932166039316	3.164782524072617	-0.6366102952122457	0.8128216176580971	2430.1618728299522	1.0400089594992799	4.57665925616348	0.04301780614040549	4.3059891418397935	0.03785659819964439	4.3059891418397935	2.425615264201042e-12	8.087412683988049e-12	False	False	False
722	4.305998350751066	0.03694004755382241	1.5266260926271567	7.093234916581913	1.0060805576404714	1.8683821835374894	-0.5389680325312214	0.8590921881691985	4649.751739458084	1.9133506255052026	4.49449127561281	0.12272776419298187	4.305998350009929	0.036940047525068194	4.30599835000993	-7.411369296050907e-10	-2.8754214287385338e-11	False	False	False
738	4.306005885300811	0.036170592006955535	2.1882694450803784	7.6104118264973035	0.997606029255988	3.034081542246302	-0.485742342530633	0.8518557883816881	2085.1997383059015	0.4484539939220338	4.507246575251293	0.07172144132335047	4.277290917063863	0.04008221809432588	4.277290917063862	-0.0287149682369483	0.0039116260873703484	False	False	False
747	4.305990325425128	0.036137103146124824	2.5664963560474403	6.502772152966093	0.981941994858023	4.100534988875211	-0.5012516120529638	0.8384802694092659	3312.1588564501385	1.588413232365484	4.550431071779081	0.004046091797430175	4.305987748103815	1.7101416389120538e-07	4.305987748103815	-2.5773213128132966e-06	-0.03613693213196093	False	False	False
756	4.3060032262266965	0.035463593008928936	3.3249580303475703	6.397945895584717	1.0298225909750647	0.8322026781117319	-0.4961877659106836	0.8793655104336077	4974.822990266067	1.5019880403918537	4.194426622518664	0.03418498550547106	4.306184968381003	0.0020138648079618205	4.306184968381004	0.00018174215430644125	-0.033449728200967116	False	False	False
762	4.305992849501689	0.03532921733695526	4.1114522280837225	5.652557313770809	1.030500685393224	2.1820056442064866	-0.41154534535883286	0.8799445352572739	7177.344324065944	1.442733608433791	4.257770968740079	0.03541522037801019	4.3059921883410714	9.982631246509222e-09	4.305992188341073	-6.611606178097418e-07	-0.03532920735432401	False	False	False
763	4.306018031544815	0.03672783777247561	3.348929330422512	5.203357149939261	1.0625757828172133	0.615348831913519	-0.4448630829180292	0.9073334609476185	906.8373917378333	0.12634720459169954	4.170198274935675	0.03831317620316152	4.306056064345851	9.894189419091368e-09	4.30605606434585	3.803280103653606e-05	-0.03672782787828619	False	False	False
782	4.306011680615879	0.03551591554314508	4.458204256069859	5.354929915795296	1.0445748138958633	1.3476227497660567	-0.46797606082790943	0.8919624335856776	4756.63622015767	5.245302259804494	4.160963415169897	0.03499505994734638	4.305953797935655	9.994174842193695e-09	4.305953797935655	-5.788268022399734e-05	-0.03551590554897024	False	False	False
810	4.305982339407731	0.035637999204759935	2.021585323416534	5.06628084805365	1.035521706618015	3.907762674312528	-0.49984453795633665	0.8842319852811229	1192.7519707881152	0.25075534801956717	4.542065436955851	0.013215712856427978	4.305980223905663	9.839576599773716e-09	4.305980223905663	-2.1155020677454672e-06	-0.03563798936518334	False	False	False
824	4.30599129683504	0.03438738718409389	1.7961847612714827	5.044027358832387	1.0378614765059169	2.345765373448268	-0.469986274491938	0.8862299147884024	4945.0334090432725	4.145902526386792	4.426580444767483	0.03458704886027188	4.305991224309734	9.856867182540281e-09	4.305991224309736	-7.252530576096206e-08	-0.03438737732722671	False	False	False
840	4.3059859937848515	0.03294056572077249	0.981648579354013	5.664994272063937	0.9956005346913709	2.734767072493744	-0.5378581773285522	0.8501432965729616	2103.1007622842376	0.4252955618941166	4.5308025158901755	0.02906921775595983	4.305987764750956	9.988065329654644e-09	4.305987764750956	1.7709661044307268e-06	-0.03294055573270716	False	False	False
849	4.305984802159763	0.03276023552780727	2.3030701457371343	6.226067046094359	1.0137116183556216	1.976273898091044	-0.5463787961545925	0.8656083509138653	977.6080811724548	0.4648412946751286	4.363866221748744	0.01790861284174853	4.305985419916558	1.089408380962895e-06	4.305985419916559	6.17756795051605e-07	-0.032759146119426305	False	False	False
854	4.306002960467049	0.033800279002601845	2.2561906684517465	6.210652046246674	1.0542841990060179	0.7864733048456279	-0.5496054827725684	0.9002532775312386	5365.203446662196	5.488092365426906	4.261780805973174	0.03434629169193892	4.306054819833005	0.0003255254641584378	4.3060548198330055	5.1859365955309045e-05	-0.033474753538443404	False	False	False
871	4.305997846082325	0.03353751419743893	0.5877754215476656	6.445830249886664	1.1492120696418142	0.07324413934914553	-0.3035905505459393	0.9813121862671451	12516.668253991495	2.332934506291345	4.326021269262924	0.0335427329372009	4.315176943724823	0.020770334956529395	4.315176943724823	0.009179097642498135	-0.012767179240909535	False	False	False
885	4.3059917080913515	0.03266408791141188	2.919694558335394	6.178784535432392	1.1609491053502883	0.11325194531380611	-0.28212921228547155	0.9913344410586111	6248.524919064669	0.499216308387182	4.169370078179346	0.03490998347820069	4.306286596190042	0.009990681629310622	4.306286596190043	0.00029488809869082644	-0.022673406282101256	False	False	False
897	4.305996537616766	0.03399628685701745	3.610384777522035	6.0723668616278195	1.085687723111832	1.7038347448179367	-0.44955569305427895	0.9270687467651934	6636.076291321335	1.0620228577586721	4.237557481529957	0.03467937588678269	4.305996156409658	1.094608906726302e-08	4.30599615640966	-3.812071076580992e-07	-0.03399627591092838	False	False	False
901	4.305999453562886	0.0332354786032904	3.482234226380911	6.730119046896573	1.0431019409312223	1.5834821267208639	-0.513734964917637	0.8907047473611708	4975.377136341674	0.74974682597433	4.368735059660981	0.13833633630338946	4.306594178905553	0.009407765353892098	4.306594178905553	0.0005947253426672461	-0.023827713249398304	False	False	False
911	4.306011066051222	0.03349518572657408	2.8079677102959497	6.543748932333403	1.0644927271697515	0.23911272485108226	-0.5009476741089745	0.9089703397302508	2273.470288897617	0.4569443132846144	4.1975326454417425	0.055646171223087654	4.309082966744381	0.02752486667038596	4.30908296674438	0.003071900693158547	-0.005970319056188122	False	False	False
913	4.30600315055152	0.03295165411843907	0.6815832111024451	6.615244711561886	1.0984949268622595	1.152117244053816	-0.38268149403622637	0.9380048180476833	7578.186292085553	3.3333122183708586	4.391660976197244	0.04711249125524839	4.305595087979283	0.0018873761193753588	4.305595087979283	-0.0004080625722373554	-0.031064277999063708	False	False	False
919	4.3060061153894305	0.03433793294083711	0.9424693694403117	6.079837153479577	0.9846353479022402	3.0195306188925253	-0.6524060684006686	0.8407801235737229	6024.960520786531	0.7950399064587303	4.567732376662713	0.03325913078623325	4.306027113310346	1.5852141842006072e-08	4.306027113310346	2.0997920915810653e-05	-0.03433791708869527	False	False	False
922	4.306009259695725	0.03436885039057591	0.7013256900112752	6.422870748633533	1.03420000129847	2.2228369310762393	-0.4778682858525314	0.8831033811087635	3962.1584513400103	0.6576239690982687	4.491802652334456	0.03638169921994493	4.3060160217364585	1.6281733616858026e-05	4.306016021736459	6.7620407335766686e-06	-0.03435256865695906	False	False	False
934	4.3059946040025165	0.03443804858444141	1.3077729700342222	6.678812914369851	1.0355250979329709	1.2287800875843993	-0.5382036347061113	0.8842348811249638	4428.682801668356	1.117745000877127	4.481146642492755	0.1396380753673173	4.306967223016475	0.014157660777863965	4.306967223016476	0.0009726190139582869	-0.020280387806577448	False	False	False
949	4.305997859779751	0.03460634230705273	1.1977587345447287	6.8767162956204775	1.091788728180988	0.15065098251803222	-0.3386435391826569	0.9322783949937455	6854.102522902591	1.5476616479104217	4.2736937656967475	0.0449398139573693	4.305997749630838	0.03460506706813298	4.305997749630838	-1.1014891310168196e-07	-1.2752389197470682e-06	False	False	False
958	4.305996746082233	0.034442540324477036	0.8322442393675784	6.886827665085701	1.0855826578572407	1.360188774495744	-0.21195761771448335	0.9269790315442978	14047.517607674796	2.0495050315830294	4.514100456188923	0.14119978222170107	4.308793431512254	0.0221742297877841	4.308793431512255	0.0027966854300212063	-0.012268310536692938	False	False	False
1025	4.306003362053457	0.034831128074799315	1.351407951142872	7.122401654178271	1.1301633120276455	0.6732003006306004	-0.07850013276894682	0.9650464521404065	23295.46432776269	1.65833316450412	4.298398687720534	0.06483748300841903	4.306003361994241	0.034831128072648924	4.30600336199424	-5.921574341982705e-11	-2.1503909763964657e-12	False	False	False
1062	4.306009416925942	0.03474402104427574	1.157710160154226	7.0272835730473435	1.1303461949361173	0.6531907299584478	-0.335400620234803	0.9652026158559506	4344.905163923544	0.18651292383751475	4.335131995253495	0.07704708166128431	4.306009418142227	0.03474402107533372	4.306009418142229	1.216284850613647e-09	3.1057975635739865e-11	False	False	False
1065	4.306003332208006	0.03465789222121493	1.9545682068692285	7.223880463884105	1.1169308248660446	0.1601081060900469	-0.42957894823090564	0.9537472313531155	6569.390991531656	1.5119756919157594	4.245829192258028	0.0396892254658304	4.306003333234004	0.0346578922237546	4.306003333234004	1.025998841441833e-09	2.539669863299565e-12	False	False	False
1066	4.305999779939241	0.032700813211359286	2.1509156090525843	6.7229425046639575	1.133995570418696	0.055187875814901255	-0.3789346262195139	0.9683188175805244	7652.8446544179515	1.1649245210527022	4.224919890716023	0.040260680685047935	4.305999779513304	0.03270081320941877	4.305999779513305	-4.2593750748665116e-10	-1.9405171913788877e-12	False	False	False
1089	4.306013170080234	0.03535573333143294	2.470322258438771	6.400816400558431	1.1930037307512389	0.6813795824908985	-0.09412809233732328	1.018705885688483	5001.506055524534	0.653548619027199	4.205467265428938	0.039576546426436814	4.306069699120665	0.0005763586356139524	4.306069699120667	5.652904043085272e-05	-0.03477937469581899	False	False	False
1099	4.3060200061039176	0.03620094290384579	2.0359055365714163	6.380983113816543	1.148750471973996	1.7533626761684742	-0.17679411234037573	0.9809180280185952	681.8465588651518	0.1363282481907628	4.322393806882741	0.03480581439337884	4.306023026326349	1.2057618392685678e-06	4.306023026326348	3.020222431260322e-06	-0.03619973714200652	False	False	False
1100	4.305981887989992	0.03705239572281311	1.7857777737486962	6.326611270259984	1.1142315768072606	0.5374867487425077	-0.41053503088114685	0.9514423434357198	767.957229036335	1.126290393420044	4.272505679683059	0.04281425308038821	4.306006178872416	0.001926559064411369	4.3060061788724155	2.4290882424615745e-05	-0.03512583665840174	False	False	False
1103	4.306007315142088	0.037551385206942796	1.3289080792392578	6.729536994116623	0.9937370785735674	0.9426330207302152	-0.7445793309236566	0.8485520913939693	6096.395173797384	7.938456652654207	4.445246140694825	0.13373102141355334	4.306033441557305	0.03693553482989193	4.306033441557306	2.612641521704262e-05	-0.0006158503770508639	False	False	False
1105	4.306004709739632	0.03731897706129038	0.7404239628476366	7.061195939087759	0.9872600087636324	0.3378101503484553	-0.8302272883698718	0.8430213214832657	16807.049492146933	2.756883209340576	4.326495864367552	0.04587609790322307	4.306005811752727	0.03699633512283505	4.306005811752726	1.1020130950001317e-06	-0.00032264193845532585	False	False	False
1116	4.305995328674136	0.03788070681138712	0.4690401350047344	7.628224522154663	1.060736616073208	1.5443383124483736	-0.5247826761068872	0.9057629964649122	6984.987714124685	0.41559868776422715	4.441608978886455	0.05458311797556782	4.3059953278394945	0.03788070680191151	4.305995327839495	-8.346416890958608e-10	-9.475607798403729e-12	False	False	False
1131	4.305987781392158	0.038000935586889356	1.0184198987215565	7.675394649694964	1.1246831221137095	0.9660072389943991	-0.36508411849503586	0.9603669179728965	2777.9130504030863	0.39769762869957986	4.347073568362991	0.0493386368221355	4.3059878544315175	0.0380009361773131	4.305987854431518	7.303935944946716e-08	5.904237446174854e-10	False	False	False
1142	4.306005756588136	0.03877184202666327	1.7162649025517007	7.09613912150412	1.0874689835206752	1.0238517575350492	-0.33382836634890983	0.9285897650283046	4181.620008796926	1.5053098973670744	4.343899017716762	0.09549472299301032	4.306005750812862	0.03877184184747216	4.306005750812862	-5.7752735926897e-09	-1.791911063975249e-10	False	False	False
1144	4.305998650667041	0.037749228139747605	1.5693721731780905	6.927194787169991	1.030986148531516	0.46732001131385936	-0.502326196095096	0.8803590722310615	5014.971368610994	1.1992891171509932	4.283725344392475	0.062105676560447895	4.3059986507633	0.03774922814133495	4.305998650763301	9.625900077026017e-11	1.5873483083517215e-12	False	False	False
1151	4.3059748954209	0.037918286976245254	1.6442979631179782	6.415390363714825	1.0577471120531743	2.9199150606504016	-0.35957150827287465	0.9032102589822055	86.48394626488665	0.01724515254587391	4.46962663908384	0.010918889246018007	4.30597549897131	7.832031814870369e-08	4.305975498971311	6.035504096502109e-07	-0.037918208655927106	False	False	False
1156	4.306002057050092	0.03703648833649353	1.8758311388968605	6.884409031251954	1.0410436882099927	2.556239495710308	-0.586322608599818	0.8889472053625128	5437.047294783581	62.867705852954074	4.5640784496546605	0.13842139405915058	4.3072554506099054	0.005022050628531137	4.307255450609906	0.0012533935598133539	-0.03201443770796239	False	False	False
1158	4.306001212934809	0.037072073354729014	2.3572854875583227	6.610155359137747	1.0728673879864514	2.669438634702103	-0.4079368351124778	0.9161214626016309	4986.123081066381	0.9170645040829742	4.395082656154599	0.0007893630931451931	4.3059991184813695	4.483646602941353e-07	4.3059991184813695	-2.0944534391276193e-06	-0.03707162499006872	False	False	False
1161	4.305980533720668	0.0372705258597244	1.172505225109934	6.37091624295041	0.9711335310855108	2.8116598283953285	-0.5900003434669358	0.8292509221939177	507.33329730709715	0.10174905213101837	4.537992623953737	0.0331105449876671	4.305978652802184	8.38673556209791e-06	4.305978652802184	-1.8809184831880543e-06	-0.037262139124162305	False	False	False
1203	4.305984971971641	0.035675138096985005	1.385692007540467	5.682383753019636	1.0128213995570912	2.331867955477267	-0.5836341488584773	0.8648481930818002	1464.9143472130154	2.8874792074336857	4.458326971956642	0.02062987725296133	4.305985533679545	9.93678806628744e-09	4.305985533679546	5.617079033015671e-07	-0.03567512816019694	False	False	False
1219	4.305986653508755	0.036518890632831806	1.9247050121813198	5.114511859078617	1.0072804507844066	2.4055634011105678	-0.6252673486270096	0.8601167769248048	2553.8712067041633	1.7433587237116472	4.438615822324508	0.036317120442339014	4.305906158147703	9.935379299100844e-09	4.305906158147705	-8.049536105225741e-05	-0.03651888069745251	False	False	False
1229	4.306022740839684	0.036107960179733806	1.0433563981099043	5.091920458244029	1.0917661953118802	1.578654686855674	-0.3148462449665523	0.9322591541768145	380.0265075562026	0.14880410044116382	4.386943883875505	0.010836249174695793	4.305276134758093	9.969882576759361e-09	4.305276134758093	-0.0007466060815914943	-0.036107950209851226	False	False	False
1231	4.305995488137442	0.03490555680471094	1.170528725174585	5.3735240530208515	1.0614148667613281	1.5001166165802715	-0.6130663448337119	0.9063421547274981	13029.259205197262	34.285132605573175	4.395192396935899	0.0340608725829815	4.306031032193738	9.954167389429662e-09	4.306031032193739	3.5544056296465953e-05	-0.034905546850543555	False	False	False
1234	4.306007987444533	0.03553357213367706	3.045288017800389	5.373805927048916	0.9485334588381151	3.849922596191798	-0.8639153666164077	0.8099527205018665	12512.199990321675	0.9603155323927137	4.535859955873421	0.03302514760328323	4.306008431321887	9.989437995765421e-09	4.306008431321888	4.4387735353978996e-07	-0.03553356214423906	False	False	False
1240	4.305997150834361	0.03449227011656556	3.462776005419802	5.788130028567805	0.9600783760593006	3.0570300660198257	-0.931414285630742	0.8198109253170368	30509.826108714416	2.4384062061279477	4.426924545988763	0.020075279172274765	4.305965991674239	1.2397274010891889e-08	4.305965991674241	-3.115916012141895e-05	-0.03449225771929155	False	False	False
1257	4.305991268303324	0.035107227840796215	4.437256224280701	5.444749117564906	0.9736175025704212	1.4917538487071016	-0.811148285310218	0.8313719854448827	14127.292131234504	0.4630407292685085	4.215736669149445	0.03580684917137063	4.305985457734812	9.931880188535598e-09	4.305985457734812	-5.8105685125653395e-06	-0.03510721790891603	False	False	False
1319	4.306017755289875	0.035096176411713136	3.1322658463877655	5.42741596860002	1.0062500145106912	2.4299035286594868	-0.842826153265823	0.8592368873906792	3942.574736502662	0.2790750484861774	4.379185544651634	0.034638273660436356	4.306029249080561	9.972362877631342e-09	4.306029249080561	1.149379068632328e-05	-0.035096166439350256	False	False	False
1328	4.30599869025182	0.034566387543688785	2.617666582187598	6.448987375239902	1.0132462768079702	0.5445274171776338	-0.7843868501751317	0.8652109957663258	13261.75458490908	3.363729408126117	4.256979655372379	0.05734603331700951	4.306366467959825	0.012473241256459886	4.306366467959826	0.0003677777080053346	-0.0220931462872289	False	False	False
1343	4.305990309899519	0.03362720131267652	4.12449024876674	6.293521932552672	0.9112353112930226	3.3157806104430936	-0.947640964204103	0.778103832313112	13876.158799083076	1.0463290291069889	4.450496227926389	0.03285230976533421	4.3059918503894465	6.986314910194159e-06	4.305991850389448	1.5404899276205697e-06	-0.03362021499776632	False	False	False
1392	4.306009333297969	0.03344836015478134	2.2555599544141582	5.927669497168822	0.9431311540771135	2.72782511452898	-0.9489162243609897	0.8053396924664472	13201.04925676171	0.9513475197209492	4.479699431029962	0.031279790523517495	4.305868593508379	1.5135212458719177e-08	4.305868593508379	-0.00014073978959050493	-0.03344834501956888	False	False	False
1411	4.3059981995024765	0.034397120531961305	2.4250132304230987	5.7637067203986545	0.926965382483737	5.01032336540153	-0.9549241200645338	0.7915357401028631	31059.00876529236	2.3527681899515396	4.699061710893883	0.029999091561579948	4.305969105431312	1.5582541088934043e-08	4.305969105431313	-2.9094071164692537e-05	-0.034397104949420214	False	False	False
1444	4.306014582054841	0.03325433154603314	1.0669193533061967	5.951280766866143	0.9920531405032587	3.2855960810117026	-0.7201099708081674	0.8471141766757325	2486.5201758655526	0.08005793728498427	4.583623345945649	0.03712928100017526	4.305983574701038	1.3821315765479013e-08	4.305983574701039	-3.100735380279218e-05	-0.033254317724717375	False	False	False
1465	4.30601227007095	0.03230311076154282	1.851571961199652	5.396664104436305	0.9485866855567939	3.2823050379438223	-0.8689615353853483	0.8099981707969464	6313.912594286949	2.539256530299051	4.550638633121495	0.02046492265359346	4.306021684035303	9.970457998690909e-09	4.3060216840353025	9.413964352944504e-06	-0.03230310079108482	False	False	False
1487	4.306005145431323	0.03199584313990417	2.1724680336112865	5.251124511006403	0.9611518672087681	4.084859103038272	-0.7784599589574972	0.8207275794095671	10718.324569828039	1.6975725288827024	4.599462456541538	0.02585556924687966	4.306002378018094	9.876047345900188e-09	4.306002378018095	-2.767413229243232e-06	-0.03199583326385682	False	False	False
1501	4.305984965161372	0.03347241004725852	2.674592588512266	5.213699963331592	0.9200843440654751	2.886685589981636	-0.82797600561095	0.7856600213975092	3086.029632962233	0.2879208977911875	4.48039002494616	0.032468424083325044	4.305941493758318	9.957803733059837e-09	4.3059414937583185	-4.347140305416275e-05	-0.03347240008945478	False	False	False
1505	4.305999265626263	0.03430237944333794	1.6837488860449215	5.2775469655963105	0.9594655883031435	2.7621815215540373	-0.8682543319319717	0.8192876658520543	20741.060114807387	6.720952998399552	4.509610512738767	0.032545021627089554	4.306045832667939	9.902788602646721e-09	4.306045832667939	4.656704167604886e-05	-0.034302369540549334	False	False	False
1511	4.305993801801553	0.0345085915260997	2.388927398278537	5.284467044605308	0.9950411463435398	1.9817276916171256	-0.602349487666986	0.8496656348627486	5464.3616119267635	0.26345623520109585	4.371630047580862	0.0334130647024822	4.305986447231348	9.78002887007964e-09	4.305986447231349	-7.354570205286848e-06	-0.03450858174607083	False	False	False
1520	4.30600216568533	0.03457481976158786	3.072669575482265	5.434206740535678	0.9867205872745619	2.956322399188528	-0.5351160660152914	0.8425607094737484	7298.043953643571	1.3355711923812892	4.4193992601572285	0.03484731598668963	4.305996818323623	9.89114335944698e-09	4.305996818323622	-5.34736170720862e-06	-0.0345748098704445	False	False	False
1522	4.306004262282656	0.03428427472005654	1.5380380867368353	5.308491475308993	1.0016540970849799	2.713846479283696	-0.4491872095070188	0.8553124335008643	8634.914810765391	1.1831820780490618	4.4895428674499644	0.03408870944430736	4.305970334834442	9.962527507558306e-09	4.305970334834442	-3.392744821351101e-05	-0.034284264757529034	False	False	False
1525	4.306015379706063	0.03453154103264136	1.8642415821933374	5.376529777664658	0.9482962185870923	3.575948166869711	-0.6854869744620299	0.8097501410515181	1811.8397586696863	0.2098271724013785	4.579861007059624	0.03342019394305025	4.306032594874732	9.995372859636682e-09	4.3060325948747336	1.7215168668371916e-05	-0.0345315310372685	False	False	False
1531	4.306007219009136	0.03438431554917058	2.8619847111129495	5.1882908936079115	1.0378614765059169	2.345765373448268	-0.469986274491938	0.8862299147884024	5210.86951820277	2.876010140117891	4.35342621203941	0.030850245083126566	4.305961395635207	9.860173571781623e-09	4.305961395635208	-4.582337392911029e-05	-0.03438430568899701	False	False	False
1537	4.305995013960114	0.03379329058512066	2.618647938210237	5.068638641051654	1.085687723111832	1.7038347448179367	-0.44955569305427895	0.9270687467651934	7821.221760804049	1.500943697300943	4.302746872487329	0.03388549543665521	4.305928819183036	9.97340044317777e-09	4.305928819183037	-6.619477707836552e-05	-0.03379328061172021	False	False	False
1541	4.305998209744709	0.031913012934989625	2.5158153066921525	5.881425189828343	0.99835457887253	0.8049812375971372	-0.7550349358189741	0.8524949748992533	9449.63541071869	1.2082045107166524	4.261344436992228	0.031886180668665186	4.3060066274444155	1.218515287516509e-05	4.306006627444416	8.417699706164683e-06	-0.03190082778211446	False	False	False
1546	4.306003507413984	0.032560942859750176	0.8582641068926828	5.486639112019336	1.0213932053024002	1.4346940564305113	-0.6090327005080097	0.8721676580077196	7465.290877548515	0.7900083498544991	4.426465077341907	0.033284503186757436	4.32101435872497	9.975312659008314e-09	4.321014358724971	0.015010851310985451	-0.03256093288443752	False	False	False
1566	4.306007647225011	0.033198102431279776	1.4399210045924162	5.99129247272842	1.0396095754065775	0.1763854764290338	-0.60791872648529	0.8877226164396765	5352.0204777460485	0.7169205548094556	4.275444386766381	0.036724055806907616	4.306314650189522	0.005901011547428352	4.306314650189522	0.0003070029645115824	-0.027297090883851426	False	False	False
1577	4.306009314683832	0.03445175707702252	1.8613599465688977	6.61743239237118	1.0744377150856745	2.05838932881002	-0.46550581984019296	0.9174623649116574	2962.2488988748105	0.5534823551576419	4.615865194988353	0.18636281784456524	4.305988653591718	0.0007437260724293026	4.305988653591719	-2.066109211451561e-05	-0.033708031004593214	False	False	False
1587	4.306013819474194	0.03632869798742548	1.1205950214404443	6.569872416425878	1.1134041622047646	0.6639004927843217	-0.42935533344331667	0.9507358141066484	2397.8358988868654	0.809464694137507	4.333074417784426	0.053634846926208894	4.30642009698942	0.006114156384474278	4.30642009698942	0.0004062775152258169	-0.030214541602951204	False	False	False
1600	4.3060021697482265	0.035627390292676996	2.00328504889554	7.097348504200435	1.1602182948126798	0.5123397702527879	-0.32011267933759857	0.9907104019405473	9599.912386284883	4.0035735517769995	4.267292247420567	0.06495539879628641	4.3060021738018355	0.035627390367845534	4.306002173801836	4.053609004017744e-09	7.516853806066592e-11	False	False	False
1630	4.3059947649548	0.0348842482673967	2.0564632320650946	7.332874222113567	1.1197551284208358	0.24512133750698228	-0.33412559724684043	0.9561589041585516	4846.384611277051	0.5048363376941793	4.235800352525887	0.03938030057167623	4.305994912137776	0.03488424177419199	4.305994912137777	1.4718297602911434e-07	-6.493204710023015e-09	False	False	False
1633	4.305993032821946	0.03318938761971273	3.3201432555759003	6.809287640809391	1.097021524113327	0.664699688461568	-0.2116152228431229	0.9367466794403699	7752.549363269745	1.5996562355431596	4.201913527292669	0.09591864186686802	4.3059930404364195	0.033189401654327676	4.305993040436421	7.614473496175833e-09	1.4034614942426415e-08	False	False	False
1637	4.306005568344455	0.035034160597394184	2.588617307292388	7.100116106878435	1.0577594180551884	1.3655041716434528	-0.3144714736556696	0.9032207670773253	5445.975030962119	0.7024753762632223	4.3247669289714255	0.09390189308243033	4.30599878014035	0.0350134193350128	4.305998780140352	-6.788204104601903e-06	-2.0741262381385184e-05	False	False	False
1653	4.305995043781051	0.035007244643206696	3.247387364167983	7.9143740856051386	0.9688808811608535	5.520733866407007	-0.4001389269085585	0.8273273844232528	13836.576162616413	2.5406976866311415	4.798014631927887	0.05687879055396513	4.305934336428111	0.034984207213368465	4.305934336428111	-6.070735294017027e-05	-2.3037429838231038e-05	False	False	False
1654	4.30599707604446	0.03501929513664785	2.775446975766127	8.163203204218584	0.972932118200962	3.868963871375193	-0.5202131832345152	0.8307867357318015	5378.04519104281	0.3886832354938488	4.640059816527016	0.04163544479287755	4.305997135964036	0.035019322906784306	4.305997135964036	5.991957596762632e-08	2.777013645427484e-08	False	False	False
1695	4.306011495745571	0.03594564923166934	3.8044866729841518	8.225549798667586	1.0051490502525058	3.3859978379956974	-0.3777885158518003	0.8582967740106147	4078.1226235086715	0.758290880541656	4.524175497120663	0.041657790291896514	4.30601149565044	0.0359456491889165	4.3060114956504405	-9.513101417724101e-11	-4.275284293253634e-11	False	False	False
1699	4.305987960926893	0.03550420380199023	3.1290836951178767	7.7042143948396165	0.9956005346913709	2.734767072493744	-0.5378581773285522	0.8501432965729616	1710.683462541274	0.41947818162207756	4.473897296739113	0.0370446684749317	4.305871596739952	0.025088369390060646	4.3058715967399515	-0.00011636418694038753	-0.010415834411929583	False	False	False
1735	4.306011626894187	0.035685904231290706	3.242568310681118	8.078424588315578	1.0177809747403077	2.76284188027303	-0.3648776703735104	0.8690831743307488	3052.896092007322	1.7846060705305171	4.504835826792276	0.04228420740859642	4.306011377298536	0.03568571883695538	4.306011377298537	-2.495956508141717e-07	-1.853943353280485e-07	False	False	False
1739	4.306017583900183	0.036516821606400664	2.9639842552854474	7.256247261649209	1.0077343580978027	1.7191013752355575	-0.3956405426242443	0.8605043683797137	944.9042829134763	0.30951079055304126	4.331808323307212	0.03651665624840192	4.306766751388874	0.018374106426888342	4.306766751388874	0.0007491674886912492	-0.018142715179512322	False	False	False
1759	4.306022312645341	0.03510161347019049	4.346314907417796	7.998903830809882	0.9269201881382073	2.2492746172254834	-0.7900549891181422	0.7914971486512152	422.6961664023023	0.44734284101134514	4.4762007667902495	0.03874743883468491	4.306022297646579	0.035101605755759026	4.30602229764658	-1.4998762232210083e-08	-7.714431461691706e-09	False	False	False
1790	4.3060097563301225	0.036721646828072114	4.252428590078498	7.588462898680585	0.9750741099529401	2.917210384775366	-0.6168343755068079	0.8326157824888155	3713.5548435125315	8.785399865628648	4.489378975555793	0.0627635284248566	4.3098469806528055	0.038333868426374804	4.309846980652807	0.003837224322682964	0.0016122215983026891	False	False	False
1792	4.306005342283128	0.037586826919134855	4.415672100114615	7.952492027218401	0.9027685706355034	4.415870179913016	-0.7069238945477554	0.7708740824656564	12826.627435559825	3.4540024251877033	4.666171826622567	0.047294999243568725	4.30590500989012	0.037566957681841866	4.305905009890119	-0.00010033239300799579	-1.986923729298956e-05	False	False	False
1852	4.30598262770945	0.03691619127007309	4.145215082883343	7.0568735596170065	0.9948399906400996	0.6023360596046693	-0.6048188743496553	0.8494938680075811	957.2691953070674	0.07463140253479163	4.170930373329238	0.05214624466799084	4.305982636587008	0.03691619199773291	4.305982636587007	8.877558244080319e-09	7.276598212868635e-10	False	False	False
1876	4.3060103479525065	0.03614192107839378	2.0613961236999248	8.227471299788938	0.9957110009001193	1.9378289533192221	-0.5777016884573793	0.8502376236686119	2065.3557668758795	2.157549597334913	4.403798214696438	0.03901900952377705	4.30599336698735	0.03609838095246869	4.305993366987352	-1.6980965156676575e-05	-4.354012592509143e-05	False	False	False
1902	4.306005678016533	0.03403089418228728	3.7218175997000147	7.590581757683767	1.0283532243610738	1.5921325276744134	-0.4380487070435922	0.878110818281921	4443.190439326413	2.151295438096517	4.313458521311704	0.03396941104086673	4.299943700276687	0.024845988396675275	4.299943700276687	-0.006061977739845403	-0.009184905785612006	False	False	False
1917	4.3059880860431905	0.03538609141009123	3.6469016134169014	7.796989824175132	0.9782308060761871	2.576455623691969	-0.4719395483744464	0.8353112853084561	3170.0164895399143	0.7134550122997853	4.486566482086597	0.045629586551924804	4.305988074904879	0.03538608801310124	4.30598807490488	-1.1138311606373463e-08	-3.396989994852717e-09	False	False	False
1923	4.30601146976921	0.03444085170927392	3.487686439817084	8.09054682893279	1.017058864974337	2.049502008224699	-0.548785955809206	0.8684665648015865	1883.3242015526719	0.5941054905446285	4.401612410760007	0.03403664433657635	4.305968754238573	0.03016181351319562	4.305968754238573	-4.2715530637060795e-05	-0.004279038196078298	False	False	False
1931	4.306010544877195	0.03371928411169836	2.6232805521277696	8.335134290814695	1.059320749730941	0.44049266482132643	-0.24277625783214424	0.9045539881952505	6012.247229947337	3.1923591408163556	4.289164872382071	0.03395415951238432	4.306010546223823	0.033719284410850016	4.306010546223824	1.3466285864183192e-09	2.991516548367379e-10	False	False	False
1958	4.305985257836022	0.03377343435361728	3.195682672823205	8.05549654400923	1.0641839903534633	0.7229452572992767	-0.348031540982051	0.9087067093628224	1328.0475777521126	0.22089038041167602	4.281008789737837	0.0351277351207453	4.3059707085134	0.03375494302242588	4.305970708513399	-1.4549322621348892e-05	-1.8491331191396176e-05	False	False	False
1963	4.305993854235027	0.031519664053333236	3.0500655094513993	8.509656233002339	1.0685343067173454	0.8428407216959135	-0.34993982948501545	0.9124214445059412	3930.0193101583873	2.959245870400546	4.302791116140816	0.03203282517084596	4.305993854452296	0.03151966377555041	4.305993854452297	2.1726975774072343e-10	-2.777828245204006e-10	False	False	False
1971	4.305993291418581	0.030842887869100822	2.3052564119113663	8.743009121997508	1.1306991951800807	2.451987299664567	-0.18701143545352017	0.9655040427642708	6014.818239174552	1.530480581514533	4.388903536641061	0.030888333448574192	4.305999747990859	0.02929277263261217	4.30599974799086	6.4565722786014135e-06	-0.0015501152364886528	False	False	False
1983	4.305985933198242	0.030591251457518294	2.90349036944796	8.775314595548785	1.156615983141798	1.5852131371786151	-0.22505243677379855	0.9876343880047812	1740.118954775899	0.289305326542121	4.311095290143517	0.030605109411310602	4.2934754148344965	0.02959587225243375	4.293475414834497	-0.012510518363745504	-0.0009953792050845442	False	False	False
2017	4.306016712116452	0.02924563366706979	1.995876195710981	8.323512626767716	1.0206343779629552	2.561903100439239	-0.4696013210343441	0.8715196953425675	559.6120273678365	0.32159412196041853	4.446548271416075	0.03231526218561331	4.306016782008246	0.029347183553494367	4.306016782008246	6.98917945740618e-08	0.00010154988642457896	False	False	False
2034	4.305999695506712	0.030006574877768297	3.8907015095589688	8.20117775307241	1.0092650861154109	2.2070550073091555	-0.5355273180943971	0.8618114570339493	4728.860531088375	8.450248207371114	4.408723012926901	0.03301521245545111	4.305999630257933	0.030006574423236523	4.305999630257934	-6.52487788244116e-08	-4.5453177333065753e-10	False	False	False
2054	4.306017350333738	0.02728560169783694	3.84208537913762	7.446779685300998	0.9400429195484806	4.1327894848276125	-0.6582176393856765	0.8027026490024476	760.9260090568993	0.16091107023656875	4.643536772269136	0.06596340168332882	4.306924138303727	0.027471710178051216	4.306924138303727	0.0009067879699893311	0.0001861084802142754	False	False	False
2071	4.30598674052845	0.026058824347478433	3.5933047856199782	6.681301194965131	0.9956005346913709	2.734767072493744	-0.5378581773285522	0.8501432965729616	1143.749362141024	1.5031019422750453	4.3631231075636165	0.01620267896471838	4.305997208038015	0.00020518438789366897	4.305997208038016	1.0467509564904276e-05	-0.025853639959584764	False	False	False
2081	4.305997144796524	0.02657056737579171	3.687058487091492	6.596679094626043	1.017657610795165	2.348149095200479	-0.45300471265962894	0.8689778338579913	4115.464495990147	3.598222331058849	4.309083641910028	0.026645883799568386	4.30598919766218	0.00019062416896448164	4.30598919766218	-7.947134343488926e-06	-0.02637994320682723	False	False	False
2093	4.306005585427878	0.027134998852269394	3.1786650921022215	6.491053459038132	0.981941994858023	4.100534988875211	-0.5012516120529638	0.8384802694092659	4040.673466911893	0.9818268316611343	4.522952432990462	0.0418721674970359	4.306021070200164	1.3882277076925449e-06	4.306021070200165	1.5484772286633586e-05	-0.027133610624561703	False	False	False
2121	4.306011215857249	0.026884287805630076	3.9025996716217075	6.010005462621438	1.0001637434246997	3.2549271128047996	-0.37956782489325847	0.8540398205103511	4382.707855954601	1.084647866709237	4.3729362309427415	0.025915074660965147	4.305986540236736	1.501360264035074e-08	4.305986540236737	-2.4675620513114893e-05	-0.026884272792027437	False	False	False
2136	4.306004348313429	0.027128443123252226	2.9731689496849993	5.982250235067162	0.9494113828759787	4.918118572199978	-0.4469086467597804	0.8107023798377982	12800.44723635876	2.920670885915275	4.6191659096536375	0.029264257314627822	4.3060019832840455	1.9285779457023063e-08	4.306001983284046	-2.365029383888384e-06	-0.02712842383747277	False	False	False
2165	4.306000313761985	0.025830870589613242	2.890218732630562	5.745165679904545	0.9417931081960009	4.187179144354184	-0.6353590150470282	0.8041971350885652	5577.49034864601	0.43572620906584775	4.571427029654193	0.02625423791901061	4.306161819889804	1.3375004305534596e-08	4.306161819889805	0.0001615061278190666	-0.025830857214608937	False	False	False
2178	4.30600193932463	0.0259064140118577	3.2773940408574123	5.271240097378733	0.9417931081960009	4.187179144354184	-0.6353590150470282	0.8041971350885652	7283.855867035976	1.3059378702115017	4.549543285135618	0.03411864950367561	4.3060853633011815	9.847044715284188e-09	4.3060853633011815	8.342397655169975e-05	-0.025906404164812987	False	False	False
2187	4.30598775098504	0.025790794548768477	3.9988681646386115	5.110122683741837	0.9617062759337995	2.6641951037376743	-0.6456462771761533	0.8212009890198714	3023.067551973276	0.4150367068154871	4.345614967517884	0.02340614214898511	4.306044944122698	9.782610722108163e-09	4.306044944122698	5.719313765784051e-05	-0.025790784766157756	False	False	False
2208	4.306009672205984	0.026210918209651102	2.3305069922839037	5.058046777048536	0.9626465079044283	0.8789632407840586	-0.6139070272775282	0.8220038530995913	4294.5577340388945	1.4205960205009864	4.273337220051329	0.02643513213959808	4.305973213039222	9.979757736032783e-09	4.305973213039222	-3.645916676209282e-05	-0.026210908229893366	False	False	False
2222	4.306008258561032	0.02776388308468143	2.765595448705041	5.531820782209087	1.0415786754632124	3.339262193854969	-0.1468224995544667	0.889404030978037	29929.020757526174	6.9690577263188604	4.425064164841424	0.02655563789151779	4.305980507601046	9.936225354762168e-09	4.3059805076010464	-2.7750959986860835e-05	-0.027763873148456075	False	False	False
2223	4.306002775164199	0.02775730530069843	2.651506072379109	5.269607927762865	0.9886907506452485	3.768492510074484	-0.38713072841458845	0.8442430319759776	12216.700282919594	0.4081891078861139	4.509167654990728	0.0262467411200329	4.306028927249009	9.969089435629938e-09	4.306028927249009	2.6152084809716314e-05	-0.027757295331608995	False	False	False
2245	4.305990666712658	0.028058328416053845	1.2799564254150761	5.57484819901365	0.9688808811608535	5.520733866407007	-0.4001389269085585	0.8273273844232528	11281.140931071935	0.9234196362207819	4.772585612085259	0.02544511274757719	4.305991991310591	9.99712476639941e-09	4.3059919913105915	1.3245979326725887e-06	-0.028058318418929078	False	False	False
2261	4.306005236519261	0.027503062622142364	2.066026495672763	5.970315809276562	0.998843278778692	3.250860194083874	-0.40485395074420594	0.8529122757491251	5781.170138996554	0.5124632494461024	4.49800867846034	0.023285536104121696	4.306079544963262	1.4459207942427188e-08	4.3060795449632625	7.430844400069248e-05	-0.02750304816293442	False	False	False
2268	4.3060050681932385	0.027605409829224565	0.4781710722198327	6.2054217106582055	1.0005379875236236	1.9845946612525176	-0.5463293039240862	0.8543593875464222	5726.288531391461	0.9905068340343607	4.48820930798535	0.016752622075877778	4.306011622910671	1.173484207182403e-06	4.306011622910671	6.554717432827317e-06	-0.027604236345017383	False	False	False
2281	4.305995405353264	0.026978530429356228	0.5597614059341126	6.862209804623623	0.959556664563315	1.9799163447833934	-0.5321913123281304	0.8193654358706147	8797.57179561016	1.536347976072451	4.640285560913552	0.15073821990841207	4.305995374347169	0.026978529141663068	4.3059953743471695	-3.1006095468910644e-08	-1.2876931604344222e-09	False	False	False
2354	4.306008375243585	0.027720713619968144	0.601489360766541	7.006445998405023	1.022565604889054	1.9496739706635937	-0.42954687812391545	0.8731687700147631	4015.2903613059516	0.45640893357750306	4.592074280931013	0.13962979648043422	4.305955721254837	0.02740915568308988	4.305955721254838	-5.265398874776395e-05	-0.00031155793687826297	False	False	False
2380	4.305996046574975	0.02668602081149537	0.477201626767948	7.408233116757421	1.0303922802894192	2.1938261527931116	-0.42880326222041615	0.879851968139135	5243.498588991884	1.3058827923185272	4.51226394298373	0.0570063046393326	4.305996047191552	0.02668602082260916	4.305996047191553	6.165770116695057e-10	1.1113790443495475e-11	False	False	False
2452	4.305987453792752	0.02696281311595081	3.141239588585833	6.8080685474703415	1.0275991895061798	2.411482748598268	-0.3111824607698285	0.8774669479193269	2642.2077040520603	0.5039016716051127	4.343592378218712	0.03145446207237535	4.306085450673552	0.0013761209993979338	4.306085450673553	9.799688080036617e-05	-0.025586692116552876	False	False	False
2453	4.306001552369618	0.026031940991432672	2.529483739633082	6.443532193337775	0.9920340729800554	3.5933622129661775	-0.38214507822751786	0.8470978949176693	7153.9581839607945	2.7075684371783355	4.50168177592476	0.029197232332614405	4.306008470516034	1.3998838512454817e-06	4.306008470516035	6.918146416623472e-06	-0.026030541107581427	False	False	False
2457	4.306005090624986	0.026328170553889512	2.790853623962507	7.083459847643199	1.0001055942475707	0.4485182959314382	-0.5516066227385679	0.8539901669280007	3099.614255720316	0.43327262698706637	4.207989687555819	0.033479893626152446	4.306005149057112	0.02632817122870238	4.306005149057112	5.843212669276454e-08	6.748128687783517e-10	False	False	False
2469	4.305997897849592	0.02584991431976288	1.1854996388428312	7.487547417157069	1.0175875975683761	2.7192310174113645	-0.526333051259733	0.8689180495636364	3256.1859826591462	1.0505132942429458	4.520225308827462	0.05595237358561816	4.305997908646922	0.02584991460154922	4.305997908646922	1.0797330141087969e-08	2.8178633731945624e-10	False	False	False
2501	4.306022222130992	0.02475179435005821	3.1813478299480353	6.954416833766005	0.9881595955304356	2.1676574909792983	-0.580467482750715	0.843789478623439	102.67073437606373	0.031530979779053725	4.465550852023646	0.1374197863268425	4.306022222072439	0.024751794655026308	4.306022222072441	-5.855316231873076e-11	3.049680993849613e-10	False	False	False
2519	4.30597818890912	0.022942286094491164	2.165160641937775	7.601266944116342	0.977314664797011	0.9913796817841357	-0.5797253225655874	0.8345289922701677	110.45220502776081	1.0757905424460588	4.313776934117662	0.02294204258505702	4.303125974391037	0.01980129292224947	4.303125974391038	-0.0028522145180831515	-0.0031409931722416948	False	False	False
