Iteration_step	Porb	eccentricity	Wdisk	logQ	primary_mass	age	feh	secondary_mass	posterior_probability	acceptance_ratio	inital_orbital_period	initial_eccentricity	current_orbital_period	current_eccentricity	current_spin	delta_e	delta_p	bad_solution_flag	gsl_flag	
2	20.14892268777047	0.26189454190619127	3.3696557364919557	6.720745124956599	0.9403909069024972	8.118373658072361	-0.14483909528990535	0.4879688415917058	nan	0.0	nan	nan	20.14892268777047	0.26189454190619127	nan	nan	nan	False	True
3	20.14903658264611	0.259338730778752	4.918121042848042	6.240185410668154	0.9093245065562963	7.179259462253254	-0.19010863641429696	0.4718484864520622	0.0	0.0	20.314679619438735	0.26700099111989395	20.149036582129465	0.25933873076582875	14.501956325104173	-5.166462813122052e-10	-1.2923273562392978e-11	False	False
4	20.149110726329777	0.2594729310068258	4.064211489234629	6.102909516918983	1.0350991104768874	5.1489330018725115	0.03005308251801614	0.5371129284264569	0.4996180009676515	0.03675184584779558	20.321246240552604	0.2698520308470803	20.149110721486306	0.25947293088494316	13.43274048099087	-4.843471401727584e-09	-1.218826151117014e-10	False	False
5	20.148936636776963	0.26138028797791296	4.712375411337454	6.6671036178092775	0.8614695255247151	6.051959977779128	-0.18135171493532906	0.4470165367947747	0.0	0.0	20.190095871764417	0.26301953512111537	20.14893663692567	0.26138028797320956	20.148936636925672	1.4870593645355257e-10	-4.7034043326732444e-12	False	False
6	20.149120068722528	0.26147219519885007	3.933469935313175	6.7432095025520935	0.9534176255270804	6.664043866382252	0.15069999827388872	0.49472840588600203	3.5522778432647635	0.2613051720541574	20.197441356794386	0.2635856090933655	20.149120068216433	0.2614721951838772	20.14912006821643	-5.060947216861678e-10	-1.497285628815348e-11	False	False
7	20.148871977301365	0.2627058820186381	4.576908604067726	6.32119438052091	0.9689344895136337	5.420796943485194	0.07287183424140337	0.5027801066086246	0.0	0.0	20.24528021266262	0.26753330607641157	20.14887204856617	0.2627058833351611	14.54885711028793	7.126480383590206e-08	1.3165230017264662e-09	False	False
9	20.149146695246266	0.2625515201142235	3.0723392780307575	6.366343495987061	0.9164784311141208	7.949083364038952	0.1534078727035501	0.47556065790511726	0.6628751604240243	0.08662283253062573	20.27999944895043	0.2682536767041588	20.149146693899763	0.2625515200883526	16.451932853315526	-1.3465033532611415e-09	-2.587091652017648e-11	False	False
11	20.149051984718362	0.26266727154136904	3.901476443984717	5.498466898171175	0.9614557107279689	6.666679506491047	0.027908852321518574	0.4988993682967431	nan	0.8778925554887704	20.149051984718362	0.26266727154136904	19.564465966232113	0.22105861175591926	nan	-0.5845860184862488	-0.04160865978544978	True	False
13	20.14906591234129	0.2604364262567967	3.1902317429805933	6.3978676205140275	1.0059712934792684	5.727184818811906	-0.008375531323699836	0.5219985041863924	nan	0.7214134425160709	nan	nan	20.14906591234129	0.2604364262567967	nan	nan	nan	False	True
14	20.14901722121303	0.2625251745962012	3.0539850966333306	5.871630588074164	1.0218607552115042	5.806409637696753	0.08385352139916288	0.5302435458792496	nan	0.7214134425160709	20.14901722121303	0.2625251745962012	19.846569570577042	0.24301164421428978	nan	-0.3024476506359868	-0.019513530381911448	True	False
17	20.149280448562585	0.2630089816422904	3.029051692309075	7.000780732204543	0.8938588993528891	3.978653486088752	-0.11491503308824305	0.46382338287421415	0.004124165803767445	0.01237280367735107	20.161003454731752	0.2634633682823815	20.14928044848456	0.2630089816402494	20.149280448484568	-7.80246978138166e-11	-2.0410340084708878e-12	False	False
18	20.14916422918017	0.2636212906984541	3.3636923643418033	5.424083421839134	0.8845606878684512	4.362356424948354	-0.20899969562958348	0.45899854093493936	nan	0.01237280367735107	nan	nan	20.14916422918017	0.2636212906984541	nan	nan	nan	False	True
21	20.14902896274592	0.2645253342461661	2.419475779278717	7.144393589406059	0.9217734274403597	5.856281990164103	-0.026502883722449265	0.4783082314988027	0.022157122290079587	0.034934048715825436	20.17019036898742	0.26518109988468175	20.14902896280306	0.26452533424810043	20.149028962803065	5.714184680982726e-11	1.9343415758044102e-12	False	False
22	20.149203001641787	0.262646289369867	2.3482658081271386	7.48195331435196	0.7592800998902621	4.924308687566534	-0.37008217520171505	0.39399044383305704	nan	0.034934048715825436	20.17019036898742	0.26518109988468175	20.14902896280306	0.26452533424810043	20.149028962803065	5.714184680982726e-11	1.9343415758044102e-12	False	False
23	20.149209861427273	0.263926098155379	2.3906627874676167	5.4091700162129195	0.8166890550249974	5.477910941481098	-0.43206275807046923	0.4237799506524712	0.0031229102302580115	0.004923739495170297	20.554793625331147	0.28588116451341916	20.149209859631327	0.2639260981043283	13.432806573087554	-1.7959465026251564e-09	-5.105066369637257e-11	False	False
24	20.149154614392437	0.2648624900554902	1.7188919635236175	6.340176609306035	0.8789624328409961	5.988149314862859	-0.02825639200715993	0.4560936064011929	0.00114959628636832	0.0018125121189363012	20.235969716961897	0.2685955933974398	20.149139430222192	0.26482137462899397	17.299762106103934	-1.5184170244708639e-05	-4.1115426496207697e-05	False	False
25	20.14923574502569	0.26266428634729233	2.09037032824889	6.212625549418131	0.940307970901441	4.588101681553591	0.10935639109118969	0.48792580610075775	0.026578380085547044	0.04190482918045446	20.230036009772032	0.26692487067267384	20.149235744227713	0.26266428633257793	14.773452940762832	-7.979750193953805e-10	-1.4714396368020743e-11	False	False
26	20.14917593135255	0.26507139423302667	1.81321994207853	6.957587808147407	0.900751468450131	5.760166988095304	-0.13104106829768347	0.46739993697877297	0.00027227191176921155	0.000429277778276973	20.17646025087128	0.2660281235565894	20.149175931194865	0.26507139422876747	20.149175931194865	-1.5768364391988143e-10	-4.259204100520719e-12	False	False
27	20.149193083682132	0.26398442429596014	1.121404306042171	6.135071070788713	0.8171737804645766	4.9409922549866625	-0.22623057095435178	0.4240314746830688	0.011112027229438142	0.017519788692892415	20.21183161227625	0.26403452078798706	20.13393991471097	0.2603542240445839	18.05501926958706	-0.015253168971160136	-0.0036302002513762255	False	False
33	20.14921975542413	0.26234937214726844	4.315375613428114	6.399571231485478	0.9628273427895245	4.685451462169713	-0.0009464442882574642	0.4996111081734843	nan	1.0612160150427554	nan	nan	20.14921975542413	0.26234937214726844	nan	nan	nan	False	True
35	20.148824257484694	0.26144004140801436	3.1870249335716467	5.467369684817072	1.0475946136382006	3.329887634982816	0.21623839060781133	0.5435968450168623	nan	7.977005340304527	nan	nan	20.148824257484694	0.26144004140801436	nan	nan	nan	False	True
36	20.14912141770944	0.263319991836113	3.3688959188043	5.3139815138530695	0.7880096329318044	3.964875156154798	-0.40942117433671665	0.40889819852831333	0.1815308363971066	0.06297426166568795	20.400930562957218	0.27889438366228564	20.149121414304055	0.26331999175797655	13.432747609536042	-3.405386195254323e-09	-7.813644176124512e-11	False	False
38	20.149053594490972	0.2626132501974954	2.053716303429954	5.162906013721212	0.910732802359983	3.3535602359859498	-0.05872306665417655	0.4725792511445952	nan	0.6784161351674851	nan	nan	20.149053594490972	0.2626132501974954	nan	nan	nan	False	True
40	20.14909903049973	0.2620195968743407	2.6608183290375393	5.889463722861653	0.9070910551723507	4.264749957689576	-0.008803894823897845	0.4706895485289328	1.3049055119720163	0.9457052759394314	20.274511564776386	0.2693132402674711	20.149099029489374	0.2620195968559113	13.43273268632625	-1.0103562431140745e-09	-1.842936914187021e-11	False	False
41	20.148806259534254	0.26327400568198617	3.010032373393707	6.639002775152743	0.8380345873347865	3.184939293867867	-0.12195639306109739	0.43485614736802075	0.0677633787964453	0.04911021085843555	20.160532495943706	0.26389057732387955	20.14880625934851	0.26327400567631687	20.148806259348508	-1.857429765550478e-10	-5.669298364097131e-12	False	False
42	20.14885632929958	0.26394073986099376	2.582406306179132	5.602179865910111	0.9847383055177626	3.7662307069534537	0.12664415941707138	0.5109807067331671	0.013828623193719646	0.010022029789356514	20.36810078721248	0.2790169581345675	20.148856328412354	0.2639407398217476	13.432570885608241	-8.872262924342067e-10	-3.924616187589436e-11	False	False
43	20.149093140178262	0.2643836776330671	3.180722157655796	5.265473858457798	0.9746025318737253	3.4198284499033607	0.15627933788780035	0.505721253789276	0.009395582516649252	0.006809268468098882	20.514859449892924	0.2911021073016089	20.149093145695716	0.2643836778048973	13.432728763797147	5.517453161019148e-09	1.7183021672195764e-10	False	False
45	20.149056538045013	0.2638076726084073	2.62501452300378	7.104945347899218	1.1041095444480942	5.157662433598277	0.2838196611415302	0.5729224426141161	0.26251310120004623	0.030267606384453007	20.17144339998134	0.26497113908537545	20.149056537891397	0.26380767260606636	19.90307651741786	-1.5361578675765486e-10	-2.340960758573374e-12	False	False
52	20.149200567261147	0.26020971357411743	2.0956620698365964	6.950795110474261	0.9175035014949093	4.105760649690135	-0.03697199355780906	0.4760925669257085	0.4473168317544848	0.057303713890149634	20.162583546292574	0.26078453253972644	20.149200567345417	0.2602097135773129	20.14920056734542	8.427036846114788e-11	3.1954439094761256e-12	False	False
54	20.149150194652137	0.2620289583091699	2.0094910006503692	7.089697110550103	0.8580272585020635	6.38862757472214	-0.23638435156671211	0.44523034443672077	1.3427289873341242	0.1230996756479175	20.174605626194698	0.2626898125611534	20.14915019481495	0.26202895831280926	20.14915019481495	1.6281376247206936e-10	3.639366585872494e-12	False	False
56	20.148906416878862	0.26342216937133495	2.115303722086696	7.2381744590818125	0.8312700396491505	7.5822023352640215	-0.06806858284050765	0.4313460235739442	0.25813586854822035	0.05546586027365296	20.173452064421216	0.2639175970159842	20.148906416781067	0.26342216936894924	20.725753304428224	-9.779554943634139e-11	-2.3857027464657676e-12	False	False
58	20.148922507421652	0.2625396448291759	0.41982150801790685	6.5921743919167675	0.8456667493342883	5.097390430624053	-0.29006075684456134	0.4388164762295622	0.0	0.0	20.188640694722476	0.26411643251379807	20.14892250729298	0.26253964482567776	20.148922507292983	-1.2867218401879654e-10	-3.4981462171401745e-12	False	False
60	20.148875427505587	0.260286890184544	1.6339296081143415	6.461068625907266	0.9478204230768686	6.337854893989709	-0.03250432945280482	0.49182401753458715	nan	2.231216611625961	nan	nan	20.148875427505587	0.260286890184544	nan	nan	nan	False	True
63	20.149135680331163	0.2588909056087313	1.2634616726691625	6.061026240787356	1.112020334930463	6.408507696518934	0.3427218450159334	0.5770273517954172	0.14653881434090088	0.04093758926047176	20.477907515132987	0.2776053794082348	20.149135681013128	0.25889090562833283	13.43275712067542	6.81964706927829e-10	1.960154261126945e-11	False	False
67	20.14893370306786	0.25768982014345077	0.7677920900840038	5.998950955906508	0.9141164184689397	7.400161655104547	0.07206183922085378	0.4743350095435328	0.011167836693629257	0.015924372289955756	20.409960184105245	0.2701183851898559	20.148933700636018	0.25768982007779234	13.432622467090681	-2.4318431712799793e-09	-6.565842314287806e-11	False	False
68	20.148970356972708	0.25793930857890673	0.5810732256377718	6.495391236030141	0.9447182631671063	7.615565397733009	0.10282695067827673	0.49021430675741146	0.11882725058483264	0.16943741464129577	20.25363285794172	0.26260859746191445	20.148970463059964	0.25793931057677744	18.05205332197498	1.0608725631300331e-07	1.9978707022083597e-09	False	False
69	20.14896269410917	0.25825387546040657	0.7669771129399043	5.469427753120743	1.020833463919232	6.997689096021891	0.1763527935437627	0.5297104844276895	0.08743918508332119	0.12468073935854217	21.2558665208083	0.3156412147302625	20.148962691276502	0.2582538752891018	13.432641794184336	-2.8326674339496094e-09	-1.7130474816440255e-10	False	False
75	20.148770173164735	0.2604974346963768	1.3529062504305156	5.517281269165768	1.033288871578492	8.752182284378312	0.3071783601813959	0.5361735954620795	0.07768912438002208	0.274531479302383	21.56595517855476	0.3303152343618178	20.14877017474421	0.26049743472453546	13.432513449829472	1.5794761054621631e-09	2.8158642084719077e-11	False	False
