Step	Time_elapsed
1	0.0
2	1582679567.7810261
3	1248.9891893863678
4	905.910961151123
5	1380.283723115921
6	1244.6614241600037
7	4278.2364366054535
8	755.1742191314697
9	1591.6935064792633
10	2445.529534339905
11	1342.5581858158112
12	2835.1291427612305
13	8210.678500890732
14	1855.7620258331299
15	1970.903980731964
16	3360.277150630951
17	1827.4219489097595
18	1133.1816158294678
19	3590.3699498176575
20	3679.1549196243286
21	2664.8423821926117
22	1121.0919826030731
23	16082.379297494888
24	1358.2095303535461
25	987.9146163463593
