Step	Time_elapsed
1	0.0
2	1582680048.4584308
3	1237.274778842926
4	1071.5850069522858
5	1211.8820848464966
6	1424.7974298000336
7	895.5298619270325
8	1021.3009321689606
9	2735.1358637809753
10	1228.6916525363922
11	1403.1637706756592
12	1446.473159313202
13	1046.238667011261
14	31636.58167409897
15	1271.5570125579834
16	814.6081433296204
17	1807.3273425102234
18	1382.2475018501282
19	775.2817347049713
20	1020.2614896297455
21	990.3197059631348
22	565.2104496955872
23	928.4404499530792
24	1352.9725966453552
25	801.2770292758942
26	801.2770292758942
27	2886.0261335372925
28	1301.4285967350006
29	1063.9765820503235
30	798.6898584365845
31	984.6017770767212
32	1099.505702972412
33	806.9428362846375
34	1098.8963549137115
35	873.5614354610443
36	783.4845080375671
37	607.6663475036621
38	1040.8226058483124
39	860.8084836006165
40	1146.0484194755554
41	1148.020327091217
42	1052.3107767105103
43	1052.3107767105103
44	847.0547931194305
45	1004.2870109081268
46	1026.4423696994781
47	842.873880147934
48	801.0672252178192
49	1051.9852139949799
50	875.6663548946381
51	649.1646695137024
52	1094.8233811855316
53	1144.949805021286
54	727.9392590522766
55	1805.222883939743
56	1175.044767856598
57	1580.5724267959595
58	1948.584986448288
59	1863.2945840358734
60	1745.602407693863
61	1678.0030000209808
62	7936.012634515762
63	3066.1339049339294
64	2329.2670509815216
65	1339.9191827774048
66	1136.205785036087
67	1333.0442299842834
68	678.5209953784943
69	1967.052577495575
70	2380.1521639823914
71	769.267605304718
72	1832.9091608524323
73	920.4366505146027
74	1597.1334772109985
75	1188.7861745357513
76	960.3451781272888
77	984.5400936603546
78	1306.200070142746
79	972.5050051212311
80	790.0418679714203
81	1205.4561796188354
82	1102.0092630386353
83	842.3831210136414
84	591.1651158332825
85	659.0084986686707
86	805.1224720478058
87	703.7166097164154
88	1093.5521631240845
89	581.4631190299988
90	867.4323925971985
91	1786.2765924930573
92	1173.8643639087677
93	676.3028845787048
94	641.0998115539551
95	628.7488358020782
96	628.7488358020782
97	628.7488358020782
98	660.3579714298248
99	660.3579714298248
100	660.3579714298248
101	660.3579714298248
102	559.6381390094757
103	559.6381390094757
104	1256.7050869464874
105	841.4446489810944
106	841.4446489810944
107	1161.2336554527283
108	1205.8392152786255
109	1205.8392152786255
110	1582968184.0514333
111	917.0271141529083
112	1682.9466626644135
113	858.8514766693115
114	3693.112539768219
115	501.87636518478394
116	906.4425902366638
117	693.1531045436859
118	693.1531045436859
119	1184.1533620357513
120	687.4564182758331
121	968.7273852825165
122	915.3004577159882
123	639.1906700134277
124	1038.0065567493439
125	791.2179298400879
126	1094.9859125614166
127	845.3337662220001
128	1026.7570831775665
129	910.9318082332611
130	910.9318082332611
131	926.3915665149689
132	695.3906662464142
133	1259.0561757087708
134	1259.0561757087708
135	1191.3691818714142
136	1772.2719411849976
137	544.3199305534363
138	943.9531950950623
139	1248.8566994667053
140	1248.8566994667053
141	1359.959243774414
142	624.8056344985962
143	1275.980411529541
144	1294.7486147880554
145	743.213436126709
146	743.213436126709
147	1085.377150774002
148	1924.103219985962
149	699.0683972835541
150	890.3344452381134
151	1318.4356081485748
152	596.541054725647
153	951.6874675750732
154	998.7141714096069
155	1525.1857969760895
156	1675.9101231098175
157	643.5762090682983
158	954.43097615242
159	954.43097615242
160	899.6459105014801
161	766.3617467880249
162	766.3617467880249
163	1305.5071425437927
164	915.7392063140869
165	963.4858694076538
166	1353.2613272666931
167	1353.2613272666931
168	1353.2613272666931
169	2688.7732112407684
170	1865.0427298545837
171	1540.2112810611725
172	1004.3318548202515
173	931.676707983017
174	2098.7937276363373
175	1344.2993159294128
176	3025.12966299057
177	823.8989188671112
178	1329.170550584793
179	1179.8949995040894
180	1198.0781915187836
181	1462.5850961208344
182	615.648449420929
183	1863.9961502552032
184	794.1711630821228
185	713.8757693767548
186	4950.719530105591
187	950.534200668335
188	1006.6988141536713
189	743.8704409599304
190	648.9188287258148
191	1167.220591545105
192	797.5100331306458
193	781.0943567752838
194	731.311407327652
195	22754.273260593414
196	22754.273260593414
197	624.1544387340546
198	824.088294506073
199	784.4774799346924
200	1009.0929098129272
201	33220.74717283249
202	1138.9378380775452
203	0.0
204	0.0
205	1583481901.5764227
206	31287.148133277893
207	37702.67162299156
208	19997.928616285324
209	866.4912450313568
210	29918.41024184227
209	1584051343.5644684
210	1161.6173887252808
211	1126.4858057498932
212	1126.4858057498932
213	1126.4858057498932
214	25000.63311958313
215	38022.58171248436
216	1038.2439455986023
217	1111.7903244495392
218	1951.5572562217712
219	36671.4241437912
220	988.0398437976837
221	745.4762854576111
222	1271.915991783142
223	38073.295818567276
224	38073.295818567276
225	38073.295818567276
226	38073.295818567276
227	38073.295818567276
228	0.0
229	0.0
230	1584814016.4585865
231	32632.759288072586
232	40705.492144584656
233	26658.60443997383
234	3116.1358649730682
235	1212.622232913971
236	38555.74187755585
237	13500.972101211548
238	2200.5572369098663
239	4449.19377040863
240	0.0
241	4460.864890575409
242	28737.208447933197
243	3092.2411460876465
244	2191.2633006572723
245	1145.6666791439056
246	26322.678716659546
247	13594.054539203644
248	3561.7784016132355
249	3922.5226032733917
250	2019.6097304821014
251	2019.6097304821014
252	25508.69429922104
253	25508.69429922104
254	36955.37034344673
255	1513.2420904636383
256	2809.318160533905
257	1434.4022524356842
258	973.7952432632446
259	45542.56656455994
260	966.3075013160706
261	966.3075013160706
262	984.1806681156158
263	1480.011449098587
264	998.3981080055237
265	783.4108624458313
266	783.4108624458313
267	716.2712986469269
268	1081.2682435512543
269	615.569497346878
270	484.6893792152405
271	723.5299904346466
272	723.5299904346466
273	903.4479334354401
274	903.4479334354401
275	642.0019297599792
276	642.0019297599792
277	642.0019297599792
278	586.7275602817535
279	544.7845046520233
280	724.2342753410339
281	724.2342753410339
282	980.8745748996735
283	738.7480611801147
284	738.7480611801147
285	815.0151007175446
286	815.0151007175446
287	1326.4313728809357
288	1326.4313728809357
289	1246.2663207054138
290	515.5116291046143
291	571.3664326667786
292	787.4189457893372
293	835.4151918888092
294	763.5391356945038
295	552.3104207515717
296	552.3104207515717
297	335.10411167144775
298	420.0453703403473
299	557.4515306949615
300	1046.4397745132446
301	1046.4397745132446
302	1046.4397745132446
303	1046.4397745132446
304	1046.4397745132446
305	603.9098696708679
306	468.596316576004
307	442.389671087265
308	2415.5046503543854
309	2415.5046503543854
310	908.3316581249237
311	616.2930080890656
312	527.2178747653961
313	527.2178747653961
314	238.9078459739685
315	586.0646352767944
316	586.0646352767944
317	586.0646352767944
318	586.0646352767944
319	469.50184202194214
320	616.5235557556152
321	278.4087173938751
322	778.2746570110321
323	668.5937275886536
324	668.5937275886536
325	395.35250329971313
326	638.5201835632324
327	411.61992740631104
328	713.3917281627655
329	370.0364830493927
330	853.6899783611298
331	881.8281836509705
332	881.8281836509705
333	638.643975019455
334	228.48036003112793
335	512.944967508316
336	789.1229496002197
337	745.5825214385986
338	703.144288778305
339	525.8131296634674
340	1151.6013000011444
341	1151.6013000011444
342	1151.6013000011444
343	3116.675968170166
344	218.2248613834381
345	712.8350114822388
346	712.8350114822388
347	841.5467576980591
348	449.7753965854645
349	926.4126396179199
350	999.0589632987976
351	1077.180686712265
352	518.7494492530823
353	796.3145222663879
354	35310.2785756588
355	35310.2785756588
356	35310.2785756588
357	422.1610789299011
358	422.1610789299011
359	2116.790681362152
360	1188.2161769866943
361	1210.3165292739868
362	902.9321644306183
363	1289.8635907173157
364	1548.917130947113
365	1596.8522424697876
366	1465.6487364768982
367	1222.3723628520966
368	1379.0111210346222
369	1071.6259078979492
370	883.4292511940002
371	883.4292511940002
372	1661.0015637874603
373	1421.4583549499512
374	1168.592384338379
375	1168.592384338379
376	1168.592384338379
377	1317.2877867221832
378	1572.6795766353607
379	2859.148372888565
380	1214.186595916748
381	1326.888664484024
382	2458.487795352936
383	2458.487795352936
384	1221.0665578842163
385	1689.2991499900818
386	1592.6722514629364
387	1646.0756509304047
388	1235.0528876781464
389	1493.853735923767
390	1535.7642867565155
391	1225.9740858078003
392	3578.6135568618774
393	1183.4499337673187
394	1229.5978887081146
395	1385.8577387332916
396	1303.6111800670624
397	1164.2391111850739
398	1864.150698184967
399	1063.2699177265167
400	1149.1823482513428
401	1275.1025776863098
