Iteration_step	Porb	eccentricity	Wdisk	logQ	primary_mass	age	feh	secondary_mass	posterior_probability	acceptance_ratio	inital_orbital_period	initial_eccentricity	current_orbital_period	current_eccentricity	current_spin	delta_e	delta_p	bad_solution_flag	gsl_flag	
1	7.736	0.02	4.1	7.591025769243592	0.7929824323229073	4.251777733215329	-0.5069644626984782	0.7282750658453581	0.001524634771025847	0.0	7.830040323548724	0.02057067746003859	7.736000000041605	0.020000000080122256	7.931454007669258	4.1604941714012966e-11	8.012225605202872e-11	False	False
3	7.736031679108427	0.02916390527645256	4.4568364586666736	7.716194780629475	0.7506357062640365	4.902944653358208	-0.6036998232660096	0.6893838326328912	0.29329928898163304	192.37347498265913	7.80770307358885	0.029785399027678326	7.736031679175943	0.02916390528421012	9.565292700854886	6.751577075192472e-11	7.757561953924963e-12	False	False
26	7.736033691382632	0.015937097382762118	4.463754029427659	7.717081621135557	0.7455729160866943	5.549301480436066	-0.567371999614397	0.68473416613402	0.27952754121643125	0.9530454103280687	7.81805289284894	0.016324379117947006	7.736033691275916	0.015937097380702148	9.585765170743311	-1.0671641348380945e-10	-2.0599702499346506e-12	False	False
76	7.7360108660512275	0.006269547453484247	4.4309479812017285	7.6798790913378765	0.7763203052986745	6.456730736628151	-0.5255300055983162	0.7129725683863026	1.6024748472434343	5.732797706694231	7.858968805804915	0.00649732206111597	7.736011036182217	0.006269547054859379	8.418755114813422	1.7013098929652415e-07	-3.986248683571225e-10	False	False
80	7.735976433290256	0.032748904362000036	4.056979362435362	7.847348009545975	0.7637949949712102	7.368391388604034	-0.6081722386505173	0.7014693233815594	0.19935363611590876	0.12440359763451854	7.83170892608538	0.033659048160309554	7.735976433315698	0.03274890436160302	9.63837787393233	2.5441870832310087e-11	-3.97015753605956e-13	False	False
101	7.735993117186178	0.02884986508240433	3.9755570770854605	7.813192592063227	0.7666366870874969	6.64085178096597	-0.5392231545339039	0.7040791334211571	2.0809249415397133	10.438359600974703	7.827606650587874	0.029622550888613493	7.7359931171992224	0.028849865082771115	9.526202640109945	1.304467645013574e-11	3.6678646231358414e-13	False	False
104	7.735992953805273	0.027420774768316093	3.4655159277211003	7.569379384352576	0.7293256063880145	6.824160528057668	-0.4686630014154667	0.6698126369067525	39.76022566207973	19.106996541961017	7.879169917297943	0.02856774016513285	7.735992953806821	0.027420774764951188	8.712333443355044	1.5472068071176182e-12	-3.364905576397348e-12	False	False
110	7.735988301861076	0.03085207363282826	4.11632106092211	7.754323234754041	0.7829518361398926	6.140846634487163	-0.4987312668553452	0.7190629663108774	32.64403545772513	0.8210223889362509	7.837772799297891	0.03177446932334051	7.735988301868129	0.030852073638184846	8.818925803653093	7.052136652418994e-12	5.3565867019766955e-12	False	False
118	7.736024012330525	0.028104454060962212	4.232901030873678	7.8927377860699615	0.8239040558729647	5.615281968502785	-0.3094681369899813	0.7566734849137308	28.621477060247997	0.876775087973224	7.81423326228023	0.028756131336416343	7.736024012443793	0.028104454046395274	9.076073458198932	1.1326850568593727e-10	-1.456693793366881e-11	False	False
132	7.736030457860738	0.02074743034754314	3.8615411234162833	7.753205100181289	0.7854251937655418	4.326183733616002	-0.41904523888742656	0.7213344979542735	13.609304684579465	0.47549274469420216	7.8014048273792636	0.021157372489018708	7.73603045790634	0.020747430464414313	9.170136963526533	4.560174460266353e-11	1.16871172461952e-10	False	False
134	7.736022301170786	0.0098826744380979	3.744509808432153	7.810031414188703	0.8115284461277797	5.538143463004513	-0.40751207481667495	0.745307724923753	15.729914582254784	1.1558205908989718	7.82363285405748	0.010140947392118961	7.736022301211298	0.009882674439048656	8.732123561347985	4.051159407936211e-11	9.507568343725126e-13	False	False
150	7.736014165938522	0.006410758928948877	4.3581414787499995	7.662037822218572	0.7862888211894499	3.616896628472005	-0.511129742036645	0.7221276533803908	7.691233124020643	0.4889558098870587	7.798416339258304	0.006534492444946351	7.736014165956164	0.006410758929919447	8.646925490239695	1.7641887950503587e-11	9.705699785533817e-13	False	False
158	7.7359770015825315	0.006242354757342863	4.035487251547477	7.871098502581027	0.8156969449835877	4.715612617073594	-0.3050778314570988	0.7491360742729269	3.931464987391019	0.5111618545422297	7.798494901212551	0.0063602849636380035	7.735977002364617	0.006242354773553947	9.330166576820167	7.820855074669453e-10	1.6211083690709227e-11	False	False
176	7.7359913626956525	0.007257691150708894	4.1930969402499665	7.673294852017471	0.7836942511410867	4.98395342799973	-0.41522032740617565	0.719744800247974	5.697880790340991	1.4493021834393072	7.8289558776004196	0.00746007213885195	7.735991362333333	0.007257691176175397	8.550406329282273	-3.623190636403706e-10	2.546650303830722e-11	False	False
183	7.736005931802058	0.007859184459416189	3.3015658754244788	7.887289090276511	0.7922883486652729	6.257906427541762	-0.38970215697942895	0.7276376194141866	0.5219141437120325	0.09159794016694378	7.81574537894078	0.008044388280615456	7.736005931062339	0.007859184461748018	9.611964808473868	-7.397193968472493e-10	2.331829174195832e-12	False	False
192	7.7359961308875915	0.014985289487678456	3.446588701546244	7.690553785086187	0.7601351900801112	6.6952277921012335	-0.5064854007605161	0.6981081585695741	72.7003448837667	139.29560208255117	7.854372752982679	0.015506625837264736	7.735996130840632	0.014985289487114393	8.841256724462788	-4.695976940638502e-11	-5.640626854486186e-13	False	False
194	7.735997975481825	0.023859710010404933	3.8458509180816436	7.680010468418227	0.7371770599747672	8.595294251388847	-0.6347186056035903	0.6770234118808263	110.25367918480293	1.5165496031838157	7.885914751223239	0.02489786825749885	7.735997975454505	0.023859710004655633	8.91067898442362	-2.7320368189975852e-11	-5.749300341362229e-12	False	False
198	7.736005048194466	0.02097291711513015	4.037789471371251	7.701081172490305	0.7490752201267975	8.366880978589611	-0.6351323626413549	0.6879506821644509	81.96255951417625	0.7433997678825193	7.881454159360034	0.021860342113188862	7.73600504815908	0.02097291711585174	8.77032997960318	-3.538591641927269e-11	7.215894548551205e-13	False	False
264	7.7359835467378195	0.024062302186373258	3.7352124388981633	7.518857170794728	0.6831128545939831	9.363247960220786	-0.8214767709234898	0.627370845659114	72.54609385247355	0.8851125963181514	7.9180971652828225	0.02533056359355288	7.735983546773793	0.024062302192750525	9.12073305965016	3.597389053311417e-11	6.377266770218881e-12	False	False
270	7.735984484203459	0.01791533502483099	3.151769310065418	7.350075697353208	0.647514166759819	9.594391928903137	-0.8161259746582001	0.5946770107522178	95.85156323411667	1.321250506319969	7.970729266943413	0.018973512385642766	7.735986023066392	0.01776245554055319	8.843929612090198	1.5388629330814751e-06	-0.00015287948427780002	False	False
279	7.736003407961344	0.01384735283258224	2.9352238371810286	7.770143855193279	0.7706269481321444	8.222970316734171	-0.5548430821561927	0.7077437891645614	58.0041991712458	0.6051460947962947	7.871474224047925	0.014394412097775706	7.736003409320886	0.01384735252947022	8.72646849048685	1.3595418124623393e-09	-3.0311201985877556e-10	False	False
280	7.735976032057614	0.015364667586076741	3.290567970824587	7.605980298521468	0.7329257626862091	8.60740022559819	-0.6272036299716967	0.6731190204510145	8.977485171534202	0.15477302160538364	7.9093341883971995	0.016140753606938268	7.735976032092893	0.01536466759688637	8.536758554175886	3.5278446830488974e-11	1.080962923338813e-11	False	False
327	7.736027308120356	0.0028186317768574137	3.2465866923619253	7.620067154105602	0.7146558978711486	9.302048462514474	-0.5641019350557497	0.6563399766048629	11.432336954352756	1.2734453731655715	7.908611819401223	0.0029602023908160205	7.7360282000092795	0.00281863179426054	9.020427178656234	8.91888923604256e-07	1.7403126249121437e-11	False	False
336	7.7360006201539235	0.004075056937463836	3.266780431191878	7.614333353981456	0.7195500805456718	10.57071386878179	-0.5821530706086563	0.660834793973145	12.760326315262393	1.1161607960132787	7.945583823988259	0.004323332972450837	7.7360015343091275	0.004075056983787679	8.603077959371634	9.141552039793055e-07	4.632384233149711e-11	False	False
337	7.736015031363194	0.007867674729324248	3.5350914308296972	7.820242321136149	0.7822023467654479	10.922977375017828	-0.2067810702733286	0.7183746352693873	56.051038071882004	4.392602249116496	7.918518722395544	0.008284923762381671	7.7360159491641	0.007867674787498545	8.664644266116158	9.178009063859349e-07	5.8174296976853945e-11	False	False
346	7.736022472797868	0.009902323180737822	2.8861779904715372	8.031616191569631	0.8112444548296656	9.974407276821685	-0.3056005068872027	0.7450469073155649	29.22949970315827	0.5214800779545463	7.853602987994602	0.010239997370857182	7.736022472894354	0.009902323191157456	9.25012539289466	9.64863744457034e-11	1.0419633905689452e-11	False	False
359	7.736018677134337	0.027883167897345264	2.4024469416762786	7.793101610927827	0.7350625765009031	10.599096835197349	-0.6316767098987356	0.6750814702584295	24.725536161118676	0.8459103444198555	7.889489177595193	0.02911436152403157	7.736018677154481	0.02788316786215055	9.283252693963702	2.014477473721854e-11	-3.5194715197750526e-11	False	False
376	7.736018933323095	0.019073304523286302	1.9538530686133633	7.572664516857791	0.7090250423574024	9.269969274568394	-0.6457803560524472	0.6511685989010383	67.44433619306876	2.727719866359304	7.92138724081158	0.02009929880975022	7.73601983955056	0.019073290184214237	8.816260637545144	9.062274655136093e-07	-1.433907206513374e-08	False	False
390	7.7359950010401635	0.010296967756717092	2.873262473283644	7.7538414006700735	0.7508981641719374	8.059902764328626	-0.8509248500036052	0.6896248739755073	83.21816569869007	1.2338792313184985	7.856748900602851	0.01065985021304648	7.735995001031069	0.010296967756523232	9.04013009120148	-9.094058839309582e-12	-1.9386055261083612e-13	False	False
398	7.735982764519437	0.0235200600499677	3.4327929747079287	7.748885314035825	0.7573976309342446	8.713902000851048	-0.6620108837604695	0.6955939842500103	48.50760331131058	0.5828968098977714	7.879893138764612	0.024502182893720793	7.735982764525284	0.02352006005637627	8.733578937691421	5.8468785368859244e-12	6.408571590066359e-12	False	False
423	7.735995697530617	0.026391046593847868	3.0205113612445147	7.7559378180668475	0.7400232444875888	9.671638546389572	-0.7705163293926044	0.6796373477374016	113.40712978657163	2.3379248209554055	7.884760962981331	0.02752429500331594	7.735995697514111	0.026391046589138815	8.97643973383108	-1.6505907751707127e-11	-4.709052592311025e-12	False	False
444	7.73602249648488	0.027506935754082237	3.498460339483461	7.787069526353784	0.7482313973353915	10.21696531320505	-0.5332574515311619	0.6871757153128235	58.85761031873892	0.5189939153694035	7.894289966883284	0.028762193883617605	7.736022339991653	0.027506935766540123	9.02689501175556	-1.5649322726574155e-07	1.2457885417704873e-11	False	False
445	7.735988178060359	0.015002401789053032	3.315102086007552	7.838050116012368	0.7853442629921016	9.529737509662828	-0.32431190171950497	0.7212601711319461	109.49505448073559	1.8603380920117796	7.88639407767611	0.015658068078685555	7.735988178003336	0.01500240179030617	8.78054795693868	-5.702283090158744e-11	1.2531382181935058e-12	False	False
479	7.7360047536393015	0.015807887363711165	2.7516585489402647	7.779894226092761	0.7365116277160577	10.508485387373858	-0.4334777563514058	0.6764122788944275	97.0909571086046	0.8867154554974594	7.893401498435475	0.016527719230975495	7.7360047536801355	0.01580788736406183	9.416289082684541	4.083400284571326e-11	3.506639423278557e-13	False	False
482	7.735983069595515	0.016688328880097497	3.370621007994945	7.799529794892494	0.7641916970959279	10.833539559324258	-0.35916988522650245	0.7018336546129003	542.41644522813	5.586683470648976	7.91244211129928	0.017542712716864174	7.735109529183657	0.01668562809619968	8.768714939913925	-0.0008735404118578316	-2.700783897816028e-06	False	False
491	7.736021062637895	0.017415717274871033	1.9373711503197553	7.773811738836425	0.739632120151339	11.205723754810991	-0.511367178423856	0.6792781391469896	367.0819024970458	0.6767529003340933	7.912625000718279	0.01830429051071171	7.736021062623573	0.017415717273542825	9.00832373289426	-1.432187701766452e-11	-1.3282083766164021e-12	False	False
532	7.736002344691303	0.018667394663298618	2.9321467633473066	7.768883509693402	0.7275552043604326	11.563049791289272	-0.6605042397865791	0.6681866996846213	511.62288076048094	1.393756753684141	7.910537504258227	0.019607170620370356	7.736002344491136	0.018667394754696698	9.087690166076511	-2.0016699409097782e-10	9.139808007652128e-11	False	False
557	7.736024086672363	0.01901437559674539	2.289232802828807	7.8674073437178285	0.765784324512268	10.14584673575035	-0.6175858934811269	0.7032963236320668	230.89217437538218	0.45129368341029225	7.879461734892883	0.019802618631402834	7.736024086607833	0.01901437562216265	8.8818273920334	-6.45297149048929e-11	2.541726204507988e-11	False	False
561	7.735990210615184	0.017126604537252284	1.6484878388939124	7.753272347113584	0.7960158079719892	6.54580036161815	-0.4132740315000255	0.7310609180414749	29.84535280199235	0.12926099761817858	7.85362052927321	0.017719313045255664	7.735990210584399	0.017126604535466255	8.48805345944313	-3.078515220522604e-11	-1.7860296575022971e-12	False	False
564	7.736017518847245	0.016127664499470964	1.4926346310065177	7.712845164858237	0.7953761205806138	1.723786705930213	-0.4836074681255168	0.7304734291412357	146.04710423683744	4.893462148220541	7.756418593101111	0.01624524580231304	7.736017518896852	0.016127664500672982	9.156790412616052	4.9607429275511095e-11	1.2020176520799453e-12	False	False
590	7.736007412191468	0.014827593507632747	1.1942898793352235	7.693584668207345	0.8016191961481385	1.4113839639160284	-0.6264035331810137	0.7362070697424504	340.6491909600774	2.332461110681546	7.751186627303615	0.014916163668848405	7.736007412171154	0.014827593506244045	8.99517750539486	-2.0314416815381264e-11	-1.3887016536706653e-12	False	False
612	7.736005683696899	0.014864687254778257	0.958018819661368	7.657988958876532	0.7772019206578356	2.4497303529641985	-0.7019527016524418	0.7137822439321562	367.81817923896716	1.0797565031706586	7.772630757590095	0.01504474676315944	7.736005683701236	0.01486468725464795	9.060793254052541	4.3369752233957115e-12	-1.3030722334494982e-13	False	False
751	7.736001591772904	0.01444163448985312	1.4669888053479074	7.670954198659076	0.7633647860899325	5.701119533664796	-0.660299576975789	0.701074219544994	199.77747597586344	0.5431419305843237	7.837173278331682	0.01487381877245081	7.736001589156396	0.014441633136388386	8.78675759934459	-2.616508787411931e-09	-1.3534647343854678e-09	False	False	False
821	7.73600885022069	0.013541223530189033	0.6881332295010147	7.705900510034292	0.7830169774121297	2.28584688911821	-0.6465867289495412	0.7191227920552999	110.5741904835553	0.553486772937879	7.768032959788527	0.013687354369637476	7.736008851734051	0.013541223716103824	9.294556701654404	1.5133609920781055e-09	1.8591479050700244e-10	False	False	False
824	7.73597977734355	0.012930350438252424	1.4436156311595156	7.569574553225976	0.7444650346131176	4.735780266576097	-0.831431196679638	0.6837166877886872	189.08356153963237	1.7100153364247606	7.825908878274764	0.01327809416332374	7.735979777341746	0.01293035044253246	8.759215521979568	-1.8038903704109543e-12	4.280036394743725e-12	False	False	False
837	7.735986874117432	0.01265760703361533	1.424862951093512	7.69279304708087	0.7447580765837446	5.938417635270166	-0.7040705167517607	0.683985817534511	41.90222546125612	0.22160691876154087	7.8290487109911835	0.013004773601900915	7.7359868739896935	0.012657607027336091	9.355739260575993	-1.277387084996917e-10	-6.279239281314908e-12	False	False	False
840	7.736012280106535	0.012600145396590648	0.9357105142022719	7.783146090488456	0.7595459126394826	6.762274231014299	-0.7780365239376288	0.6975669661681008	60.97468002229848	1.4551656708228358	7.831314419863767	0.01295438447734633	7.73601228010605	0.012600145395311516	9.39246561069898	-4.849454171562684e-13	-1.2791313147575423e-12	False	False	False
851	7.736016774386484	0.012731098960003004	1.2016395146494423	7.812879689491015	0.8252041759652073	3.659141436377804	-0.5406203605615527	0.7578675152064465	153.74972178695842	2.52153388473268	7.7901849635112566	0.012943983514094171	7.736016774383753	0.012731098958891695	8.804502702893558	-2.731148640577885e-12	-1.111308961521118e-12	False	False	False
926	7.735975922283016	0.01174514934971068	3.1123931456275176	7.739775938264655	0.8139622524608533	1.8333830298264893	-0.6208564936042362	0.7475429326600477	134.93337118708615	0.8776170104168063	7.756274397475717	0.011832517870765473	7.73597592248679	0.011745150611281337	8.98310188227114	2.0377388665338003e-10	1.2615706569685248e-09	False	False	False
968	7.735998565177477	0.011017573643549787	2.339581149270452	7.579638340505495	0.7820352708151179	0.7519117353233891	-0.8756487726746927	0.7182211927166043	420.6947604277757	3.117796262901334	7.736444648415128	0.011041758159516454	7.735998565161177	0.011017573659483117	8.62492430243963	-1.6299850358336698e-11	1.593332930871494e-11	False	False	False
989	7.7359777401296395	0.010976002996788576	2.999707464076693	7.595271790772621	0.7249846241341247	6.922797108273836	-0.9493121336884724	0.6658258788047801	442.4955445302687	1.0518209071116675	7.857955383260411	0.011368953124451053	7.735977741509946	0.010976004546788426	8.988564878103979	1.3803065357365085e-09	1.5499998506918189e-09	False	False	False
1050	7.736025499147246	0.01092329206349642	2.983304644202525	7.7370104625983265	0.7856866755287852	4.058649587674854	-0.7082729376626757	0.7215746428056363	108.88509682478711	0.2460704930721373	7.79583567316488	0.011123082000397525	7.736025499153307	0.010923292072610372	9.07370926344247	6.0609295360336546e-12	9.113952648132084e-12	False	False	False
1156	7.736028746979731	0.011709698528714587	2.9482186359450706	7.654802442982399	0.7819443836621383	2.4827198064485674	-0.5558495732075837	0.7181377219553078	75.64682795776243	0.6947399613327232	7.773250238425423	0.011852030806270572	7.736028746957374	0.0117096985243268	8.897481412112974	-2.2356339002271852e-11	-4.387787008730548e-12	False	False	False
1190	7.736017130095629	0.013553115272566297	1.5910057888854514	8.065231374407292	0.8737545199293304	5.357012981315121	-0.21842394859531425	0.802456151103097	90.69661765422724	1.1989480603848703	7.796801915594611	0.01379980198412923	7.73601713008499	0.013553115273292482	9.290833062526819	-1.06386011111681e-11	7.261847373429831e-13	False	False	False
1210	7.735991419822499	0.01424551381332082	1.2140528255401257	7.763731488551962	0.7806344243790826	5.7540598583318125	-0.5079142344665868	0.7169346553497494	224.6739004980099	2.477202637859761	7.82718846712778	0.014629541065727704	7.735991566001749	0.014245508061428401	9.036265273349516	1.4617925003790333e-07	-5.751892418956461e-09	False	False	False
1244	7.7360141334647645	0.014310044784723041	0.7479168027020014	7.594098600061656	0.7395459577420662	4.209991482940518	-0.6528946259438037	0.6791990075903136	293.47583974051287	1.306230225629222	7.812504796565196	0.014645493839728466	7.736014133385017	0.014310044774948088	9.08588490155097	-7.974776394803484e-11	-9.774953416141763e-12	False	False	False
1426	7.735990664398323	0.01408882294299843	2.2683242451996923	7.693295128713836	0.8087518737855788	1.0357111191258257	-0.589455387343893	0.7427577208846755	234.568167158717	0.7992759041634186	7.742106531946407	0.014138959605569351	7.735990664139244	0.014088822539032094	8.868952291290139	-2.5907898049126743e-10	-4.0396633607664434e-10	False	False	False
1451	7.735984996217302	0.015631115723454117	2.6682818784385915	7.655415723618425	0.7952529366685516	0.6929037898916789	-0.6177953348563157	0.7303602970363977	121.95986846560781	0.5199335866536635	7.735456751771621	0.015657760403607175	7.735984996379756	0.01563111570886912	8.685824179844241	1.624540502120908e-10	-1.458499640505373e-11	False	False	False
1456	7.736034991685642	0.017247110426277922	2.957184831268949	7.7272941399524235	0.7811573976284176	2.2637828569870555	-0.5974385549156834	0.7174149539819388	3.658782021944709	0.029999884945566917	7.763172967285749	0.017403293003872684	7.73603499145302	0.017247110452961303	9.47696484659845	-2.326219217252401e-10	2.668338119904412e-11	False	False	False
1457	7.736017298115562	0.018108258535555945	3.645466295309168	7.765610132722314	0.7708208878045237	6.266789723861994	-0.47885019563667586	0.7079219033596746	134.2564934474238	36.69431320099906	7.832252070324768	0.018621600174315574	7.736017166056229	0.01810826145757978	9.197772111782262	-1.3205933324655916e-07	2.9220238347005267e-09	False	False	False
1495	7.735977525240058	0.01789474955715702	3.3716256495955568	7.706207056281424	0.7824467689617524	3.369312051636718	-0.3927821121368914	0.7185991126144734	234.4750094132015	1.7464705310884965	7.7880817128074735	0.01818385797867781	7.735977520930968	0.017894744302729255	9.07067731833888	-4.309089973730806e-09	-5.254427764417313e-09	False	False	False
1512	7.736015026890981	0.016446618570920758	2.2836733543908405	8.074873688932971	0.8578469852141655	0.6138879954204289	-0.4585737682949151	0.7878466712206895	231.51130767101287	0.9873602660274731	7.733914786959262	0.016454668642540495	7.736015027382777	0.016446618532508894	9.01310043740847	4.917959373074154e-10	-3.841186396735807e-11	False	False	False
1611	7.735983733127081	0.016094742249110495	2.2653307043946365	7.851419919181167	0.861565002432784	0.8455635010940112	-0.44189230843880356	0.7912612982342688	163.0990250155191	0.7044970142334885	7.736804485741372	0.016126871523559586	7.73598373306549	0.01609474224912577	8.78174531064784	-6.159073251410518e-11	1.5275974929451763e-14	False	False	False
1668	7.736039943985715	0.01695355426398748	1.4678847013632643	7.8746237036417375	0.8868420436790316	0.7125714923588582	-0.3570477351079421	0.8144757329148227	3.909742661844548	0.023971588189889738	7.735231388052225	0.016981249774769856	7.736039943478396	0.016953554290982855	8.445286581718895	-5.073195197269342e-10	2.69953746856455e-11	False	False	False
1669	7.7359387450387045	0.015103131455624124	1.889222478478493	8.001526239308479	0.8451634167542272	0.6531476263585446	-0.3557388561766031	0.7761980819470823	0.5896266695088012	0.15080958531184394	7.734730534458426	0.01511518569093711	7.7359387450582	0.015103131457685211	9.343202877552471	1.949551631241775e-11	2.0610874118531797e-12	False	False	False
1681	7.735953748736577	0.015449594630972152	2.1326975094581986	7.851920370369253	0.8560062125846242	0.6834266644574176	-0.45986237362724525	0.7861561056377189	8.081588341396456	13.706280192734438	7.7342025164439185	0.015468428056520902	7.7359537487483365	0.015449594631161478	8.647937227505418	1.1759482276829658e-11	1.8932598544463275e-13	False	False	False
1688	7.735981654356534	0.015697296871233776	2.218800852094118	7.765561056928785	0.7952529366685516	0.6929037898916789	-0.6177953348563157	0.7303602970363977	107.34062274223042	13.282119579439321	7.735503150612055	0.015718079452976402	7.735981654370561	0.015697296878270647	9.22108112297529	1.4027001782324078e-11	7.0368710858303984e-12	False	False	False
1712	7.7359777177075895	0.01600094149890645	3.7493434242668746	7.686275436993849	0.7772019206578356	2.4497303529641985	-0.7019527016524418	0.7137822439321562	83.5659937297407	0.7785122872858441	7.767841620285844	0.016169026001091734	7.735977717752851	0.016000941532744686	9.260130948691668	4.526157226791838e-11	3.3838237767369606e-11	False	False	False
1715	7.736024565233269	0.016822656988444425	4.241011915006472	7.75073580207621	0.7814729065606353	3.2724104495102164	-0.5635219398731848	0.7177047173852874	17.150635172445508	0.20523462244596857	7.7794451639154945	0.017051108892477556	7.736024565276529	0.016822656988204412	9.431427121365308	4.3260506288334e-11	-2.400128706891991e-13	False	False	False
1753	7.73601421080931	0.01724242452553466	4.113681610787724	7.718488611514452	0.8038492839733484	4.220694932827529	-0.49825039310772246	0.7382551824011232	38.95794389535543	2.2715160985959226	7.808647451135639	0.017623571366409973	7.736014209988174	0.01724242441612124	8.526470157435627	-8.211360480459007e-10	-1.0941341929693316e-10	False	False	False
1757	7.73599176704319	0.017390993160786624	3.528217873896689	7.751663147220072	0.8233073503980437	3.118894985355546	-0.44404098911257966	0.7561254706055633	62.75291570415352	1.6107861306211013	7.784251659220193	0.01765682588732286	7.7359917670875085	0.017390993225632024	8.593493625637054	4.431832678619685e-11	6.484539988305116e-11	False	False	False
1821	7.736030901966495	0.017592603060589983	3.9121235981177787	7.617663908250802	0.7565109386162163	4.811271269275132	-0.555010398242518	0.6947796460251331	80.63638180766377	1.28498223393828	7.825819905508617	0.01806525543643318	7.736030901405794	0.01759260309983466	8.760278538605869	-5.607008191077512e-10	3.924467695259892e-11	False	False	False
1827	7.736020451190428	0.01703994669299919	4.329134935922375	7.615182233848073	0.735664522879369	5.174907823793967	-0.6753146591060464	0.6756342978124125	194.0802658002487	2.406857319853147	7.825236844142616	0.017492045475943754	7.7360204512001935	0.017039946700847314	9.162186189918877	9.765521724602877e-12	7.848124927711808e-12	False	False	False
1876	7.735987793261156	0.01697270387049357	4.443573815126127	7.848399761813599	0.8116127106018078	6.871598140021927	-0.39839658582954274	0.7453851134167003	207.69343178983658	1.0701419380968842	7.843281683303638	0.017508279236482675	7.735988736013501	0.01697270393370631	8.668178724595906	9.427523446348118e-07	6.321274059750692e-11	False	False	False
1885	7.735986924150386	0.01649889006296059	1.9324964962929116	7.821085278756766	0.7960158079719892	6.54580036161815	-0.4132740315000255	0.7310609180414749	236.15575168482863	1.1370400577895639	7.836614570048807	0.016987337906426828	7.735986924140181	0.016498890059451154	8.946187969708728	-1.0205170042354439e-11	-3.5094357975218315e-12	False	False	False
1911	7.736014277620412	0.01721685300430445	0.4552990451886676	7.733068059370641	0.7470948170509882	7.755895756159381	-0.6052128244534266	0.6861318799796275	198.92663390067517	0.8423535420223891	7.862307244194959	0.01785249094148972	7.736015179712372	0.017216852998868725	9.21203362420813	9.020919602420463e-07	-5.4357247869507574e-12	False	False	False
1933	7.735983618603419	0.01840977935074049	1.6041441212624143	7.699031439040541	0.7712776466256485	5.370523948140862	-0.7388648839917875	0.7083413906609956	263.6719604942976	1.3254733935021994	7.825858368975153	0.018901058938586002	7.7359836185990165	0.01840977935222078	8.84486760445188	-4.402700426453521e-12	1.4802915837552888e-12	False	False	False
1984	7.73597118876308	0.016479998049713902	2.361167729910452	7.711030467660989	0.7638171582479324	6.173532697288099	-0.7600938897032863	0.7014896781349012	143.1758010612656	0.5430073064760409	7.836312780251361	0.016967788004850635	7.73597118876378	0.01647999804923575	8.920027806268225	6.998845947236987e-13	-4.781522400243432e-13	False	False	False
2030	7.735995119796278	0.015770254663101606	2.435313966159513	7.751741913592419	0.8062843696939619	1.9737655436922663	-0.8146741500682494	0.7404915651269346	573.8715995699912	4.008160564259241	7.756815441241452	0.015888544414465234	7.735995119882239	0.01577025468505977	9.24060257797448	8.596146017225692e-11	2.1958164453383944e-11	False	False	False
2062	7.735994495995702	0.01631588564442968	1.685711298976801	7.630293193831645	0.744649058297736	6.284302918369528	-0.7455483661948085	0.6838856951406407	222.48005191931233	0.38768263159567273	7.797814492309131	0.011584423005789891	7.681237322810546	0.011197201670663428	8.761873150454	-0.05475717318515638	-0.0051186839737662505	False	False	False
2156	7.735974320275387	0.016202585346950054	0.8254283113767199	7.764457951788083	0.7997611341537523	5.4844131129361156	-0.6073761765212972	0.7345006256068061	41.63887631179496	0.18715779663201573	7.829229893480233	0.01665642130078633	7.735974320262555	0.016202585347327762	8.577562803000825	-1.283240180782741e-11	3.777082813183341e-13	False	False	False
2160	7.73597771158878	0.016384872569940652	1.852277743974104	7.6508236257395295	0.7819443836621383	2.4827198064485674	-0.5558495732075837	0.7181377219553078	135.7508734497792	3.2601954104925093	7.774288799458259	0.016588543929308766	7.735977711601694	0.016384872583923026	8.867366992562115	1.2914114222439821e-11	1.3982374286181098e-11	False	False	False
2177	7.736020442129767	0.017217595327607717	0.7662789351848551	7.82424395172864	0.800261002489155	0.4110148293071303	-0.3838041259864624	0.73495970468604	195.728731865534	1.4418230018825147	7.733472357988957	0.017233500251060758	7.736020441984421	0.017217595326802386	8.632156426380273	-1.45345957491827e-10	-8.053314959344249e-13	False	False	False
2201	7.735977788401361	0.01801760467107552	0.4901871857774179	7.840590931954397	0.8438501377293713	2.441753721495731	-0.3970135911625453	0.7749919664906546	226.26886552810586	1.1560329613924694	7.770956329425808	0.018224946849487028	7.735977788439524	0.018017604669102044	8.950395302823168	3.816325033767498e-11	-1.973476937422447e-12	False	False	False
2210	7.735967943049477	0.016971225890884477	1.0192293247256947	7.893765002214818	0.8460350357928975	3.530994954503625	-0.32891214614191	0.7769985768721971	82.21999429429688	0.3633729903687698	7.783066456714947	0.017221534855289697	7.7359679430577915	0.016971225892360893	9.058590204444457	8.314238186812872e-12	1.4764162115099566e-12	False	False	False
2227	7.73599073168797	0.017779493960424064	1.8327672951444254	7.810130728186148	0.7797422424406273	8.765636605511853	-0.3766787717886947	0.7161152754574721	415.8589585252093	5.057881140646771	7.876825203007829	0.01850756992816513	7.735990731662372	0.01777949395907239	8.837487818253921	-2.559819023417731e-11	-1.3516722463524644e-12	False	False	False
2235	7.736000310872119	0.016270472255097305	0.4683902913089033	7.866563231614185	0.8254683152659592	4.469695508120601	-0.3486156850903439	0.758110100740257	371.55356234534537	0.8934605224401385	7.802274214362455	0.016597261207753015	7.736000310843842	0.016270472245351494	9.090798407129608	-2.8276936347992887e-11	-9.745811796468828e-12	False	False	False
2298	7.735996460560958	0.016903684300914462	1.44219249174463	7.6822523355467265	0.7647263942911723	4.892227558600254	-0.47597049888597404	0.7023247205170127	364.22630437361875	0.9802794032562223	7.820033095016643	0.017327113566711	7.73599646026873	0.016903683924919248	9.015603376198401	-2.922284636497352e-10	-3.759952141302314e-10	False	False	False
2314	7.735971573491492	0.016383646844758307	2.9442483905556958	7.611907722888463	0.7527790614410726	5.039316063567048	-0.5802104627399067	0.6913522900274811	71.79525378326493	0.19711715744071648	7.831065188216007	0.016848001814276682	7.735971573959509	0.016383646843131705	8.764794954188009	4.680176246552037e-10	-1.6266016311661247e-12	False	False	False
2357	7.7359665341764465	0.01678118284260096	3.3024413541622355	7.830336281312438	0.8517178631688828	2.507948841324656	-0.4302010789972239	0.7822176855343019	33.80759380817205	0.470888979795659	7.768301836686349	0.016962461290003818	7.735966534163741	0.01678118284248646	8.690726851824921	-1.2705392293810291e-11	-1.1449868830837318e-13	False	False	False
2360	7.735986087037671	0.016955579404261355	3.3236695050924174	7.894003493265832	0.8441528545388984	5.6026164682097415	-0.32871187086537434	0.7752699816085243	68.76125425510944	2.0338996808015453	7.8206124275274576	0.017383251832056336	7.735986085014893	0.016955579921477587	8.58776822254542	-2.0227775010539517e-09	5.172162316491313e-10	False	False	False
2386	7.736044472578736	0.01783087891355787	2.788313504822494	7.724542470578129	0.7980593855356746	3.673923504783588	-0.5910772602711096	0.7329377396759635	15.826768304027288	0.23016986056288016	7.794007625222286	0.01814959312609762	7.7360444725707485	0.01783087891325735	8.792036169198761	-7.987388528363226e-12	-3.005200255312701e-13	False	False	False
2389	7.736026429927527	0.018569595525485757	0.9016660779572723	7.744975727477613	0.7780282791428208	4.274894745913559	-0.722224790711604	0.7145411715647666	79.45318363686995	5.020177341994212	7.799030240639171	0.018927016640657077	7.736026429918879	0.018569595524776567	9.25977341699496	-8.64819327262012e-12	-7.091896514488383e-13	False	False	False
