1	1549589329.419803
2	467.1951894760132
3	140.0196568965912
4	81.61979722976685
5	109.6704318523407
8	80.25898146629333
10	131.21572709083557
13	251.77686595916748
14	393.37620067596436
15	336.937219619751
16	459.1719079017639
17	388.01494002342224
18	256.65828108787537
19	109.27702713012695
20	189.1319773197174
21	162.30073952674866
22	108.36956453323364
23	205.85946130752563
24	421.24109292030334
25	332.0600628852844
26	492.7275619506836
27	244.13079929351807
28	421.8868758678436
29	540.9600253105164
30	345.45031332969666
31	120.66142725944519
32	164.11490178108215
33	276.88050842285156
34	140.08366703987122
35	41.585389852523804
36	94.51268315315247
37	406.9858012199402
38	220.12640190124512
39	569.4851226806641
40	646.4801716804504
41	104.95114064216614
42	172.88185214996338
43	285.76375579833984
44	259.3956198692322
46	230.22518038749695
48	16.741946697235107
49	115.10874080657959
50	271.84822487831116
51	197.3240532875061
52	162.1713364124298
53	342.9430251121521
55	150.9583716392517
56	106.02052116394043
57	202.42560362815857
58	248.60533666610718
59	281.95270681381226
60	289.08606457710266
61	205.6591305732727
62	117.8068642616272
63	386.49965238571167
64	279.23047161102295
65	609.0947122573853
66	356.5404415130615
67	187.93947768211365
68	96.24676442146301
69	345.9332432746887
71	416.73704648017883
72	224.2960069179535
73	296.45562958717346
74	83.12980055809021
75	305.04674077033997
76	390.6621096134186
77	466.469007730484
78	501.2215986251831
79	400.8285753726959
80	259.0010929107666
81	422.36258578300476
82	564.2454054355621
83	629.9817879199982
84	149.81186962127686
85	278.22874546051025
86	658.4041419029236
87	252.2357954978943
88	543.5544312000275
89	237.69387459754944
90	310.38433861732483
91	247.7742931842804
92	311.04389691352844
93	232.4629671573639
94	194.17130064964294
96	230.76626348495483
97	167.98373937606812
98	250.90349674224854
99	71.87137961387634
100	417.74027037620544
101	185.9187252521515
102	208.51009035110474
103	235.74390530586243
104	282.2464520931244
105	246.58372735977173
106	276.4547824859619
107	75.65457391738892
110	256.5202100276947
111	325.4072895050049
112	441.14064717292786
113	390.2771978378296
114	335.17092204093933
115	326.0582330226898
116	639.6022281646729
117	515.502872467041
118	433.85447454452515
119	486.191294670105
120	637.8336381912231
121	617.0957729816437
122	303.64599800109863
123	517.1492681503296
126	369.638299703598
127	588.4375021457672
128	633.1772413253784
129	334.065420627594
130	316.09176683425903
131	700.5367472171783
132	353.55938363075256
133	354.2587351799011
135	531.9111430644989
138	592.8864235877991
139	617.9197459220886
140	409.3735249042511
141	247.1137237548828
142	734.0788657665253
143	419.0537419319153
144	502.0038254261017
146	836.8844728469849
147	781.3035638332367
149	564.2004067897797
150	707.867856502533
152	595.5966885089874
154	553.5473062992096
155	476.1297821998596
156	766.792014837265
157	874.938637971878
158	599.0428404808044
159	700.5518283843994
160	753.5064215660095
161	288.88831067085266
162	238.55727243423462
163	561.9443719387054
164	166.6869204044342
165	371.7303020954132
167	120.39355826377869
168	55.5271201133728
169	306.11298394203186
170	438.84177350997925
171	431.0137372016907
172	430.19636154174805
173	392.5121650695801
174	525.7651913166046
175	266.20645332336426
176	445.20551896095276
177	345.6598103046417
178	419.5576422214508
179	506.88245677948
180	584.1085712909698
181	315.0707428455353
182	508.4026081562042
183	86.14168620109558
184	429.4078571796417
186	564.7540276050568
187	392.74570512771606
188	154.42079186439514
189	689.3331413269043
190	546.52317070961
191	267.9345893859863
192	363.6216435432434
193	642.9848301410675
194	435.61889123916626
195	286.99034333229065
196	253.748854637146
197	556.7607636451721
199	732.1602900028229
200	702.9684178829193
201	538.5111870765686
204	435.235285282135
205	523.3176424503326
206	435.4526426792145
207	224.4011263847351
209	453.0436074733734
212	413.1983721256256
214	376.6890125274658
216	301.4533669948578
218	523.7846596240997
220	527.6196780204773
221	500.778826713562
222	583.1861789226532
223	452.65824151039124
224	454.15305280685425
225	337.4852120876312
228	268.8255281448364
229	443.2910439968109
230	320.75093483924866
231	735.8131053447723
232	509.3642420768738
233	393.9476685523987
234	948.8740971088409
235	517.5050888061523
238	631.5677366256714
239	637.3449139595032
240	659.4809446334839
241	560.6508531570435
243	672.5420038700104
247	525.4037518501282
248	636.5021891593933
249	622.3756303787231
250	631.4189035892487
254	631.3130769729614
257	577.2087965011597
258	691.2121267318726
260	546.9869518280029
262	482.81870770454407
263	356.16829919815063
264	297.67228746414185
265	441.70408034324646
266	418.45130705833435
268	323.4945635795593
269	387.1539022922516
270	296.308669090271
271	337.5145664215088
272	455.15574383735657
273	509.6190800666809
274	415.480890750885
275	529.9030015468597
276	56.62744331359863
277	343.8588683605194
278	226.16362357139587
279	211.36908268928528
283	323.10355830192566
285	177.770277261734
286	190.1690273284912
287	207.84774589538574
289	222.57181644439697
290	44.904696226119995
291	51.59406805038452
293	188.15728306770325
296	195.7200710773468
297	264.7670216560364
298	186.05128836631775
299	416.619357585907
300	452.13340067863464
301	408.15603947639465
302	425.10960483551025
303	470.04211616516113
304	277.5198380947113
305	292.83773016929626
306	226.63393473625183
307	397.66655826568604
309	327.55728554725647
310	381.24578642845154
311	385.9724156856537
312	318.0366539955139
313	90.93191194534302
314	277.4400815963745
315	337.63069105148315
316	182.08207440376282
317	255.80163717269897
318	19.563933849334717
320	336.8950810432434
324	234.40493369102478
325	362.79476046562195
328	198.54047656059265
330	329.5096218585968
331	178.640145778656
333	177.61918354034424
334	360.24514174461365
337	354.1383333206177
338	372.87899947166443
340	95.90108251571655
341	115.90173029899597
343	116.04248142242432
346	48.34436655044556
347	210.75734329223633
348	184.19897174835205
349	25.49834942817688
351	199.86180543899536
352	109.27381348609924
353	47.240121841430664
354	361.510746717453
355	285.19557881355286
356	361.7322301864624
357	328.27327156066895
359	397.49953031539917
360	476.3661153316498
361	210.97543263435364
362	136.2296941280365
363	167.5804386138916
364	168.16377019882202
365	183.23516368865967
366	292.67324900627136
367	320.44666481018066
368	90.2969651222229
370	288.52018904685974
371	241.08440899848938
372	244.61466431617737
373	214.01654648780823
374	159.92685770988464
375	225.20119667053223
377	144.17350435256958
379	463.3238134384155
382	151.0776309967041
386	112.91415095329285
388	297.64694595336914
389	175.24124717712402
392	295.2392179965973
394	247.0275650024414
395	313.2280111312866
397	344.95530128479004
398	262.43847489356995
399	218.86402535438538
400	120.40831875801086
401	177.95671725273132
402	327.48941826820374
403	154.22109127044678
404	321.70960879325867
405	298.9192490577698
406	296.1903567314148
407	355.13351583480835
408	200.39468908309937
409	260.9637072086334
410	189.02912616729736
411	421.8254039287567
412	282.00462079048157
413	91.3653073310852
416	528.1866593360901
417	288.1585192680359
418	113.55931377410889
419	243.6483030319214
420	87.04999876022339
422	402.86079502105713
423	422.94525957107544
424	268.3320128917694
425	224.90400004386902
426	343.151118516922
427	141.84510684013367
428	367.99541330337524
429	131.95415568351746
430	350.30163288116455
432	317.5750253200531
433	330.62801575660706
434	346.5733640193939
435	78.74781703948975
436	352.7872009277344
437	591.8735909461975
438	481.25571727752686
439	527.5803370475769
441	350.894672870636
442	309.21635603904724
444	360.36755561828613
446	206.22547602653503
447	332.7433457374573
448	601.7093381881714
449	244.06375527381897
450	230.94245076179504
451	385.7460014820099
452	172.44276905059814
453	192.21456050872803
454	280.4088225364685
455	229.14394116401672
456	483.32238602638245
457	269.71397376060486
459	379.06401681900024
460	214.83353209495544
461	252.1530487537384
462	220.9194676876068
463	213.81543397903442
464	128.45328283309937
466	160.37839150428772
467	314.66161489486694
468	353.773877620697
469	341.30133724212646
470	235.75825691223145
471	359.4679973125458
472	198.1387152671814
473	237.13863611221313
474	430.6655054092407
475	172.2430260181427
476	257.5720498561859
478	119.01454067230225
479	601.2740070819855
480	184.6711552143097
481	299.4305431842804
482	329.3209419250488
483	435.62794613838196
484	51.55155110359192
485	140.91005539894104
486	51.18616700172424
487	194.03813910484314
489	195.86514592170715
490	442.1823959350586
491	39.88941287994385
492	121.76377415657043
493	88.75345730781555
494	438.5826463699341
495	95.78855156898499
496	327.981547832489
497	341.41246485710144
498	494.1442801952362
499	281.3502879142761
500	401.63868737220764
502	333.5517361164093
503	577.5642817020416
505	366.71250915527344
506	42.69677543640137
507	384.0821716785431
509	42.821900367736816
510	540.7795135974884
512	312.4922397136688
513	250.05108428001404
515	399.62382650375366
516	307.93065905570984
517	354.77865290641785
518	708.1396946907043
519	241.2342507839203
520	202.8384392261505
522	306.22011041641235
523	237.01936435699463
524	320.03219079971313
525	193.54757118225098
526	195.2038128376007
527	192.76640486717224
531	84.20137643814087
532	150.4313702583313
534	306.8763666152954
535	273.5780644416809
537	260.4683532714844
538	212.1925003528595
539	65.86423659324646
540	182.5180962085724
541	141.6215946674347
542	157.65228652954102
543	317.53315711021423
544	432.66306734085083
545	42.907206296920776
546	224.41176509857178
547	98.09779357910156
548	364.34336137771606
549	509.74829721450806
550	473.8657126426697
551	360.00891160964966
552	402.1311504840851
553	583.9254801273346
554	634.2716834545135
555	500.8510112762451
556	647.0914633274078
557	541.249076128006
558	509.6898477077484
559	367.16844272613525
560	425.5625379085541
561	437.1808817386627
562	517.3010768890381
564	270.42158460617065
565	252.72531294822693
566	467.466717004776
567	248.0849370956421
568	325.71051478385925
569	254.9184067249298
570	340.2770221233368
571	446.5830121040344
572	131.86291241645813
573	94.10338854789734
574	289.32513308525085
575	406.85339546203613
576	98.70999383926392
577	394.9173858165741
579	347.95121216773987
580	272.8989098072052
581	369.75568437576294
582	244.15185594558716
583	242.62595415115356
584	295.5700297355652
585	382.192209482193
586	558.535224199295
587	429.1187264919281
588	344.95875096321106
589	307.1602373123169
590	525.9823303222656
591	188.93710136413574
592	350.2079997062683
593	270.17387557029724
596	81.86314153671265
597	303.28168272972107
598	299.2591128349304
599	162.00398421287537
600	21.883978605270386
601	107.31254386901855
603	138.94065189361572
604	347.13012290000916
605	310.61297583580017
606	88.21471929550171
607	154.82004380226135
610	383.1379985809326
611	124.1853539943695
612	79.79661154747009
613	216.8063383102417
614	38.707009077072144
615	259.70561504364014
616	250.3746042251587
617	26.921730995178223
618	273.9279978275299
619	79.19625067710876
622	345.94594168663025
623	196.89943313598633
625	267.0011384487152
629	118.00739455223083
632	165.46964502334595
633	217.60509514808655
634	231.07013392448425
635	342.7128036022186
636	380.8918740749359
637	274.6818449497223
638	464.07483434677124
639	793.0778810977936
640	469.0617573261261
641	631.9434924125671
642	691.1128532886505
643	723.5154995918274
644	491.9656116962433
645	511.8472969532013
646	314.7164866924286
647	578.448575258255
648	505.30148673057556
649	529.4150776863098
650	561.0621893405914
651	635.4936418533325
652	381.43439292907715
653	804.3174242973328
654	368.67988443374634
655	556.5965604782104
656	462.5758752822876
657	574.3782749176025
658	512.1245186328888
659	523.3244888782501
660	448.81852293014526
661	220.91130924224854
662	226.98870396614075
663	400.0996446609497
664	438.7557740211487
665	451.3076796531677
666	445.9934606552124
667	414.8992443084717
668	499.41980051994324
669	145.9248549938202
670	259.7658920288086
671	298.38729453086853
672	378.50071573257446
673	581.8761143684387
674	521.0474154949188
675	529.5855841636658
676	663.8793127536774
677	622.9471242427826
678	781.2660095691681
679	693.4192080497742
680	922.6874568462372
681	783.0212390422821
682	722.7135951519012
683	1100.7401564121246
684	456.30271100997925
685	677.6738855838776
686	728.4877028465271
687	856.7316076755524
688	714.1803181171417
689	919.5778691768646
690	1045.1500089168549
691	928.1275522708893
692	616.675400018692
693	344.55563020706177
694	388.71055722236633
696	518.7701697349548
697	671.629879951477
698	537.657856464386
699	492.6361970901489
700	498.509592294693
701	426.9368782043457
702	447.347948551178
703	204.31526565551758
704	321.4946982860565
705	383.95006108283997
706	296.1722569465637
707	246.6827998161316
709	465.0892961025238
710	347.86418199539185
712	304.3901357650757
713	440.25016951560974
714	726.5580937862396
715	474.9420382976532
717	381.9564850330353
718	231.70270705223083
720	280.8370659351349
722	301.3702726364136
726	491.22207260131836
727	256.8359160423279
728	251.1641891002655
729	258.1380684375763
731	141.11258602142334
733	233.9927978515625
734	277.1640980243683
735	324.72497177124023
736	329.92727160453796
737	157.25146484375
738	217.35604214668274
739	236.63905334472656
740	298.8161771297455
742	416.2934522628784
743	268.829838514328
744	285.83494758605957
745	227.5372338294983
746	244.21857476234436
750	347.79238748550415
751	356.9626352787018
752	184.1741361618042
753	298.8341908454895
754	404.8319389820099
755	302.7020161151886
756	370.7343933582306
757	342.3214328289032
758	389.3905086517334
759	298.0270597934723
760	187.57291507720947
761	447.1740288734436
764	380.4667980670929
765	166.7837746143341
766	262.5823860168457
768	247.8414170742035
769	271.7506811618805
770	241.33525013923645
771	67.59666585922241
772	308.18264746665955
773	280.7290823459625
774	165.63630437850952
776	248.3460021018982
779	281.3937213420868
780	334.87470054626465
781	224.44234418869019
782	339.91786098480225
784	64.52816772460938
786	183.02463006973267
787	208.93518352508545
788	282.06962728500366
789	356.66608476638794
791	236.02518391609192
793	143.78755283355713
795	270.58242678642273
796	20.81574010848999
798	298.5566201210022
800	205.93437480926514
801	251.8448703289032
803	379.4800775051117
804	332.91110253334045
805	524.4155120849609
806	367.6670641899109
807	355.4726827144623
808	290.15245270729065
809	351.26051235198975
810	440.43140053749084
812	261.3313994407654
813	325.4090943336487
815	221.0503692626953
816	191.65040850639343
817	178.60704112052917
819	158.65218710899353
820	433.58607053756714
821	513.2164688110352
822	215.52463006973267
823	270.28673028945923
824	278.0816102027893
825	373.70126700401306
826	228.11578822135925
827	254.6687617301941
828	319.3725736141205
829	275.37465238571167
830	225.16103076934814
831	258.3812253475189
832	216.98497986793518
833	259.01277327537537
835	156.3457281589508
836	229.2619149684906
838	194.11376857757568
839	61.90718603134155
840	217.05799436569214
841	64.294264793396
846	359.08748745918274
847	239.1724009513855
849	335.9053809642792
850	221.71291542053223
852	37.03422141075134
853	134.65020203590393
855	46.4066948890686
858	75.67932653427124
859	210.4520354270935
860	176.09128832817078
861	228.0236358642578
862	354.2812156677246
863	221.05280256271362
864	138.49773931503296
865	281.45530939102173
866	242.98702335357666
867	214.3274540901184
868	182.6360273361206
870	108.81533002853394
871	498.82178258895874
872	473.2187156677246
873	238.25075244903564
874	64.78296899795532
875	224.51642751693726
877	342.5657343864441
878	336.1152718067169
879	150.6309518814087
880	344.7990520000458
881	267.9846193790436
883	240.52776503562927
884	513.6162323951721
885	779.2827594280243
886	629.8188982009888
888	511.5216934680939
889	371.90176653862
890	322.59720969200134
891	567.9120628833771
893	417.69853830337524
894	485.0965702533722
895	410.5408673286438
896	357.6238160133362
897	429.2067561149597
898	525.9320089817047
899	419.31595039367676
901	479.44975781440735
902	260.8211770057678
903	428.5660321712494
904	316.8255910873413
905	574.0024597644806
906	198.9763765335083
907	619.044597864151
908	378.87401127815247
909	593.467845916748
910	235.32408738136292
911	425.8356020450592
912	460.44780111312866
913	320.09639978408813
914	578.4725074768066
915	445.22787523269653
916	252.81882429122925
917	329.1788363456726
918	99.61146116256714
919	507.954975605011
920	693.5558071136475
921	355.09891653060913
922	350.6731746196747
923	321.79633712768555
924	241.08190536499023
925	280.3602132797241
926	391.3358545303345
927	92.96785116195679
928	367.7094132900238
930	272.3166630268097
931	303.5770516395569
932	208.68183636665344
933	295.08294796943665
934	199.65965366363525
936	221.03315663337708
937	489.49527168273926
938	264.54569840431213
939	515.3844983577728
940	376.483610868454
943	433.950186252594
944	402.1419155597687
945	632.7207117080688
946	303.79866790771484
947	413.663756608963
948	195.16968250274658
949	40.86835551261902
950	289.1234073638916
951	308.28957986831665
952	400.9385254383087
953	532.0291593074799
954	426.34137654304504
956	539.034107208252
958	405.0653200149536
959	202.2594656944275
961	505.74539399147034
964	345.1607930660248
968	733.5406565666199
969	336.87125611305237
970	361.00656151771545
971	382.6296169757843
972	660.1620903015137
975	517.2380330562592
976	389.89789843559265
978	481.24231600761414
979	625.1242842674255
980	674.2960090637207
981	662.670793056488
982	725.1235537528992
985	511.3944499492645
986	483.4374165534973
987	254.9791922569275
988	439.7861976623535
989	861.2236688137054
990	392.38143587112427
994	678.807859659195
995	742.5751533508301
997	675.5940601825714
998	526.0086920261383
999	384.2220404148102
1003	443.76389336586
1004	602.4274871349335
1005	634.7859201431274
1007	362.08055305480957
1008	297.34440207481384
1009	545.6054863929749
1010	497.23820066452026
1012	685.9840679168701
1013	417.13970708847046
1014	314.89745140075684
1015	621.9587259292603
1016	503.1482503414154
1017	542.2434773445129
1018	469.0165522098541
1019	619.2296810150146
1020	504.0354459285736
1021	828.1797921657562
1022	490.81070947647095
1023	742.0935008525848
1024	516.5759508609772
1025	780.7158567905426
1026	269.0823709964752
1027	405.4108216762543
1029	500.42170810699463
1030	638.5722579956055
1031	795.324960231781
1033	354.5112669467926
1034	779.6776745319366
1035	957.0043838024139
1036	989.7934534549713
1037	754.9168238639832
1038	891.3673179149628
1040	1286.934720993042
1041	769.8834571838379
1042	742.2813274860382
1043	654.5595211982727
1044	923.3512661457062
1045	845.7238879203796
1046	930.0342664718628
1047	774.1598246097565
1048	588.0603566169739
1049	968.75683760643
1052	919.6125814914703
1053	984.6578931808472
1055	681.8117792606354
1056	868.75155377388
1057	1142.909458398819
1058	789.2073667049408
1059	1019.2575297355652
1061	852.8463551998138
1062	857.7733314037323
1063	952.3188252449036
1064	679.4725618362427
1065	724.5507016181946
1066	395.32325434684753
1067	829.1201276779175
1068	907.8188760280609
1070	697.419674873352
1071	834.2679345607758
1072	808.0930206775665
1073	796.2370171546936
1074	941.861588716507
1075	661.9542856216431
1076	423.8869595527649
1077	752.58189702034
1078	774.351728439331
1080	553.444854259491
1082	583.5439891815186
1084	229.44582748413086
1085	653.2746157646179
1086	724.259289264679
1087	551.8886713981628
1088	759.9523620605469
1089	613.7378735542297
1091	811.9846470355988
1092	728.1149981021881
1094	578.1013300418854
1097	522.1123514175415
1098	476.85246300697327
1099	507.0131993293762
1101	503.50178027153015
1102	401.31631994247437
1103	464.33814430236816
1104	455.7087299823761
1107	323.777281999588
1108	449.9299783706665
1109	381.20574021339417
1110	639.1392650604248
1112	388.0339217185974
1113	304.34836316108704
1114	514.5020933151245
1115	545.7228112220764
1116	615.2700252532959
1118	538.6870250701904
1119	699.4125156402588
1121	667.7604744434357
1122	549.6442730426788
1123	649.0716640949249
1124	227.74209451675415
1125	274.1472444534302
1126	274.63941979408264
1128	569.9116885662079
1130	537.101984500885
1131	231.38381552696228
1133	497.3077483177185
1134	36.35709547996521
1135	323.8808081150055
1136	263.46679949760437
1137	163.67091608047485
1138	322.2865037918091
1139	189.42316007614136
1143	582.2777428627014
1145	149.10650539398193
1147	320.12117862701416
1148	503.3285629749298
1150	501.40851640701294
1151	431.12286615371704
1152	332.8645975589752
1154	577.4473404884338
1155	534.6200528144836
1156	433.36939764022827
1157	372.0957577228546
1159	207.62359738349915
1160	247.45087933540344
1161	204.08748269081116
1162	164.5086395740509
1164	101.48727750778198
1165	348.79762387275696
1166	446.53295278549194
1167	353.56487798690796
1168	379.2486686706543
1169	344.63721561431885
1170	393.31220412254333
1171	409.210333108902
1172	361.1165292263031
1174	244.11096453666687
1179	326.59077548980713
1180	349.3536434173584
1181	472.19958543777466
1182	278.1959171295166
1183	141.54128575325012
1184	395.7781310081482
1185	342.75441336631775
1190	435.29597330093384
1196	301.1368269920349
1197	291.3237371444702
1199	394.6659984588623
1201	206.70461750030518
1202	448.0144181251526
1203	162.80504250526428
1204	222.07130908966064
1205	204.74638390541077
1209	257.1346549987793
1211	196.3380618095398
1214	392.79045009613037
1215	278.2378900051117
1217	305.0841705799103
1218	189.6094319820404
1220	435.7603793144226
1221	247.48099040985107
1222	211.7188401222229
1225	429.58969020843506
1226	588.755122423172
1227	485.3191912174225
1228	359.8561894893646
1229	492.88779306411743
1233	247.10667729377747
1234	570.2721865177155
1235	268.2866129875183
1236	286.80502343177795
1237	211.8643500804901
1238	267.38849115371704
1239	194.39178133010864
1240	402.928169965744
1242	87.79894375801086
1243	264.62958312034607
1244	192.07700371742249
1245	535.0409879684448
1246	331.4641692638397
1247	400.4842851161957
1249	373.26726245880127
1250	453.41198325157166
1251	362.3388628959656
1252	476.7456498146057
1253	403.48353934288025
1254	260.12021803855896
1255	422.55243706703186
1259	420.6040918827057
1260	375.6771364212036
1261	217.182044506073
1262	240.99848437309265
1264	322.80786418914795
1265	477.73927187919617
1266	438.99080872535706
1267	541.7710592746735
1268	418.8417932987213
1269	456.29192447662354
1270	440.88788652420044
1271	166.50439023971558
1272	419.7232520580292
1273	625.2230544090271
1276	640.0083265304565
1277	356.81215238571167
1278	806.9455943107605
1279	579.4165000915527
1282	563.1095986366272
1287	613.4435458183289
1289	533.7599294185638
1290	752.9166986942291
1291	639.8889646530151
1296	742.7897071838379
1297	413.9220190048218
1300	587.3187031745911
1303	558.485116481781
1304	512.1474008560181
1305	505.31119108200073
1306	715.5105378627777
1308	691.0913662910461
1309	757.239426612854
1310	702.6200246810913
1311	458.49755024909973
1312	668.3321814537048
1313	638.017169713974
1315	662.5869359970093
1316	739.5433528423309
1317	621.8056015968323
1318	545.0173935890198
1319	449.81201934814453
1320	721.5298087596893
1321	626.1363682746887
1322	572.8206131458282
1323	463.8164584636688
1324	704.2586841583252
1325	569.1552457809448
1328	452.0198609828949
1329	493.65659952163696
1330	65.30985856056213
1331	375.57459902763367
1332	249.2141613960266
1333	206.0477843284607
1335	355.4008376598358
1336	471.94814586639404
1337	544.5967218875885
1338	387.2477128505707
1339	353.6173770427704
1340	452.8596947193146
1341	331.2830922603607
1342	261.3584017753601
1343	306.45487904548645
1344	182.95385813713074
1345	62.66257405281067
1346	456.09314823150635
1348	414.6173162460327
1349	334.2822046279907
1350	374.5218777656555
1351	86.39811301231384
1352	389.87242007255554
1355	417.7555253505707
1356	337.14649963378906
1357	309.6356723308563
1358	241.7386748790741
1359	332.7462306022644
1360	503.30564880371094
1361	491.9247553348541
1362	595.8637568950653
1364	735.2396619319916
1365	616.8107719421387
1367	440.8329358100891
1368	424.31625628471375
1369	766.2030065059662
1370	591.6829416751862
1372	760.2409408092499
1374	819.4887282848358
1376	650.0344932079315
1377	247.18235206604004
1378	458.4077236652374
1379	538.8897881507874
1380	284.98070454597473
1381	371.60951256752014
1383	237.25718092918396
1384	498.36165714263916
1385	345.4592525959015
1387	441.01825523376465
1388	590.0788125991821
1389	411.6415436267853
1390	486.1551365852356
1391	390.0155498981476
1392	360.0844376087189
1393	457.61043214797974
1394	502.11737513542175
1396	342.0605194568634
1398	381.1948084831238
1399	319.3056802749634
1400	488.46660685539246
1401	441.64278960227966
1402	558.5008053779602
1405	436.8753044605255
1406	281.8324239253998
1408	305.6091482639313
1409	368.3814606666565
1410	415.06725311279297
1411	446.1883878707886
1412	487.22308921813965
1414	513.6810195446014
1416	350.7609589099884
1417	457.57175850868225
1418	397.3686397075653
1419	565.3166129589081
1420	247.83116483688354
1421	551.5303349494934
1422	456.22528529167175
1423	587.3243653774261
1424	682.6467564105988
1425	541.9621574878693
1426	509.96287965774536
1427	508.67325019836426
1428	648.3415932655334
1429	491.61719036102295
1430	375.4163043498993
1431	188.50907802581787
1432	288.5936644077301
1433	340.7083878517151
1434	16.36815357208252
1435	166.7588448524475
1436	117.67596006393433
1437	85.36361145973206
1438	133.2074794769287
1440	383.7531762123108
1441	69.76779794692993
1442	352.4005744457245
1443	251.76640939712524
1444	400.0109922885895
1445	287.17846846580505
1446	291.59398126602173
1447	334.2311906814575
1448	229.21452283859253
1449	188.35607838630676
1450	318.30454540252686
1451	196.53253316879272
1452	192.31179690361023
1453	225.7063271999359
1454	285.6346650123596
1455	65.39858388900757
1456	572.8526120185852
1457	244.72329902648926
1458	314.66904735565186
1459	215.79631352424622
1460	241.19857954978943
1461	339.2364537715912
1462	260.0101685523987
1463	170.53377628326416
1464	454.3553171157837
1465	192.7765758037567
1466	251.9177656173706
1467	139.8782241344452
1468	324.29901218414307
1469	410.0273108482361
1470	465.1971528530121
1471	351.02255487442017
1472	194.21760249137878
1473	367.31796884536743
1474	516.9762578010559
1475	327.9224417209625
1476	638.5090844631195
1477	161.24322748184204
1478	463.0688874721527
1479	368.43290877342224
1480	368.8650178909302
1481	315.83721470832825
1482	47.228798151016235
1483	297.6796786785126
1484	128.35458540916443
1485	305.41093921661377
1486	559.0969567298889
1487	392.69945216178894
1488	162.81530117988586
1490	262.8111619949341
1491	557.6167385578156
1492	334.59116101264954
1493	367.9172685146332
1494	488.2538847923279
1495	256.49283719062805
1496	334.5587077140808
1497	120.26158332824707
1498	217.07516717910767
1499	205.8117458820343
1505	194.9522521495819
1506	197.97129607200623
1507	455.2128825187683
1508	548.9605982303619
1509	323.01036763191223
1510	440.42544770240784
1511	497.9980905056
1512	178.75825476646423
1514	274.04547667503357
1515	465.0913474559784
1516	329.20680952072144
1517	268.6421232223511
1518	486.91067695617676
1519	519.9903347492218
1520	487.4002363681793
1521	251.43173933029175
1522	419.6281313896179
1524	520.2367932796478
1525	245.47346234321594
1526	544.6296234130859
1527	230.77748274803162
1528	332.5274384021759
1529	123.54459643363953
1533	528.7368485927582
1535	155.2957775592804
1538	121.10587000846863
1539	147.69815158843994
1540	176.6247935295105
1541	157.59708619117737
1542	100.66070199012756
1543	160.35350966453552
1547	317.58528232574463
1549	75.94907903671265
1550	102.65246343612671
1552	264.5090901851654
1553	421.26019954681396
1554	314.42064905166626
1560	212.4639105796814
1561	277.63746786117554
1562	419.28648614883423
1567	404.1699061393738
1570	347.44459080696106
1571	139.40959978103638
1572	349.822229385376
1573	330.552175283432
1575	389.19879126548767
1578	444.36685061454773
1581	200.1270489692688
1584	174.84103727340698
1587	314.52234387397766
1588	140.3803732395172
1589	314.6759557723999
1590	131.61723160743713
1591	99.42637848854065
1592	216.9164855480194
1593	374.6343035697937
1596	176.60893511772156
1597	168.88677167892456
1598	202.0298364162445
1601	322.4268181324005
1602	210.51099801063538
1603	241.95090317726135
1604	338.9591464996338
1605	437.21751379966736
1608	327.2879843711853
1609	487.53348445892334
1610	203.3365023136139
1612	487.17710399627686
1613	499.37244153022766
1614	228.9736669063568
1618	185.46815299987793
1619	578.5504961013794
1621	417.19303274154663
1622	528.9425072669983
1623	534.3066637516022
1624	400.57834124565125
1625	413.8953058719635
1626	504.7452220916748
1629	522.3284585475922
1630	474.30574798583984
1631	194.33964371681213
1632	476.1411850452423
1633	509.4947533607483
1634	594.1598327159882
1637	470.3613362312317
1639	527.1837446689606
1640	511.94713616371155
1641	600.5202157497406
1643	611.0262336730957
1645	649.4493727684021
1646	664.048088312149
1652	698.4063184261322
1653	638.6770596504211
1654	616.541024684906
1655	683.4453608989716
1659	533.2205078601837
1661	503.0276494026184
1663	667.8052759170532
1664	500.87123131752014
1665	493.7936818599701
1666	336.1771607398987
1668	460.4098119735718
1669	590.442626953125
1670	469.1552383899689
1673	529.0418651103973
1674	801.2759923934937
1675	636.4661695957184
1678	295.42369747161865
1679	134.9357099533081
1680	204.96595239639282
1681	166.46493816375732
1682	463.49267411231995
1683	509.2487518787384
1684	379.56182622909546
1685	234.27461647987366
1686	400.1265585422516
1688	300.5463480949402
1689	161.14621233940125
1690	325.797482252121
1691	400.80190992355347
1692	295.64471340179443
1693	323.03738498687744
1695	258.74659609794617
1699	103.93183279037476
1700	211.59213757514954
1701	111.12715721130371
1703	93.6482949256897
1704	254.22726941108704
1706	96.64313626289368
1707	368.9933407306671
1708	376.9550733566284
1709	379.39398312568665
1711	317.8814685344696
1712	523.4557452201843
1713	597.8536732196808
1715	329.44163250923157
1716	190.11498641967773
1717	196.09624910354614
1718	309.1865451335907
1719	539.116993188858
1720	87.69299697875977
1721	348.8403813838959
1722	80.13151979446411
1723	215.89664959907532
1725	105.9621856212616
1726	50.940345287323
1727	22.728935480117798
1730	97.75414538383484
1733	119.207435131073
1734	61.12941360473633
1735	350.5914034843445
1736	104.17681217193604
1737	262.7183291912079
1738	197.4928526878357
1740	298.5293936729431
1741	90.42564630508423
1742	181.62770080566406
1745	112.78603839874268
1746	414.47405767440796
1748	155.11813879013062
1750	163.43516540527344
1751	18.26714825630188
1755	130.7077567577362
1756	452.1766288280487
1757	678.4841666221619
1758	479.72601437568665
1759	818.5066492557526
1760	472.5251774787903
1761	382.8196585178375
1762	254.36976552009583
1763	546.8512079715729
1764	742.6921141147614
1765	668.924884557724
1766	586.153528213501
1767	378.07945728302
1768	418.75552558898926
1769	215.1984851360321
1770	182.21125149726868
1771	357.81155014038086
1772	330.063410282135
1773	528.4198315143585
1774	364.77064180374146
1775	378.0556962490082
1776	415.71951603889465
1777	343.8772659301758
1778	309.8144884109497
1779	389.6684401035309
1780	242.98086643218994
1781	367.11505460739136
1782	384.2824432849884
1783	410.65452098846436
1784	194.5406038761139
1785	262.3369359970093
1786	159.84247255325317
1787	339.50204706192017
1789	93.86354351043701
1790	408.28141832351685
1791	425.71788144111633
1793	148.65360689163208
1795	411.6191945075989
1796	290.41165590286255
1797	93.49692559242249
1798	228.33044624328613
1799	425.05510425567627
1800	368.05504965782166
1801	364.40461707115173
1802	648.1111161708832
1803	551.5207231044769
1804	121.10830569267273
1805	405.65858149528503
1806	389.3750698566437
1807	290.8091654777527
1808	141.74890756607056
1809	130.16763591766357
1810	55.03214693069458
1811	277.9718222618103
1812	346.9087996482849
1813	340.9106454849243
1814	572.9615395069122
1815	462.5225751399994
1816	391.89719438552856
1817	755.4684507846832
1818	217.78901720046997
1819	821.4420771598816
1821	896.3002960681915
1822	330.9489300251007
1823	252.92108607292175
1824	406.1690638065338
1825	421.59013652801514
1826	466.36908888816833
1827	342.4571406841278
1828	503.1803388595581
1829	365.22655987739563
1830	595.7264394760132
1831	687.2237141132355
1832	294.70561051368713
1833	568.8015749454498
1835	523.8142788410187
1836	652.0496425628662
1837	562.4168221950531
1838	572.8808343410492
1839	684.9784731864929
1840	759.5685503482819
1842	616.9983384609222
1843	669.7661888599396
1844	443.2898426055908
1845	547.0470736026764
1849	639.6612422466278
1850	502.0016767978668
1852	356.7097690105438
1853	684.6151256561279
1854	576.4534041881561
1855	527.6815872192383
1860	464.9500274658203
1861	308.4735987186432
1862	292.71930956840515
1863	459.60559606552124
1864	461.0088243484497
1865	625.6114778518677
1867	740.2276175022125
1868	185.13847088813782
1869	387.23267006874084
1870	469.8547887802124
1871	546.570868730545
1872	461.9372007846832
1873	236.8588845729828
1874	571.9318273067474
1875	302.25806760787964
1876	405.31996417045593
1877	266.44133257865906
1878	135.68961930274963
1879	105.5907838344574
1880	205.88584661483765
1881	32.20387029647827
1882	589.4997644424438
1883	112.34772276878357
1884	109.07313108444214
1885	309.13378953933716
1886	270.7212669849396
1887	173.51028394699097
1890	109.232346534729
1891	320.65890884399414
1892	95.33156442642212
1893	159.69974660873413
1895	247.93944334983826
1896	63.468889474868774
1897	216.07232642173767
1898	200.6778998374939
1899	288.15249395370483
1900	412.301057100296
1901	7.017069578170776
1902	130.76574873924255
1903	243.53290820121765
1904	322.82214546203613
1906	62.27388858795166
1907	107.80073285102844
1908	336.5562880039215
1909	356.4186701774597
1910	265.3358163833618
1911	356.3852868080139
1912	160.41179513931274
1914	309.19422578811646
1915	308.00498247146606
1916	158.16862559318542
1917	248.54338932037354
1918	54.53324890136719
1919	238.80787825584412
1920	116.89765286445618
1921	164.06506538391113
1922	234.84479331970215
1926	43.0324866771698
1927	51.7420814037323
1928	83.90400910377502
1929	129.63444018363953
1931	385.9607825279236
1932	225.40974974632263
1935	68.78021025657654
1936	424.5598409175873
1937	70.0379204750061
1938	196.30566239356995
1940	88.65793538093567
1941	362.6606183052063
1942	47.52436137199402
1945	316.117959022522
1946	201.7843132019043
1950	100.51580023765564
1953	199.63094472885132
1954	274.05754709243774
1955	56.53573656082153
1956	228.51446843147278
1957	82.86494636535645
1958	317.467835187912
1959	386.44165563583374
1962	262.6356496810913
1963	326.95430397987366
1964	197.59455037117004
1966	274.49217438697815
1967	257.41223978996277
1968	87.05610466003418
1969	340.0982608795166
1970	383.57992911338806
1971	284.1712350845337
1972	609.0832934379578
1973	247.19558811187744
1974	354.58866930007935
1975	107.43563485145569
1977	339.9473581314087
1978	126.36460614204407
1980	363.81678771972656
1981	444.0344069004059
1982	505.1962685585022
1983	537.2313632965088
1984	483.46802735328674
1985	606.9241862297058
1986	398.9184331893921
1987	581.8278021812439
1988	596.5366787910461
1989	499.9796154499054
1990	484.3675546646118
1991	600.4162454605103
1992	518.0477533340454
1993	422.4486699104309
1994	424.7154550552368
1995	404.88846135139465
1997	492.70385789871216
1998	208.6440553665161
1999	185.58800053596497
2000	607.4970505237579
2001	600.2581405639648
2002	592.7072732448578
2003	486.2848422527313
2004	379.9424738883972
2005	629.7741575241089
2006	175.45314049720764
2007	275.8487250804901
2008	786.9577958583832
2009	345.1180806159973
2010	414.3873038291931
2011	332.3210401535034
2012	281.0164043903351
2013	487.22619795799255
2014	442.3746247291565
2015	412.54808616638184
2016	393.0626919269562
2017	542.4070911407471
2018	503.446489572525
2020	385.80273246765137
2021	183.179381608963
2022	205.27490091323853
2023	268.0088105201721
2024	565.2659504413605
2025	328.04480838775635
2026	450.6882243156433
2027	576.0658659934998
2028	330.96745109558105
2029	284.32573795318604
2030	172.2164032459259
2031	239.4104995727539
2032	459.4360349178314
2033	158.45603942871094
2034	482.9186234474182
2035	168.5688443183899
2036	119.83180475234985
2037	156.49802780151367
2038	495.96584820747375
2039	303.68214416503906
2040	421.11345863342285
2041	437.6265068054199
2042	108.33372974395752
2043	247.22512555122375
2045	299.296236038208
2046	413.51564478874207
2047	403.7180585861206
2048	42.69387459754944
2049	112.2510015964508
2050	400.5436475276947
2051	446.2941310405731
2052	297.68158864974976
2053	282.5379247665405
2054	293.1689393520355
2055	228.7047529220581
2056	276.01033782958984
2057	290.1587464809418
2059	316.30497908592224
2060	450.4695785045624
2061	808.2843332290649
2062	469.78262209892273
2063	517.2539293766022
2064	519.1486179828644
2065	588.28488945961
2067	367.761568069458
2068	909.3798069953918
2069	531.5073781013489
2070	323.90262746810913
2072	488.86763072013855
2073	649.8612639904022
2074	580.0199112892151
2075	563.5705170631409
2076	572.0389215946198
2077	714.4072172641754
2079	589.2454071044922
2080	374.626882314682
2081	833.3178582191467
2082	582.776435136795
2083	947.9800827503204
2084	708.4168562889099
2085	800.4894666671753
2086	496.1845192909241
2088	471.7185332775116
2089	492.7851300239563
2090	416.68103194236755
2094	159.19065356254578
2095	291.33275747299194
2096	309.7918109893799
2097	334.22764682769775
2098	541.3887465000153
2099	611.2871401309967
2100	475.37064957618713
2101	287.9613473415375
2102	190.93704414367676
2104	479.95592999458313
2106	280.09238171577454
2107	236.47599506378174
2108	491.6646239757538
2109	382.02931547164917
2111	400.2231659889221
2113	424.7278525829315
2115	545.6627242565155
2116	283.32730746269226
2117	302.5824019908905
2118	375.75991654396057
2120	402.1383879184723
2121	268.05493330955505
2126	241.137629032135
2127	279.9977037906647
2128	480.4658999443054
2129	215.6768913269043
2130	172.02553844451904
2131	613.1032733917236
2132	426.5790982246399
2133	367.24526143074036
2134	462.00877475738525
2135	439.1644358634949
2136	499.3732554912567
2137	462.06609535217285
2138	564.6526520252228
2139	501.1434769630432
2141	160.33989357948303
2142	334.8060986995697
2145	428.4074411392212
2146	384.9424059391022
2147	253.07338500022888
2148	381.507688999176
2149	255.35134196281433
2151	473.9240303039551
2152	756.5483169555664
2153	311.73147678375244
2154	540.7715346813202
2157	386.08460688591003
2158	352.0999524593353
2159	401.89693546295166
2160	417.59586477279663
2161	344.74298453330994
2162	444.92829751968384
2164	422.4475042819977
2165	563.8093686103821
2167	553.121013879776
2169	266.26745414733887
2170	405.3737998008728
2172	504.60183930397034
2173	163.78650760650635
2174	289.07674646377563
2176	471.71602296829224
2177	176.53384041786194
2178	412.8143901824951
2181	323.04294753074646
2182	448.06368470191956
2183	397.6113328933716
2184	593.332633972168
2185	479.3607144355774
2187	293.0209872722626
2188	184.9651336669922
2191	229.50722527503967
2192	386.83573389053345
2193	345.7081220149994
2194	690.6260268688202
2196	147.27707958221436
2198	106.79940986633301
2201	259.7852234840393
2202	366.5691759586334
2206	324.48368525505066
2207	375.63547587394714
2208	396.43020939826965
2210	239.85181617736816
2212	528.7283759117126
2214	554.2794959545135
2217	291.6296079158783
2218	534.0764195919037
2220	510.998654127121
2222	495.2234272956848
2225	459.57562732696533
2231	605.1709635257721
2232	359.4303002357483
2233	271.3179006576538
2234	133.94251108169556
2236	345.63966846466064
2237	491.97967052459717
2238	400.80106377601624
2239	228.21254754066467
2240	227.4650592803955
2241	213.26651620864868
2242	225.47572302818298
2245	354.67865467071533
2247	342.8719160556793
2248	148.7037627696991
2252	334.2043488025665
2254	263.64242339134216
2255	303.97027707099915
2256	313.00069856643677
2257	311.41979575157166
2259	227.48475408554077
2260	377.0903317928314
2261	95.02380013465881
2262	172.8343586921692
2264	386.5990960597992
2268	306.73790097236633
2272	165.93165183067322
2273	93.36391234397888
2274	350.08562755584717
2275	344.61116003990173
2276	102.0834629535675
2277	177.11913537979126
2278	438.5833728313446
2279	434.06426548957825
2280	459.16514015197754
2282	516.7058613300323
2283	507.25203585624695
2285	358.21203327178955
2286	303.46377396583557
2288	412.4749791622162
2290	423.40815687179565
2291	495.9244427680969
2292	464.78385186195374
2293	137.79421544075012
2294	291.8159010410309
2295	403.94605779647827
2296	526.6908729076385
2297	172.31378960609436
2298	57.61802363395691
2299	544.9781937599182
2300	247.63166308403015
2301	529.7369530200958
2302	571.6133854389191
2303	477.9098162651062
2304	652.0538511276245
2307	746.7002911567688
2309	537.5623981952667
2310	535.1054136753082
2312	575.5567388534546
2313	668.4571442604065
2315	625.2421579360962
2317	150.92648839950562
2319	167.76718926429749
2321	205.37393498420715
2322	224.7150321006775
2323	171.34775114059448
2324	186.85226917266846
2325	235.05660367012024
2326	174.2180962562561
2328	461.50583386421204
2331	428.0688693523407
2332	494.1547601222992
2333	554.3349401950836
2335	602.5178327560425
2336	863.3228964805603
2337	555.0588564872742
2338	559.035356760025
2339	379.4143660068512
2340	538.2551681995392
2341	426.6837041378021
2342	808.9765958786011
2343	535.5912733078003
2344	409.4712874889374
2345	520.0001366138458
2346	376.1974229812622
2347	492.7062213420868
2348	514.9665756225586
2349	707.3378446102142
2350	392.85669231414795
2351	427.84013652801514
2352	330.188955783844
2353	101.29047894477844
2354	226.10565567016602
2356	367.82295060157776
2357	223.10626101493835
2358	290.8582992553711
2359	169.59377026557922
2361	94.43060612678528
2362	160.59576654434204
2365	321.9476294517517
2366	199.0557975769043
2367	151.78455901145935
2368	150.57138013839722
2369	363.3983623981476
2370	87.04901599884033
2373	233.29877066612244
2374	222.33881449699402
2375	425.93940258026123
2376	342.5875828266144
2377	100.87490892410278
2378	60.041956186294556
2381	257.42215514183044
2382	193.43404006958008
2383	37.896921157836914
2385	172.9952039718628
2386	203.9904854297638
2387	170.51617336273193
2388	185.0218629837036
2389	113.34878921508789
2392	142.40363121032715
2393	125.11370730400085
2394	137.39166402816772
2397	293.0876326560974
2398	173.32166051864624
2400	76.50509428977966
2402	170.77366375923157
2403	499.2596607208252
2404	36.261595487594604
2405	176.52860164642334
2406	318.9558138847351
2407	212.56093382835388
2408	50.751601219177246
2409	84.01141691207886
2410	349.98124384880066
2412	109.01095032691956
2413	237.26988887786865
2414	468.820369720459
2415	154.0622522830963
2416	202.52986121177673
2418	264.9255590438843
2420	202.22212386131287
2422	343.8479907512665
2423	414.96572375297546
2424	461.58269023895264
2425	389.01615619659424
2425	1550354452.573663
2426	413.4232029914856
2427	224.771399974823
2428	151.3470015525818
2429	330.9056956768036
2431	226.63132452964783
2432	47.77467584609985
2433	171.63953256607056
2435	331.20087695121765
2436	222.56544709205627
2437	171.11829900741577
2438	299.1705095767975
2439	453.62834000587463
2440	349.22598123550415
2441	459.2081415653229
2445	116.0752649307251
2446	281.2051839828491
2447	258.522780418396
2448	139.25263905525208
2449	521.4587829113007
2450	261.1205735206604
2451	294.4811677932739
2452	150.1077799797058
2453	285.1729745864868
2455	472.29167222976685
2456	515.3237369060516
2457	173.52232265472412
2458	371.31271743774414
2459	198.64407014846802
2461	212.6876256465912
2462	228.50548672676086
2463	165.93609881401062
2464	100.17689895629883
2465	100.16922760009766
2466	196.455961227417
2467	227.33610463142395
2468	19.121426343917847
2469	359.15735602378845
2470	597.9516446590424
2471	61.74453067779541
2472	51.85719275474548
2473	56.77557015419006
2474	145.74046325683594
2475	298.35637640953064
2476	152.24517226219177
2478	205.0451204776764
2479	423.3864417076111
2480	234.28324604034424
2481	233.223886013031
2482	183.68088293075562
2483	50.1550726890564
2484	348.6137464046478
2485	458.5223717689514
2486	297.5148711204529
2487	319.1059412956238
2488	425.19034337997437
2489	435.5844371318817
2490	708.0130987167358
2426	1550697737.543488
2426	1550698459.5289826
2427	1550700717.205839
2428	148.56214046478271
2429	455.4788644313812
2430	284.02952432632446
2431	434.2628071308136
2432	297.2395703792572
2433	240.41402530670166
2434	331.0095868110657
2435	327.2837600708008
2436	286.69878125190735
2437	248.17317032814026
2438	329.2877552509308
2439	387.26158928871155
2440	196.7513768672943
2441	227.19088530540466
2442	524.4063587188721
2443	563.4837746620178
2444	612.3926627635956
2445	526.3910834789276
2446	306.414181470871
2447	299.2564718723297
2448	224.34819793701172
2449	279.3025152683258
2450	434.16552686691284
2451	225.20523118972778
2452	519.3067924976349
2453	428.2217140197754
2454	367.20501685142517
2455	518.1433470249176
2456	193.20844173431396
2457	343.81453680992126
2458	531.4330244064331
2459	502.26867723464966
2460	226.0437138080597
2461	418.37812852859497
2462	672.1347591876984
2463	299.9335823059082
2464	400.10944867134094
2465	256.9800145626068
2466	221.92567372322083
2467	100.43247056007385
2468	356.55510354042053
2469	364.47061014175415
2470	208.50607824325562
2471	78.16944003105164
2472	411.8198766708374
2473	235.4525375366211
2474	237.43049502372742
2475	83.46461510658264
2477	150.70257019996643
2478	275.9494345188141
2479	196.0034511089325
2480	77.77528953552246
2481	143.86868953704834
2483	452.8634150028229
2486	325.2319338321686
2487	319.2003524303436
2489	265.1967318058014
2490	236.48898482322693
2491	104.01263904571533
2492	217.7399160861969
2493	185.4388918876648
2494	41.19140410423279
2495	474.5710427761078
2496	219.61072850227356
2497	24.942200660705566
2498	224.40198349952698
2499	375.08984756469727
2501	249.76013684272766
2502	112.61204695701599
2503	324.54173374176025
2504	537.241605758667
2505	399.13221740722656
2507	407.44171166419983
2508	294.31086230278015
2509	456.3102262020111
2510	162.35861015319824
2512	282.64661288261414
2513	310.45401787757874
2514	316.0331506729126
2515	37.43402910232544
2516	35.223100662231445
2517	81.06666398048401
2518	202.25121426582336
2522	75.49585700035095
2523	140.14867901802063
2524	201.0130090713501
2525	67.25824689865112
2527	372.1932942867279
2528	202.59482431411743
2529	47.574076414108276
2531	341.49080634117126
2532	83.48754811286926
2533	78.08447742462158
2534	203.4281861782074
2535	306.2875337600708
2536	84.79629802703857
2537	155.65354180335999
2538	292.7411696910858
2539	114.608726978302
2542	389.23431372642517
2543	85.85249876976013
2545	280.6001467704773
2546	599.9875583648682
2548	119.73105812072754
2549	208.02519273757935
2550	535.6171216964722
2551	500.39015340805054
2553	368.87979674339294
2554	312.57373809814453
2555	288.0280339717865
2556	161.8727147579193
2557	127.3415777683258
2558	366.8199908733368
2559	422.2737913131714
2561	215.29936337471008
2562	335.08332657814026
2563	537.7345893383026
2564	480.8031098842621
2565	541.0309836864471
2567	262.10517477989197
2568	134.58983612060547
2569	491.0524625778198
2570	286.6288414001465
2571	225.76023387908936
2572	601.6698644161224
2573	399.98640275001526
2574	452.51785230636597
2575	251.76925206184387
2577	191.61710453033447
2579	136.28489685058594
2581	485.23428606987
2583	220.6064329147339
2584	369.74915051460266
2585	317.07541251182556
2587	461.73323488235474
2588	422.13423776626587
2591	488.12686109542847
2592	371.7941982746124
2593	156.32372879981995
2594	238.54295802116394
2595	322.179799079895
2596	791.4631187915802
2597	511.57190465927124
2603	283.8942885398865
2604	433.17683577537537
2607	540.819061756134
2608	329.6096308231354
2611	635.9266648292542
2615	507.9558141231537
2616	452.20021867752075
2617	468.56861901283264
2620	383.8375737667084
2621	435.64099192619324
2622	355.0015923976898
2624	361.0570843219757
2625	409.39624643325806
2627	316.0446107387543
2629	443.41239976882935
2630	278.26873660087585
2631	368.8717153072357
2632	130.34080362319946
2633	293.6363031864166
2635	103.4649453163147
2637	284.02689504623413
2638	80.97146773338318
2639	507.21493101119995
2642	419.7330570220947
2643	390.06184935569763
2645	98.3631694316864
2646	314.06339049339294
2648	257.1942563056946
2651	293.6668608188629
2653	144.97961139678955
2655	215.6542613506317
2656	175.55331897735596
2657	360.31046056747437
2658	251.825599193573
2659	145.02459001541138
2660	188.736820936203
2661	347.2243387699127
2662	210.38449025154114
2663	106.33983945846558
2664	252.73004007339478
2666	329.15577602386475
2671	216.11444878578186
2672	126.59312605857849
2673	210.79129266738892
2674	132.7631688117981
2676	274.01074171066284
2677	44.790451765060425
2679	285.6730499267578
2680	217.6563904285431
2682	104.31450939178467
2684	105.50334644317627
2685	298.32664012908936
2686	148.14724016189575
2687	21.598329782485962
2688	295.7602188587189
2689	241.58568286895752
2690	256.40845370292664
2693	49.955997943878174
2694	226.338933467865
2696	62.519991397857666
2697	186.28771996498108
2698	357.6691806316376
2700	126.22756934165955
2701	461.135151386261
2702	200.9086103439331
2703	197.75555562973022
2705	125.0466320514679
2707	173.07795977592468
2708	267.8313694000244
2709	231.90493083000183
2710	402.3346390724182
2711	404.49075865745544
2712	528.8461472988129
2713	444.0571894645691
2714	537.3389484882355
2715	380.25771713256836
2716	676.8863706588745
2717	283.1184461116791
2718	150.3854968547821
2719	647.2119114398956
2720	794.9287946224213
2721	655.354944229126
2722	617.3749804496765
2723	532.8218421936035
2724	692.6826817989349
2725	871.3834054470062
2726	512.1375250816345
2727	839.6513614654541
2728	650.1502413749695
2729	811.377601146698
2730	500.3547296524048
2731	683.9740629196167
2732	473.983206987381
2733	410.33546471595764
2734	810.6773052215576
2735	439.31003642082214
2737	555.4473330974579
2738	485.5255722999573
2739	660.2011122703552
2740	715.5603628158569
2741	505.1510765552521
2742	758.9979364871979
2743	555.8579533100128
2744	818.4108831882477
2745	752.2047936916351
2747	827.6511371135712
2748	624.5792074203491
2750	113.99866580963135
2751	695.9915142059326
2752	672.0859260559082
2753	706.4836390018463
2754	355.0976903438568
2755	549.3283848762512
2759	809.5051488876343
2763	729.8054013252258
2764	670.0952546596527
2767	246.59547185897827
2771	568.3854415416718
2772	593.6202697753906
2774	464.39363145828247
2775	627.9251978397369
2776	972.5472221374512
2777	933.8485689163208
2779	736.4875559806824
2781	706.6349577903748
2782	532.2447426319122
2784	552.0965840816498
2785	506.3813807964325
2786	277.0303375720978
2787	297.44498777389526
2788	458.400675535202
2789	321.4061768054962
2791	434.3269510269165
2792	669.8379843235016
2794	520.5097005367279
2797	439.98058915138245
2798	206.4100124835968
2799	480.37139558792114
2800	601.068528175354
2802	236.9613585472107
2803	453.5870633125305
2804	724.1442823410034
2806	158.87339568138123
2807	225.47114396095276
2808	189.30130863189697
2809	97.17791414260864
2810	213.29999613761902
2811	358.63797426223755
2812	423.7645061016083
2813	204.52191758155823
2814	473.90475249290466
2815	52.33418607711792
2816	708.2166409492493
2817	635.3341147899628
2818	344.1567599773407
2819	722.6426360607147
2820	305.1299834251404
2821	368.78482151031494
2822	149.4111557006836
2823	474.2961645126343
2826	501.6320502758026
2828	471.68507838249207
2829	194.99917554855347
2830	473.30432200431824
2831	495.0169413089752
2832	462.6969611644745
2833	362.8617377281189
2834	486.5420892238617
2835	420.9677391052246
2836	555.2037107944489
2837	539.1194093227386
2838	511.501131772995
2839	617.8649489879608
2840	373.7515368461609
2841	99.60177302360535
2842	299.157856464386
2843	199.69070029258728
2844	234.71550822257996
2845	235.00319528579712
2846	141.17296314239502
2848	125.95953130722046
2849	264.7311325073242
2850	186.9183280467987
2851	269.4069814682007
2852	195.38411140441895
2853	302.7071714401245
2854	321.4020354747772
2858	450.319974899292
2859	265.06516337394714
2861	290.02515029907227
2862	140.14989638328552
2863	140.11398887634277
2864	186.35582041740417
2866	60.71442770957947
2867	278.9062931537628
2872	162.0257966518402
2873	171.38497757911682
2876	66.67068290710449
2878	229.38788890838623
2879	287.24880599975586
2886	21.80610179901123
2887	49.42191457748413
2888	195.98212099075317
2889	226.02681803703308
2890	314.7700996398926
2891	315.78353095054626
2894	455.88373279571533
2895	12.374390363693237
2898	152.24959564208984
2900	486.90588903427124
2901	340.9482922554016
2903	501.3847544193268
2904	378.0802593231201
2905	522.6206121444702
2906	526.2908210754395
2907	410.43736958503723
2910	345.8906526565552
2911	429.0510182380676
2912	416.342360496521
2913	201.41751170158386
2914	429.7885172367096
2915	553.9423208236694
2916	836.0464136600494
2917	572.0216681957245
2918	411.78625893592834
2919	412.928528547287
2920	444.55007147789
2921	345.56088852882385
2922	417.68048882484436
2924	355.07785511016846
2925	600.8025851249695
2926	505.5652575492859
2927	655.9293780326843
2928	248.92431211471558
2929	480.1635754108429
2930	735.9286427497864
2931	370.2890532016754
2932	573.6148736476898
2933	383.2588427066803
2934	596.6538591384888
2935	594.248123884201
2936	410.23413491249084
2938	709.1918127536774
2939	571.0901341438293
2940	558.0862219333649
2941	435.2365038394928
2942	674.127228975296
2943	773.2129542827606
2945	38.33917427062988
2946	696.5799503326416
2947	530.5924026966095
2948	499.85384368896484
2949	708.8703763484955
2951	481.9141113758087
2952	248.06980800628662
2953	445.90821290016174
2954	653.1270232200623
2955	572.0457015037537
2956	320.6273317337036
2957	430.60915088653564
2958	518.2262182235718
2959	482.2468557357788
2960	643.7002642154694
2961	474.5875551700592
2962	306.02459025382996
2963	459.0314710140228
2964	336.0127055644989
2965	553.3698935508728
2966	402.938604593277
2967	310.6925663948059
2968	263.0392942428589
2969	287.4670341014862
2970	473.06593775749207
2971	287.32415437698364
2972	204.7751169204712
2973	428.735066652298
2974	106.34349727630615
2975	268.4747974872589
2976	176.94522047042847
2977	284.03511595726013
2979	282.0122847557068
2981	98.44071555137634
2982	166.24796390533447
2983	235.11184525489807
2984	105.5197982788086
2985	31.884881258010864
2986	315.8272497653961
2987	541.8549888134003
2989	321.70150923728943
2990	233.9163956642151
2991	434.0460708141327
2992	121.35775995254517
2993	468.50539660453796
2994	275.2283732891083
2995	199.0158715248108
2996	379.41438364982605
2997	176.49732899665833
2998	229.95300602912903
2999	311.98126459121704
3000	646.6852750778198
3001	302.8875026702881
3002	297.9656002521515
3003	336.29904079437256
3004	497.2874982357025
3006	492.3927083015442
3007	381.55481362342834
3008	815.0099339485168
3009	355.37185645103455
3012	655.2721681594849
3013	545.0715391635895
3014	470.14435172080994
3015	392.2610421180725
3018	712.5527000427246
3021	695.9366805553436
3022	407.1881592273712
3023	589.4728527069092
3024	621.2096562385559
3028	607.6899771690369
3029	595.6906759738922
3030	393.0572052001953
3032	511.7802155017853
3033	365.30799531936646
3034	477.46538162231445
3035	502.37648010253906
3036	557.9589805603027
3037	419.7371370792389
3038	577.415388584137
3039	474.3266372680664
3040	694.8147737979889
3041	690.6852324008942
3042	775.1996431350708
3043	855.5262398719788
3044	860.6111369132996
3045	835.9545729160309
3046	944.9442887306213
3048	947.5517916679382
3049	645.6967825889587
3050	632.7020969390869
3051	687.6547088623047
3052	663.9901957511902
3053	669.9783880710602
3054	478.93434286117554
3056	423.4447510242462
3057	303.68967509269714
3058	265.72169303894043
3059	502.84406447410583
3060	421.6386477947235
3061	371.5510165691376
3062	451.5276584625244
3063	341.2371189594269
3064	250.48356747627258
3065	366.59092354774475
3067	319.2129805088043
3068	664.0833213329315
3069	519.5232079029083
3070	435.24593925476074
3071	440.15000319480896
3072	551.3099329471588
3073	475.1736972332001
3074	453.9867181777954
3075	386.9476799964905
3076	431.31848216056824
3077	333.33808875083923
3078	420.04848074913025
3079	387.1547739505768
3080	412.6628439426422
3081	471.3543837070465
3083	270.79087352752686
3084	337.52292704582214
3085	567.1977882385254
3086	591.7543187141418
3087	424.4883782863617
3088	466.05524730682373
3089	654.3091456890106
3090	518.7084550857544
3091	190.31853699684143
3092	425.75926542282104
3093	587.7032265663147
3094	546.6041965484619
3095	471.8630199432373
3096	442.45485186576843
3097	386.6069574356079
3098	791.760053396225
3100	667.9011085033417
3106	778.2484302520752
3107	550.6511073112488
3109	406.3441503047943
3110	555.6460542678833
3112	551.0903022289276
3114	440.6374454498291
3119	574.0502994060516
3120	493.28715658187866
3121	430.61059165000916
3122	466.47046399116516
3123	891.2983288764954
3124	566.4371206760406
3125	343.3192355632782
3126	910.7168157100677
3127	331.9189705848694
3128	316.0811824798584
3130	551.458503484726
3131	838.0476205348969
3132	693.4094054698944
3133	671.4363198280334
3134	392.4261312484741
3135	667.5163204669952
3136	406.2143669128418
3137	544.2332408428192
3138	702.9647965431213
3139	220.7580051422119
3140	187.39565420150757
3141	418.1920864582062
3143	612.0771586894989
3144	54.072102069854736
3145	217.35197043418884
3146	75.44282937049866
3147	6.65575385093689
3148	185.11208724975586
3149	212.2716383934021
3150	191.22140622138977
3152	163.3326404094696
3153	329.94955134391785
3154	20.002808809280396
3155	198.64306831359863
3156	257.37799167633057
3157	112.84573078155518
3158	447.55330443382263
3159	192.20534753799438
3160	346.7568590641022
3161	262.4362487792969
3162	260.6721382141113
3163	97.61287045478821
3164	192.31043481826782
3165	248.26898002624512
3166	64.11683011054993
3167	151.17919087409973
3168	180.1622178554535
3171	253.2763431072235
3172	131.5134756565094
3175	218.73513174057007
3176	114.58134841918945
3177	142.0171525478363
3178	85.43574333190918
3179	178.01509022712708
3180	107.6518771648407
3181	195.75346112251282
3182	216.1659038066864
3183	230.54429984092712
3184	271.9615774154663
3185	109.93483209609985
3186	172.72787380218506
3187	254.24595975875854
3189	170.57485604286194
3190	45.89039468765259
3192	363.14277696609497
3193	486.5062563419342
3194	409.21627140045166
3195	268.69410514831543
3196	151.29320168495178
3197	46.532554388046265
3198	300.90472292900085
3199	362.0167090892792
3200	97.10527300834656
3201	131.62592101097107
3204	162.41265749931335
3205	164.27332520484924
3209	166.582444190979
3210	216.77834677696228
3211	97.71459484100342
3212	272.5910668373108
3213	294.2109742164612
3214	291.8066861629486
3215	406.44794487953186
3216	173.2322142124176
3217	340.02632904052734
3218	380.82130765914917
3219	463.44132947921753
3220	522.1114706993103
3221	512.2450361251831
3222	444.44134974479675
3223	273.2635385990143
3224	208.97327995300293
3225	297.42931175231934
3226	565.4805908203125
3227	279.82807779312134
3228	255.17119646072388
3229	207.2482409477234
3230	495.2510070800781
3231	519.8629794120789
3232	688.722697019577
3234	250.39824676513672
3235	341.57123041152954
3236	651.7722570896149
3237	446.71606492996216
3238	233.74525713920593
3239	356.1807084083557
3240	279.34171533584595
3241	255.46859908103943
3242	22.652326822280884
3243	266.69048714637756
3244	255.11396980285645
3245	268.28809094429016
3246	242.01718425750732
3247	243.11726689338684
3248	89.04976725578308
3249	208.89074635505676
3250	203.93226265907288
3251	144.88217115402222
3252	93.43830919265747
3253	341.7234830856323
3255	284.44916248321533
3256	18.279328107833862
3257	518.2407937049866
3258	239.55797410011292
3259	297.1442894935608
3260	156.9836049079895
3261	237.4705774784088
3262	298.74161744117737
3263	142.03935289382935
3264	209.06835770606995
3265	83.99506974220276
3266	22.542213916778564
3267	371.3189172744751
3268	100.48388481140137
3270	139.90953826904297
3272	203.90583682060242
3273	37.36266469955444
3274	315.5862593650818
3275	333.14551973342896
3276	178.86246252059937
3277	356.4281904697418
3278	460.35845398902893
3279	214.14358615875244
3280	530.1455698013306
3281	191.8448498249054
3282	488.4084041118622
3284	284.922931432724
3285	411.44575548171997
3286	177.44763493537903
3287	247.47151517868042
3288	219.44159960746765
3290	279.5220236778259
3291	310.4278914928436
3292	44.51330018043518
3293	280.59723448753357
3294	281.0440537929535
3297	302.12661504745483
3299	310.77039217948914
3300	379.6689236164093
3301	263.73655343055725
3302	689.5799741744995
3303	197.2995114326477
3304	326.6618275642395
3305	302.8787593841553
3308	159.70287895202637
3309	116.93607091903687
3310	178.80150508880615
3311	214.0714180469513
3312	247.32928156852722
3314	257.22806429862976
3315	53.083280086517334
3316	412.88290572166443
3319	33.47058153152466
3320	199.88868832588196
3323	282.3826768398285
3324	134.18522310256958
3325	239.69762015342712
3326	108.0492467880249
3327	107.83993196487427
3328	104.00512623786926
3329	316.3901813030243
3331	211.94413113594055
3333	354.6238422393799
3334	224.12431025505066
3336	53.422181367874146
3337	161.4182767868042
3339	157.97493648529053
3340	186.93016958236694
3341	120.46727466583252
3343	240.79300713539124
3346	186.5060703754425
3347	213.51156616210938
3349	378.0664448738098
3350	357.98190927505493
3351	328.6510543823242
3353	272.93876600265503
3354	331.3324303627014
3356	236.90622997283936
3357	105.52240014076233
3358	372.69392490386963
3359	400.18172430992126
3361	304.10367703437805
3362	395.9754228591919
3365	396.8606586456299
3366	417.5659749507904
3367	709.6376073360443
3368	406.138019323349
3369	374.146609544754
3370	370.3740611076355
3371	330.62997102737427
3374	285.66967248916626
3375	494.42232060432434
3377	442.2336676120758
3378	539.558333158493
3380	434.130286693573
3381	389.9410512447357
3383	324.150185585022
3384	186.82045555114746
3385	182.42502236366272
3386	364.0752167701721
3387	519.7916555404663
3388	343.65712213516235
3389	413.890328168869
3391	327.73828506469727
3392	511.483314037323
3393	259.2129981517792
3394	371.7083783149719
3395	493.572793006897
3396	19.539509296417236
3397	495.1165146827698
3398	251.47239089012146
3399	282.0698342323303
3400	46.275163650512695
3401	251.40713047981262
3404	253.63409638404846
3405	250.19461798667908
3406	199.67800998687744
3407	23.53063678741455
3408	674.2354385852814
3409	353.39248633384705
3410	506.9959180355072
3411	85.42384266853333
3412	143.95335721969604
3414	575.588348865509
3415	334.81471395492554
3417	302.0987513065338
3419	269.3664016723633
3420	142.71698689460754
3421	401.4698967933655
3422	25.44609761238098
3423	190.50971221923828
3424	150.79774165153503
3425	160.23863697052002
3426	143.61083340644836
3427	198.2589192390442
3428	214.5391149520874
3430	82.33010458946228
3432	178.31375074386597
3433	20.167125701904297
3436	68.47673749923706
3438	243.7730062007904
3439	272.11580443382263
3440	101.5500602722168
3441	191.79949808120728
3442	240.04774975776672
3443	604.4831326007843
3444	306.4142620563507
3445	576.4609217643738
3446	270.8073499202728
3447	385.10294103622437
3448	249.30996346473694
3449	335.6732409000397
3450	379.36278343200684
3451	192.3067512512207
3452	578.2765603065491
3453	468.7846956253052
3454	473.1829950809479
3455	357.7890157699585
3456	247.5963535308838
3457	467.1569697856903
3458	564.3632807731628
3459	495.2746045589447
3460	544.5673434734344
3461	587.4811501502991
3462	589.330441236496
3463	402.19367504119873
3464	428.16291999816895
3465	555.4678311347961
3470	640.7488288879395
3472	326.6845121383667
3473	332.3264584541321
3474	370.94304370880127
3476	334.5748436450958
3477	497.77235198020935
3478	527.3206100463867
3479	520.944818019867
3480	484.7057046890259
3481	432.94468331336975
3482	599.3599121570587
3483	495.01771664619446
3485	372.232084274292
3486	534.8990836143494
3487	654.4102320671082
3488	513.769403219223
3489	485.16916489601135
3490	572.0758397579193
3491	526.3100514411926
3493	618.4097929000854
3494	523.6159932613373
3495	561.0368363857269
3496	454.5323135852814
3497	339.6137125492096
3498	372.491819858551
3499	558.1860756874084
3500	528.8309173583984
3501	533.0946242809296
3502	394.2627296447754
3504	410.8201217651367
3505	491.4562563896179
3506	366.8130033016205
3507	638.329507112503
3508	418.40174770355225
3509	744.2984292507172
3510	270.49131751060486
3511	404.84572553634644
3513	249.42933225631714
3514	412.69516158103943
3515	282.73593974113464
3516	560.5683078765869
3517	636.5735628604889
3518	577.9452078342438
3519	338.49233174324036
3520	506.8064911365509
3522	229.28385019302368
3523	348.6990396976471
3524	485.3845443725586
3525	540.6534504890442
3526	524.4440195560455
3527	888.1257126331329
3528	650.6577444076538
3529	571.2137370109558
3532	704.7988226413727
3533	608.0210347175598
3534	416.69788002967834
3535	493.2907826900482
3536	716.0657122135162
3538	346.98609018325806
3539	552.830470085144
3540	520.9898829460144
3541	321.0481402873993
3542	246.428617477417
3543	313.19288301467896
3544	190.64771509170532
3546	442.0855815410614
3547	349.87844800949097
3548	119.8509476184845
3549	402.8653235435486
3550	81.49435305595398
3551	330.28928661346436
3552	480.65676617622375
3553	223.9417269229889
3554	117.92283987998962
3556	496.7927486896515
3560	204.10123229026794
3561	285.57548356056213
3562	163.51527070999146
3565	327.53953790664673
3566	492.0227973461151
3568	498.43633913993835
3569	479.8081114292145
3570	400.6835935115814
3571	385.7381315231323
3572	390.02569818496704
3573	233.60714411735535
3575	483.84042501449585
3576	440.02272868156433
3579	655.9445164203644
3580	438.669695854187
3586	377.8682436943054
3587	264.0354697704315
3589	337.31332516670227
3590	440.35694885253906
3591	279.1990706920624
3593	436.155038356781
3602	427.3004331588745
3603	515.3424830436707
3607	537.7135417461395
3609	447.59701895713806
3612	362.9629957675934
3614	324.73240089416504
3617	284.5469665527344
3618	344.3149745464325
3621	529.4664998054504
3622	502.64456963539124
3623	449.2553741931915
3624	287.3816087245941
3629	424.0351457595825
3630	383.36533880233765
3632	282.18731808662415
3633	350.57966709136963
3637	424.141193151474
3639	313.3233366012573
3640	527.3085668087006
3641	359.9541280269623
3642	368.0159909725189
3647	558.2468817234039
3651	462.214879989624
3653	335.24926137924194
3654	509.9887742996216
3655	376.9186897277832
3656	404.4117805957794
3657	317.36134791374207
3658	234.36731600761414
3659	112.87035632133484
3661	220.07259440422058
3662	206.35758328437805
3663	517.4766945838928
3664	226.39222168922424
3665	431.4710018634796
3666	146.70356059074402
3667	78.61883115768433
3668	166.65329360961914
3669	96.72118091583252
3670	239.88943791389465
3671	140.76368498802185
3672	165.26690340042114
3673	187.59401535987854
3674	217.97271394729614
3675	261.96654510498047
3677	83.48676085472107
3678	194.9331247806549
3679	31.988792181015015
3680	308.3327331542969
3681	270.21474981307983
3682	503.5803933143616
3683	440.6707055568695
3684	147.35654950141907
3685	530.4467170238495
3686	414.6815278530121
3687	205.13662767410278
3688	219.45001339912415
3689	340.74644804000854
3690	298.4386694431305
3691	372.26916885375977
3693	436.42072772979736
3694	607.8948152065277
3696	384.7536597251892
3697	168.56929469108582
3699	528.3274118900299
3700	251.6406123638153
3701	356.5118064880371
3702	187.30255651474
3703	275.3234369754791
3704	119.5181655883789
3707	362.61492586135864
3708	241.09356307983398
3709	286.6481235027313
3710	314.2324068546295
3711	432.36497259140015
3712	392.37330198287964
3713	426.3256094455719
3714	278.7091979980469
3715	73.72799873352051
3716	278.89323902130127
3717	461.2376170158386
3719	151.63769268989563
3721	290.71046018600464
3722	229.40055990219116
3723	6.953908205032349
3724	337.2971441745758
3725	154.58172297477722
3727	188.848552942276
3728	368.41997599601746
3729	341.5702784061432
3730	293.70587038993835
3731	26.317681312561035
3732	242.15077114105225
3733	122.19987511634827
3736	96.94682621955872
3737	169.62827134132385
3738	256.73202872276306
3739	363.3801941871643
3740	106.35701417922974
3741	312.3862986564636
3743	233.49699354171753
3744	314.5013749599457
3745	218.6771695613861
3746	209.26488590240479
3747	28.595168590545654
3748	61.961384296417236
3749	221.60339331626892
3750	143.5607464313507
3751	246.8478696346283
3753	517.9367256164551
3754	209.91874837875366
3755	95.07394695281982
3756	614.8618929386139
3757	220.0863902568817
3758	309.4791798591614
3759	225.5430121421814
3760	708.0249800682068
3761	249.75512671470642
3762	144.98154425621033
3763	117.67637753486633
3764	173.15288877487183
3765	269.5157263278961
3766	91.5978434085846
3767	507.79335260391235
3768	97.16426253318787
3769	303.68810200691223
3770	295.64383935928345
3771	362.36229038238525
3772	366.49010467529297
3773	334.72748351097107
3774	159.2638018131256
3775	554.7056624889374
3776	344.6795253753662
3777	365.8464434146881
3778	365.5461139678955
3780	316.45110392570496
3781	289.301637172699
3782	466.315847158432
3783	439.9777235984802
3784	619.8689653873444
3785	500.4990563392639
3786	530.9077348709106
3787	686.319895029068
3788	308.30449771881104
3789	596.71155834198
3790	617.1327669620514
3791	390.0191876888275
3792	277.0722281932831
3793	263.0446569919586
3794	270.6836428642273
3795	150.6502377986908
3796	536.5087933540344
3797	359.26710295677185
3798	318.42678213119507
3799	500.78981924057007
3800	609.2686591148376
3801	193.16897559165955
3802	666.9309556484222
3803	363.09687209129333
3804	253.04133486747742
3805	507.4826018810272
3806	606.3991055488586
3807	270.2245693206787
3808	237.61236333847046
3809	390.01721024513245
3810	119.63602185249329
3811	119.90040349960327
3813	67.08762764930725
3814	148.16712045669556
3815	25.15501356124878
3816	441.6652452945709
3817	42.553555727005005
3819	342.6474108695984
3820	130.38994574546814
3821	58.99822163581848
3822	131.0390248298645
3824	77.12864804267883
3825	103.35776257514954
3826	235.78280901908875
3827	65.90704846382141
3829	222.91855454444885
3830	407.92800760269165
3831	198.32400560379028
3832	200.07770895957947
3833	37.38071131706238
3834	303.2757725715637
3835	198.22670602798462
3837	55.04499554634094
3842	423.7441596984863
3844	415.34377121925354
3845	56.47478652000427
3846	308.3492548465729
3847	109.3742048740387
3848	140.22909379005432
3849	145.88727641105652
3850	68.45220923423767
3851	567.3662109375
3852	305.8196601867676
3854	311.9790222644806
3855	149.46331310272217
3856	272.2413730621338
3857	73.09806680679321
3858	246.0536925792694
3859	79.1555597782135
3860	251.9246141910553
3861	278.6121211051941
3863	43.04473662376404
3864	279.3948895931244
3865	254.58048462867737
3866	407.22126507759094
3870	396.04670238494873
3871	335.7032754421234
3872	276.70427227020264
3873	347.29711651802063
3874	353.73888087272644
3876	279.9134316444397
3877	241.0682327747345
3878	407.2732198238373
3879	321.1703567504883
3881	264.920615196228
3882	472.2617027759552
3883	336.31351041793823
3884	155.6802899837494
3885	198.96075892448425
3886	321.718389749527
3888	296.87976694107056
3889	426.84924578666687
3890	146.03664374351501
3891	366.1961681842804
3892	338.8511621952057
3893	280.2784421443939
3895	452.31971049308777
3896	376.3868007659912
3897	298.3245270252228
3898	370.3136217594147
3899	276.4804096221924
3900	542.8269085884094
3901	11.229700088500977
3902	248.21259546279907
3905	311.9905512332916
3906	83.04700469970703
3907	373.68152618408203
3908	302.07094979286194
3909	321.11907744407654
3910	344.55514550209045
3911	324.6276693344116
3913	525.2101039886475
3914	562.3813946247101
3919	475.8839225769043
3920	588.8456046581268
3923	184.517019033432
3924	243.2498083114624
3925	157.51657128334045
3926	146.9323124885559
3930	96.16679215431213
3931	236.951886177063
3932	284.96967697143555
3933	291.7024962902069
3934	170.82264232635498
3935	235.24166178703308
3936	506.33026218414307
3937	147.33074760437012
3939	220.65349292755127
3940	198.85425233840942
3941	160.25452661514282
3942	289.0039827823639
3943	160.79307675361633
3946	294.1792058944702
3947	171.19891738891602
3948	305.54824209213257
3949	372.0143141746521
3950	319.2759430408478
3951	210.79842805862427
3952	309.38853454589844
3953	256.3230867385864
3954	202.64707350730896
3955	141.65304517745972
3956	108.43160223960876
3958	43.00888442993164
3959	232.62464213371277
3960	319.0578815937042
3961	98.20070338249207
3962	310.5887064933777
3964	163.72071266174316
3967	232.13525366783142
3968	24.902605056762695
3970	25.966796159744263
3971	155.10126042366028
3972	130.23593521118164
3974	57.46613001823425
3975	147.03197312355042
3978	21.82231879234314
3979	157.7547585964203
3980	261.82899832725525
3981	81.50221562385559
3983	400.0305407047272
3984	331.1422646045685
3986	120.31891369819641
3987	220.79764652252197
3988	185.4536910057068
3990	85.67851233482361
3992	96.76030707359314
3993	184.94537377357483
3994	172.40745329856873
3995	220.27096104621887
3996	186.5013062953949
3998	279.9425323009491
4001	376.5217843055725
4002	117.121342420578
4003	194.73195099830627
4004	141.75456738471985
4005	20.32294511795044
4007	122.47306275367737
4008	211.6482126712799
4009	104.75586175918579
4012	217.32391571998596
4015	358.07932925224304
4016	182.09950709342957
4018	144.38059854507446
4019	101.62656140327454
4020	158.07158946990967
4021	249.31485533714294
4025	266.7523455619812
4026	293.90985560417175
4028	173.20105648040771
4029	42.78102993965149
4030	163.5510447025299
4032	405.59744668006897
4033	96.74990844726562
4034	247.3071253299713
4035	207.66195249557495
4036	79.21210980415344
4037	150.00625038146973
4038	310.3569071292877
4039	89.66499638557434
4040	110.07000541687012
4042	363.60431933403015
4043	400.6333110332489
4044	245.5656328201294
4048	643.290974855423
4050	456.8909032344818
4053	403.50182938575745
4054	238.21880316734314
4055	222.65040278434753
4056	176.49801635742188
4057	133.89179396629333
4058	102.57115459442139
4059	308.3169991970062
4060	350.8253319263458
4061	192.7562620639801
4062	290.7291684150696
4063	254.21952056884766
4064	323.6076571941376
4066	179.50056409835815
4067	294.4374511241913
4068	355.7315139770508
4069	319.37850069999695
4071	324.2334852218628
4073	296.1080961227417
4074	347.6426570415497
4075	249.9320206642151
4076	224.6077389717102
4078	228.97758889198303
4079	116.94431757926941
4080	202.83136200904846
4081	264.45171332359314
4083	432.1988594532013
4084	250.0883560180664
4085	255.5898790359497
4086	334.21905279159546
4087	665.2931077480316
4088	226.14530420303345
4089	475.19831442832947
4090	553.1208012104034
4092	555.4240317344666
4093	336.75693368911743
4094	427.94334506988525
4095	514.8219792842865
4096	608.2692828178406
4097	442.4925811290741
4099	257.51237416267395
4100	388.0320007801056
4101	477.342187166214
4103	164.4006998538971
4104	168.5457320213318
4105	427.09894728660583
4106	500.2542636394501
4107	458.327308177948
4108	352.76889085769653
4109	517.0123856067657
4110	496.5762803554535
4111	339.34996485710144
4112	626.6816697120667
4113	330.8982346057892
4114	408.9510974884033
4115	361.39069080352783
4116	518.6485984325409
4117	266.1285173892975
4118	207.6500005722046
4119	157.63241720199585
4120	324.3328483104706
4123	472.9612126350403
4124	431.28319025039673
4126	392.49844312667847
4128	318.9045076370239
4129	370.4129045009613
4130	613.5080387592316
4131	543.2578272819519
4133	374.48312044143677
4134	453.52865743637085
4135	593.807559967041
4136	406.9182097911835
4137	354.64013409614563
4138	557.949969291687
4139	304.06280303001404
4140	215.30122876167297
4141	333.07197999954224
4142	538.2390394210815
4143	242.94512248039246
4144	139.4248242378235
4145	423.29579758644104
4146	113.93285155296326
4148	94.32456636428833
4149	17.243829488754272
4150	154.64114785194397
4152	202.3980371952057
4153	108.34028363227844
4154	299.7288808822632
4155	46.59521722793579
4156	338.3466799259186
4157	219.5448317527771
4158	248.72878575325012
4159	41.7785758972168
4160	146.12141728401184
4161	257.1671166419983
4162	105.7282326221466
4164	330.43617057800293
4165	83.5293357372284
4166	335.29415249824524
4169	117.07268738746643
4170	120.13288569450378
4171	505.2061388492584
4172	63.67174935340881
4173	250.5179135799408
4174	32.7014217376709
4175	380.3044605255127
4176	519.0393650531769
4177	523.8975229263306
4178	493.0749237537384
4179	344.61728596687317
4180	524.4707989692688
4181	413.40468883514404
4182	363.6426281929016
4183	234.54121017456055
4184	296.52020144462585
4185	496.3331296443939
4186	186.8728108406067
4187	11.344274997711182
4190	115.05400013923645
4191	183.54452419281006
4192	259.6237885951996
4193	275.9536306858063
4196	470.11797881126404
4197	173.95794463157654
4198	144.1139121055603
4200	205.4491629600525
4201	270.23780822753906
4203	341.4261214733124
4204	190.15496444702148
4205	262.54266905784607
4206	492.51418566703796
4207	587.5929327011108
4208	605.4429903030396
4209	536.0693180561066
4210	576.860339641571
4211	966.9813771247864
4212	687.2048645019531
4213	660.3304860591888
4214	462.60713148117065
4215	724.1293952465057
4216	607.9550995826721
4217	491.1143879890442
4218	440.08410000801086
4219	406.9488015174866
4220	138.83636116981506
4221	553.4310128688812
4222	646.9131779670715
4223	800.3498601913452
4224	782.5534131526947
4225	455.03693151474
4226	618.6545069217682
4227	876.4317009449005
4228	856.1836881637573
4233	970.4856114387512
4235	1023.6893470287323
4236	492.9375214576721
4238	599.3255081176758
4239	587.0600836277008
4240	883.0520770549774
4242	779.0001130104065
4244	882.2635567188263
4245	747.4593584537506
4246	886.2310767173767
4247	588.4782381057739
4249	315.79185795783997
4250	678.0329229831696
4251	510.21607398986816
4252	488.21502137184143
4257	461.6515865325928
4259	559.9593989849091
4260	729.8744394779205
4261	864.17711353302
4262	390.8384063243866
4263	503.8298890590668
4264	749.6642458438873
4265	746.878356218338
4266	577.8608403205872
4268	692.0491073131561
4269	824.2621207237244
4270	569.4430239200592
4271	674.0174031257629
4273	975.6169624328613
4274	628.8421285152435
4275	808.6617629528046
4276	800.1777110099792
4277	564.015465259552
4278	805.5431337356567
4279	887.0857064723969
4280	733.0683391094208
4281	942.4150955677032
4282	467.86049008369446
4283	573.8515310287476
4284	396.44067549705505
4285	612.4414086341858
4286	538.0103275775909
4287	774.9355432987213
4288	731.6974556446075
4289	654.8547031879425
4290	525.4102177619934
4291	610.3485014438629
4292	338.05802845954895
4293	593.5561244487762
4294	655.1131837368011
4296	842.2604598999023
4297	508.0205533504486
4298	590.7682666778564
4300	745.8171806335449
4301	515.8632962703705
4302	708.2331082820892
4303	727.1982593536377
4304	463.26865553855896
4305	607.9295043945312
4307	366.8458950519562
4308	453.71321153640747
4309	307.76761078834534
4311	329.41358399391174
4312	312.8537003993988
4314	506.44737553596497
4316	390.00349712371826
4317	323.6485092639923
4318	450.77208137512207
4320	304.3027606010437
4321	525.7787380218506
4322	183.73467350006104
4323	466.4048728942871
4324	319.8496046066284
4325	322.8889720439911
4326	499.8330841064453
4328	124.00125050544739
4329	235.9742305278778
4330	280.04959321022034
4331	317.344290971756
4332	311.18806314468384
4333	113.67697358131409
4334	75.64749002456665
4335	165.23559999465942
4336	327.5595190525055
4338	207.70192289352417
4339	94.23590588569641
4340	81.31012845039368
4341	175.65222716331482
4342	157.45782947540283
4345	426.54536056518555
4346	82.77416110038757
4347	235.0723488330841
4349	267.4279942512512
4350	173.11287546157837
4351	20.149276733398438
4352	307.57187604904175
4354	135.1948745250702
4355	319.1522481441498
4356	182.15583181381226
4357	167.95370864868164
4362	366.1256539821625
4363	36.61773610115051
4364	100.31153154373169
4365	104.58664798736572
4366	71.60485434532166
4367	257.86411452293396
4368	485.5669324398041
4370	198.44580721855164
4371	216.21779346466064
4372	90.61644911766052
4373	160.00099968910217
4374	160.83360266685486
4375	238.601708650589
4377	312.2834665775299
4378	326.4041557312012
4379	126.20147752761841
4380	170.6858069896698
4381	223.25476098060608
4382	311.75649785995483
4383	235.76036024093628
4384	169.0742359161377
4385	366.57795882225037
4387	226.13918161392212
4388	208.29340887069702
4390	557.2862825393677
4391	180.93516945838928
4392	151.45296454429626
4393	259.51763224601746
4394	166.31556177139282
4395	255.62341117858887
4396	139.76848936080933
4397	392.41508650779724
4398	335.40258169174194
4399	286.0981321334839
4400	444.804074048996
4401	384.3636133670807
4402	428.1622087955475
4404	560.3802058696747
4406	67.0840311050415
4407	357.7445387840271
4410	213.17325401306152
4412	426.4039742946625
4413	28.59487271308899
4415	237.4306902885437
4416	45.39728236198425
4417	468.8946330547333
4418	399.11765789985657
4419	226.18716263771057
4422	297.81221103668213
4423	427.13573956489563
4424	306.97520637512207
4425	546.3630838394165
4426	631.3386223316193
4427	796.935469865799
4428	460.0793812274933
4429	577.063686132431
4430	355.42567205429077
4431	222.31518507003784
4432	106.962233543396
4433	275.9131586551666
4434	295.4507722854614
4435	357.3580882549286
4436	345.36192178726196
4437	292.6615402698517
4438	213.13516783714294
4439	337.519318819046
4440	365.47300481796265
4441	489.67903900146484
4443	348.8647439479828
4444	641.0226168632507
4445	564.6340932846069
4446	594.991562128067
4447	338.8039412498474
4448	702.8598186969757
4449	624.504236459732
4450	554.4008941650391
4451	759.7671790122986
4452	901.3286068439484
4453	434.9672739505768
4454	273.1674153804779
4455	468.6883223056793
4456	528.2118830680847
4457	312.9884407520294
4458	346.89386463165283
4459	312.56700825691223
4460	503.68040680885315
4461	420.38783407211304
4462	480.1285011768341
4463	693.3791058063507
4464	559.843264579773
4465	587.3188014030457
4466	677.8717265129089
4467	635.5695350170135
4469	578.6739673614502
4470	278.77778840065
4471	576.32794880867
4472	284.8244378566742
4473	405.7464838027954
4474	671.4966568946838
4475	926.313405752182
4476	480.7109954357147
4477	364.75538301467896
4478	798.6053233146667
4479	525.7981498241425
4480	841.1023762226105
4481	540.640725851059
4482	515.8882536888123
4483	506.3417024612427
4484	383.06033730506897
4485	232.2274169921875
4486	343.8210093975067
4487	374.2538740634918
4488	432.7029719352722
4489	238.89949917793274
4490	710.5400331020355
4491	216.73714399337769
4492	357.0131597518921
4493	365.3760623931885
4494	221.27457523345947
4495	301.49916195869446
4496	388.4810781478882
4497	236.17827343940735
4498	173.4136369228363
4499	471.4783389568329
4500	263.3984205722809
4501	251.45140743255615
4502	225.9276807308197
4503	33.24781894683838
4504	167.14361572265625
4505	340.1776900291443
4506	536.789657831192
4507	303.049373626709
4508	387.13619017601013
4509	216.5146768093109
4511	179.1002585887909
4512	210.0174629688263
4513	151.97491216659546
4514	228.0043330192566
4516	237.33520317077637
4517	178.3739025592804
4518	138.17521572113037
4519	135.88881611824036
4520	38.75740170478821
4521	286.50187134742737
4522	310.0368936061859
4524	213.73965620994568
4525	213.39051270484924
4527	173.35796856880188
4529	439.2176420688629
4530	262.3495259284973
4531	95.09062051773071
4532	368.6531238555908
4533	548.6731660366058
4534	137.61528944969177
4535	354.730580329895
4537	343.9624710083008
4538	535.5558733940125
4539	902.0469105243683
4540	248.46159148216248
4541	416.8521044254303
4542	296.6851077079773
4543	313.4728775024414
4544	417.85060262680054
4545	103.83581972122192
4546	530.0899956226349
4547	554.5130105018616
4548	214.12998270988464
4549	27.624863624572754
4550	406.0092215538025
4551	598.4094369411469
4552	278.84839153289795
4553	575.4186456203461
4554	106.74123048782349
4555	314.53419971466064
4556	147.26775908470154
4557	217.9251561164856
4560	311.6303520202637
4561	310.41746640205383
4564	365.8674292564392
4566	446.70455527305603
4569	1551390670.2702208
4570	284.7556824684143
4573	325.12712836265564
4574	242.88665008544922
4576	323.708877325058
4577	191.13047075271606
4578	341.8192617893219
4579	400.3614811897278
4580	540.1477961540222
4581	501.04923009872437
4582	604.8151988983154
4583	638.8434250354767
4584	824.7176234722137
4585	954.1172533035278
4586	385.5446448326111
4587	661.6848385334015
4588	593.7583091259003
4589	506.417218208313
4591	438.5796103477478
4593	514.9363839626312
4594	862.6010847091675
4595	557.1240336894989
4596	734.2042429447174
4597	536.2971620559692
4598	994.0266208648682
4599	1056.9092304706573
4600	864.7129654884338
4602	783.6603665351868
4603	822.8232243061066
4604	963.5632536411285
4605	843.7110505104065
4606	1147.2726421356201
4607	715.4100093841553
4608	803.710126876831
4609	851.9681441783905
4611	904.0618662834167
4612	594.071261882782
4613	695.0712895393372
4617	522.8543329238892
4618	251.52428889274597
4623	115.95900368690491
4624	461.2274503707886
4627	346.2437753677368
4629	179.26519799232483
4631	370.0563893318176
4632	483.6923396587372
4634	394.6579668521881
4636	216.41423916816711
4637	307.514848947525
4638	262.13030672073364
4639	155.64465427398682
4640	232.93562245368958
4641	402.84503412246704
4645	133.55512356758118
4646	155.57929706573486
4647	458.16608023643494
4648	395.9937379360199
4650	290.7499351501465
4651	188.91916298866272
4653	250.3572781085968
4654	268.9115858078003
4657	166.92561101913452
4658	209.7026698589325
4659	603.4334101676941
4660	175.2741780281067
4662	196.61435842514038
4663	256.99166202545166
4664	179.8728392124176
4665	217.31563067436218
4667	174.58417224884033
4668	471.28439259529114
4669	356.0658800601959
4670	205.90854477882385
4671	268.6183521747589
4672	236.16827845573425
4674	272.0548779964447
4675	308.2157425880432
4676	511.02044558525085
4677	299.4317057132721
4678	93.25808811187744
4679	388.44209575653076
4680	356.78838872909546
4681	390.91641187667847
4682	607.3071415424347
4683	371.981436252594
4684	643.3576211929321
4685	629.283403635025
4686	618.1710608005524
4687	752.1951611042023
4688	587.83944439888
4689	933.4562203884125
4690	611.1610102653503
4691	595.695794582367
4692	602.4936215877533
4693	672.8003845214844
4694	463.62833189964294
4695	527.6853103637695
4696	631.4260430335999
4697	427.5211353302002
4698	161.98032975196838
4699	278.8969192504883
4700	248.8508780002594
4701	219.92753648757935
4702	430.8555510044098
4703	391.6448130607605
4704	400.53697395324707
4705	616.3551466464996
4706	564.0932395458221
4707	400.0376560688019
4710	787.6318144798279
4711	581.517694234848
4712	640.8256063461304
4713	468.89530992507935
4714	331.151043176651
4715	382.33262300491333
4716	613.4917650222778
4717	492.95745611190796
4718	522.155966758728
4720	682.0257515907288
4721	340.4935839176178
4722	502.7910592556
4723	220.18480443954468
4724	496.10304951667786
4725	310.63970160484314
4726	561.5475740432739
4727	88.25346255302429
4728	158.81580185890198
4729	452.475501537323
4730	126.04514193534851
4731	135.34193897247314
4732	122.93632006645203
4733	92.62168478965759
4734	108.26627731323242
4736	574.5379581451416
4737	52.61310362815857
4738	281.4249436855316
4739	159.2767698764801
4740	133.0836775302887
4741	38.90116262435913
4742	230.191424369812
4746	150.8335361480713
4748	124.95549368858337
4749	56.13746619224548
4752	294.06871032714844
4754	380.41083455085754
4755	167.17809677124023
4758	72.42027735710144
4759	160.5838167667389
4760	349.121702671051
4761	445.3932366371155
4762	93.06279873847961
4763	130.59541583061218
4764	105.86956453323364
4765	467.3346436023712
4766	213.17952370643616
4767	276.50168561935425
4768	325.35707545280457
4769	184.15799736976624
4770	291.8257772922516
4771	415.1251633167267
4772	137.36994338035583
4773	93.76587080955505
4774	117.64621996879578
4775	179.0728144645691
4776	222.23624348640442
4777	130.68806552886963
4778	183.34821462631226
4779	396.6487171649933
4780	246.24419045448303
4781	169.5570101737976
4782	176.72757697105408
4783	436.4303913116455
4784	282.62218284606934
4785	307.8377540111542
4786	168.44355058670044
4787	136.62274885177612
4788	233.59296011924744
4789	815.9792053699493
4790	405.66559314727783
4791	738.1898596286774
4792	387.7874834537506
4793	144.9746835231781
4794	879.1168682575226
4795	1169.2385573387146
4796	1095.358689546585
4797	798.1392362117767
4798	1022.3709659576416
4799	892.4649076461792
4800	544.0273134708405
4801	925.2577805519104
4802	592.65931224823
4803	755.9945933818817
4804	931.0164430141449
4805	1379.1880493164062
4806	1122.4704542160034
4807	1216.2544887065887
4808	1427.7312836647034
4809	1588.4390654563904
4810	1362.7520592212677
4811	1366.7845618724823
4812	1776.078840970993
4813	1330.0362272262573
4814	1272.8546340465546
4815	1158.7337901592255
4816	1687.9647827148438
4817	1764.4801466464996
4818	1912.1056380271912
4819	1509.9818165302277
4820	1500.404860496521
4821	1868.8232252597809
4822	1749.8970444202423
4823	1532.9668745994568
4824	1530.887981414795
4825	1476.2053923606873
4826	1666.7115252017975
4827	1397.0003519058228
4828	1187.0771718025208
4829	1625.592721939087
4830	1567.8832767009735
4831	2047.4026544094086
4832	1419.5995047092438
4833	1872.5117559432983
4834	1830.425592660904
4835	1473.8387427330017
4836	1216.7711470127106
4837	977.4992446899414
4838	1144.3057901859283
4839	927.4422523975372
4840	1011.2454245090485
4841	1320.8328289985657
4842	1228.4011690616608
4843	1626.1390433311462
4844	1145.1067516803741
4845	988.7068269252777
4846	1219.0607132911682
4847	1214.5899958610535
4848	1202.8140275478363
4849	1005.3699610233307
4850	902.9737198352814
4851	1365.187210559845
4853	952.2785608768463
4854	1612.009566783905
4856	985.8177053928375
4857	1763.3661236763
4858	1756.624061346054
4859	1757.236953496933
4860	1898.4330396652222
4862	1818.2016866207123
4864	1938.8674063682556
4865	1056.5863010883331
4867	1512.7203001976013
4868	1380.1699965000153
4869	1687.6411974430084
4870	1581.7487330436707
4871	1399.3224620819092
4873	1561.2338609695435
4874	1851.616660118103
4875	1570.4055728912354
4876	1652.4356021881104
4877	1182.5009107589722
4878	1201.3037974834442
4879	1581.9864463806152
4880	1291.5931975841522
4882	1677.4588677883148
4883	1349.0688486099243
4884	1581.069599866867
4885	1074.1489522457123
4886	1309.4417634010315
4887	1008.4050967693329
4888	1554.322261095047
4889	1322.295337677002
4890	1315.6185162067413
4891	1212.7312874794006
4893	1199.2372334003448
4894	1045.0396735668182
4895	1195.926946401596
4896	986.4178147315979
4901	900.15141248703
4902	734.1506679058075
4903	884.8365080356598
4905	856.2471840381622
4908	586.3265535831451
4909	495.69196248054504
4910	317.76808881759644
4911	389.2030277252197
4912	338.59526681900024
4914	430.0460891723633
4915	196.0173008441925
4916	57.0560142993927
4921	83.64588212966919
4922	117.28748488426208
4923	410.3233132362366
4926	256.5169713497162
4928	194.00590133666992
4930	297.55134868621826
4931	258.7637794017792
4932	97.7451114654541
4933	517.3176412582397
4934	26.786571502685547
4935	138.2798147201538
4936	392.0026652812958
4937	484.79140162467957
4938	197.88644671440125
4939	418.81302642822266
4940	161.18445658683777
4941	349.9104697704315
4943	401.69936418533325
4944	366.2575783729553
4945	280.3684980869293
4946	555.8038942813873
4948	515.2753088474274
4952	433.0946309566498
4953	462.1980061531067
4956	341.39806604385376
4957	507.2406327724457
4959	536.8395600318909
4961	411.92756366729736
4962	403.96087288856506
4963	381.9266445636749
4964	331.5491986274719
4966	484.22158551216125
4967	600.3187687397003
4968	588.221652507782
4970	548.4776270389557
4971	637.2365717887878
4972	530.5883057117462
4973	619.4239823818207
4974	713.8866648674011
4975	406.39052510261536
4976	566.6564166545868
4980	422.81356549263
4982	505.6631746292114
4984	537.5982270240784
4986	480.80939960479736
4990	120.45979022979736
4991	259.4265069961548
4993	102.26440715789795
4994	183.25318455696106
4995	175.23724937438965
4996	218.00988149642944
4997	241.88557076454163
4998	284.89004254341125
4999	133.5290653705597
5000	87.77446985244751
5001	344.5428192615509
5003	441.59405279159546
5004	347.02026653289795
5005	295.0220057964325
5006	356.126314163208
5007	509.72448992729187
5008	554.9494385719299
5009	437.34405755996704
5010	296.5623359680176
5011	244.10315775871277
5013	439.28701424598694
5014	286.079482793808
5016	282.40690064430237
5018	304.04951333999634
5020	247.6367404460907
5021	185.45699262619019
5022	181.0376317501068
5023	60.52924180030823
5024	134.56497192382812
5026	216.50272417068481
5030	176.42004084587097
5031	80.00088047981262
5033	228.6588282585144
5034	254.21183395385742
5035	350.4385950565338
5036	455.9772861003876
5037	346.79923391342163
5038	164.38618326187134
5039	442.8041777610779
5040	285.98390650749207
5041	435.67532873153687
5042	366.6204128265381
5043	299.05052495002747
5044	455.61033153533936
5045	186.5411639213562
5048	332.2456810474396
5049	397.3276810646057
5050	348.55573439598083
5051	355.39048194885254
5052	396.3840243816376
5053	400.1847848892212
5058	275.3431222438812
5060	269.4863283634186
5062	271.9320435523987
5064	165.06184840202332
5065	384.6103482246399
5066	193.19819688796997
5067	242.0650610923767
5070	95.77441000938416
5072	161.46337628364563
5073	203.53948497772217
5075	91.83064365386963
5076	195.57164335250854
5077	222.01734590530396
5078	110.31986594200134
5079	346.95518612861633
5080	413.04331970214844
5081	249.4368691444397
5082	462.01621866226196
5083	327.45991921424866
5085	354.00556468963623
5086	573.7172632217407
5088	454.61625361442566
5089	394.8151879310608
5090	227.97505593299866
5092	328.0341613292694
5093	423.85583305358887
5094	90.7302737236023
5095	210.63696551322937
5097	433.6453421115875
5098	332.09845423698425
5099	213.28425431251526
5100	70.83389806747437
5101	386.85610246658325
5102	270.23845529556274
5103	148.91153645515442
5104	193.72842502593994
5106	80.08461785316467
5107	173.5569155216217
5108	290.9395172595978
5110	168.04856204986572
5114	208.4992127418518
5116	238.03784155845642
5117	46.63193917274475
5119	218.2719795703888
5123	69.0331380367279
5125	147.8712260723114
5126	165.36571383476257
5132	97.23622846603394
5133	142.69974398612976
5134	169.31638097763062
5135	110.2586579322815
5136	46.829768657684326
5138	165.3565411567688
5141	92.18289375305176
5143	225.60106897354126
5145	300.65580892562866
5148	341.46705293655396
5149	238.14298343658447
5159	276.8515384197235
5161	249.81163120269775
5163	211.18300938606262
5164	49.79871869087219
5166	244.8902509212494
5168	277.0235948562622
5169	251.8502631187439
5171	326.2259621620178
5174	122.25745177268982
5175	352.9086163043976
5176	199.8958649635315
5177	151.7168731689453
5178	99.11944460868835
5180	269.6596612930298
5181	309.9869394302368
5182	341.099986076355
5183	90.14940762519836
5184	299.6997594833374
5185	403.86874985694885
5186	403.42553329467773
5187	321.0698001384735
5188	425.88655638694763
5189	409.0905833244324
5190	498.37425208091736
5191	440.09800124168396
5192	529.5964405536652
5193	754.6478610038757
5194	593.3165340423584
5195	504.6270954608917
5196	523.0583686828613
5197	292.6405894756317
5198	593.2585141658783
5199	446.2346260547638
5200	477.11284136772156
5201	530.4602556228638
5202	441.24506664276123
5203	606.5423774719238
5204	477.23617362976074
5205	549.5878920555115
5206	470.62267804145813
5207	723.68248295784
5209	526.4865396022797
5210	667.1949241161346
5211	691.7402994632721
5214	844.1912477016449
5216	404.1139883995056
5217	601.3909366130829
5218	916.9002408981323
5219	844.9069364070892
5220	574.3002841472626
5221	972.0008053779602
5222	642.7497210502625
5224	543.462409734726
5225	610.6369364261627
5226	534.983386516571
5227	580.4045307636261
5228	694.1536424160004
5229	759.0046319961548
5230	594.9870944023132
5231	735.6803686618805
5232	382.444669008255
5233	332.8971064090729
5234	414.58647441864014
5235	245.06765341758728
5236	356.5601966381073
5237	447.5273733139038
5238	172.9341139793396
5239	262.41842103004456
5240	336.01548075675964
5241	281.4962782859802
5242	236.08437132835388
5243	140.7197961807251
5244	213.2254078388214
5245	163.53851532936096
5246	555.2507832050323
5247	259.71083998680115
5248	249.86360597610474
5249	338.13247871398926
5250	366.12860012054443
5252	297.0685188770294
5256	63.29678440093994
5257	44.086132287979126
5258	123.68148136138916
5259	59.359227418899536
5260	306.8828341960907
5261	371.3167636394501
5262	232.35138392448425
5263	208.20859217643738
5264	463.94074869155884
5266	239.240807056427
5267	351.45147371292114
5268	356.6506917476654
5269	377.1658458709717
5270	208.27379751205444
5272	248.24595832824707
5273	604.1182641983032
5274	261.8038980960846
5275	364.5590319633484
5276	307.57124280929565
5277	118.13428211212158
5278	405.6062948703766
5280	444.9596128463745
5281	310.21904373168945
5282	352.95191383361816
5286	264.62449073791504
5287	320.32102942466736
5289	208.4325819015503
5290	325.911474943161
5291	272.14495968818665
5292	403.77402114868164
5293	301.98931884765625
5294	344.42133617401123
5295	265.32723093032837
5296	304.388986825943
5297	286.7318937778473
5298	300.95131063461304
5299	110.24184322357178
5300	291.2650430202484
5301	435.90877294540405
5302	225.16830348968506
5303	428.58134627342224
5304	227.5664610862732
5305	265.8932566642761
5306	213.74171113967896
5307	26.253692388534546
5309	462.61311864852905
5310	292.1039710044861
5311	447.05283761024475
5313	472.2813172340393
5314	337.589284658432
5315	384.04748487472534
5316	483.91087913513184
5317	322.4198956489563
5318	429.80044651031494
5319	582.4231324195862
5320	505.8470392227173
5321	192.94118428230286
5322	497.0873963832855
5323	541.564938545227
5324	309.01078248023987
5325	163.3270628452301
5326	141.305823802948
5327	357.0242209434509
5329	254.90203309059143
5330	510.0015904903412
5331	404.50729060173035
5332	595.2062375545502
5334	156.70477056503296
5335	565.4815092086792
5337	584.1694128513336
5338	447.09175205230713
5339	330.32401967048645
5340	374.73674058914185
5341	249.4515745639801
5342	208.95293188095093
5343	331.6800956726074
5344	410.90395736694336
5345	388.49892830848694
5346	445.7936153411865
5347	412.3019526004791
5348	381.7401616573334
5350	289.5499756336212
5351	478.7922863960266
5353	482.9460368156433
5354	592.0081765651703
5355	197.05746936798096
5356	935.879560470581
5358	402.2078242301941
5359	498.3551387786865
5360	577.9222414493561
5362	302.9478757381439
5363	731.192807674408
5364	444.4967772960663
5365	583.9298667907715
5366	527.9143390655518
5367	495.7416641712189
5368	614.8866684436798
5369	500.25316429138184
5370	504.4751036167145
5371	281.6657679080963
5372	652.5949757099152
5373	452.2536413669586
5374	423.20845580101013
5375	360.20581674575806
5376	490.774374961853
5377	720.7328217029572
5378	623.3354110717773
5380	587.8775954246521
5382	400.8888201713562
5383	348.4234392642975
5385	267.3208348751068
5386	271.10626912117004
5387	291.410653591156
5388	443.0277154445648
5389	265.0136082172394
5390	196.33632278442383
5391	115.2695701122284
5392	72.65354895591736
5393	228.0803027153015
5394	287.0969250202179
5395	357.57603669166565
5396	71.82952237129211
5398	86.509756565094
5401	453.77430605888367
5402	120.6961305141449
5403	100.79545402526855
5404	457.2812764644623
5405	168.22821831703186
5406	184.60696053504944
5407	72.87380599975586
5408	288.4993805885315
5409	364.71168088912964
5410	260.72495102882385
5411	557.3729982376099
5412	285.5027804374695
5413	130.09755301475525
5414	631.0034375190735
5415	241.0899920463562
5416	479.71829056739807
5417	296.0598692893982
5418	291.71601152420044
5419	118.2160575389862
5420	63.22241020202637
5421	411.59669160842896
5422	242.26963257789612
5423	241.75997185707092
5424	127.36939454078674
5425	471.12754106521606
5426	223.6147665977478
5427	76.36476063728333
5430	76.68872117996216
5432	60.91298818588257
5434	71.44794583320618
5437	12.568903923034668
5438	131.6431324481964
5439	141.13330078125
5440	198.23980832099915
5442	126.61095333099365
5444	235.97627234458923
5445	328.23058438301086
