Iteration_step	Porb	eccentricity	Wdisk	logQ	primary_mass	age	feh	secondary_mass	posterior_probability	acceptance_ratio	inital_orbital_period	initial_eccentricity	current_orbital_period	current_eccentricity	current_spin	delta_e	delta_p	bad_solution_flag	gsl_flag	
1	7.549	0.018	4.1	7.062106210621062	0.666011782150372	6.014788039112349	-0.6927320430865435	0.454752844852274	4.216038693182312	0.0	7.762129862279699	0.019161565102648735	7.5490000001401985	0.018000000053283373	7.568625186517805	1.4019807537124507e-10	5.3283374240598036e-11	False	False
2	7.548997716839898	0.017228652442205207	3.7485515337032345	7.088866020275411	0.6200455114355254	5.865940506089614	-0.7144370107829616	0.42336707520817674	34.2953015589624	8.134484537445251	7.708780979276512	0.01805874238893759	7.548997716601333	0.017228652440308762	8.629265506739243	-2.3856472353145364e-10	-1.896444806748221e-12	False	False
3	7.5490046623417655	0.02902909468346105	3.0461168990851206	7.3222266100804845	0.6981925441822991	5.597533480992027	-0.4986670005441245	0.47672586916767384	22.043348714223864	0.6427512723958909	7.67879254614918	0.030164244107525183	7.549004662339036	0.029029094689465667	8.529685046762426	-2.729372283738485e-12	6.0046169425564955e-12	False	False
13	7.549005487497059	0.020392074172363932	3.7206494303533595	7.389635920692292	0.7250230457040149	4.732064461771869	-0.4970591121609957	0.49504573560670134	42.01427387529988	1.9059841778118503	7.649397383826343	0.021017445592657627	7.549005487422251	0.02039207416035296	8.561146124447932	-7.480771557766275e-11	-1.201097207803592e-11	False	False
50	7.548999701781293	0.01971515016432223	3.9633413852602994	7.147597611150424	0.6424498463805778	3.8893408437559294	-0.6912637818664398	0.4386647551086585	37.23613568192301	0.8862734553604668	7.644201301328219	0.020293360535507465	7.548999701730703	0.019715150166558677	8.712933326602796	-5.058975460769943e-11	2.236447138592723e-12	False	False
57	7.549005201290085	0.031821453154573895	3.9186885856420255	6.632369195593966	0.7123324026805306	4.649927165668694	-0.44300092598703106	0.48638056455026624	2.10399209084826	0.05650403975377292	7.767972140955487	0.03747289698094816	7.5490052001941805	0.03182145309370721	7.549005200194181	-1.0959047003211708e-09	-6.086668669080808e-11	False	False
58	7.549012691158918	0.0199892130089823	3.874050986156589	6.470685895965683	0.6661368616013056	4.990290379330986	-0.6739542882030067	0.45483824910137144	3.370848238180298	1.6021202041787543	7.813678847911018	0.02449039497508336	7.549012691152956	0.01998921299219438	7.549012691152956	-5.962341731446941e-12	-1.6787918277749725e-11	False	False
61	7.5490046399817805	0.019872741888551752	3.5962876831780806	7.031744521758526	0.6693666686640667	5.638614648183506	-0.7397572089530283	0.45704356136382474	3.830976646237741	1.1365022616105185	7.760437476527792	0.02116009778535056	7.549004640068781	0.019872741895050523	7.549004640068781	8.700062892330607e-11	6.498770271923249e-12	False	False
65	7.549004312556172	0.011783077854853666	3.817477266238187	6.968348998991741	0.6641795627404296	6.025409269571215	-0.8515841955325194	0.4535018054391653	3.416292801290367	0.8917550579812019	7.791320616909229	0.012694021757671533	7.549004316097879	0.011783077481304017	7.54900431609788	3.5417064836451573e-09	-3.7354964954605663e-10	False	False
67	7.549009900176198	0.015962496559334377	3.752733376984582	7.307442390655351	0.6712912290051779	5.403066919189495	-0.7622613985854964	0.4583576511647354	17.70822261685626	5.183461619615184	7.658635454445562	0.01649202320578966	7.549009899308829	0.015962496555642296	9.143812364787543	-8.67369287504971e-10	-3.692081362860478e-12	False	False
75	7.549011900653164	0.021354250444536024	3.146339899965029	7.271474408239671	0.640209436941809	5.6886553916167	-0.6749586680079662	0.43713500354386714	6.7689531275032735	0.38224915475480764	7.662337803051428	0.022082517194778148	7.54901190037952	0.021354250439908483	9.450108640439904	-2.736433302175101e-10	-4.627541405621827e-12	False	False
76	7.549025104859017	0.007169489661155083	2.4270249957301973	7.339796109518619	0.6736504895494736	4.737136885123487	-0.8523899115018853	0.45996855426438055	2.3620542125360755	0.3489541392949959	7.63569335350989	0.007358861608658732	7.549023993863564	0.007169572567372023	9.470234267896698	-1.110995452968666e-06	8.290621694023725e-08	False	False
77	7.549008380664217	0.015177037505347827	2.7963223425987387	7.15401688843902	0.6480702352261543	4.676548071061596	-0.6421964881775777	0.4425023566124181	33.800131191507454	14.309633966960115	7.670629646252475	0.0157397502260616	7.549008380558959	0.015177037504116598	8.545076882254383	-1.0525802451866184e-10	-1.2312286606919187e-12	False	False
79	7.5490033443348645	0.018969950151076765	3.3260782109348663	7.247310912799604	0.6801302910719422	3.677397222096256	-0.6851226034502097	0.4643929627439221	36.89139644586152	1.091457196921495	7.631819889827351	0.019457104168332944	7.549003344124173	0.018969950154111688	8.684769975338112	-2.106919083644243e-10	3.0349230073500877e-12	False	False
95	7.549001805646507	0.0023423827649502807	3.4523996372377166	7.089004787846959	0.6746840115996036	3.324184459947102	-0.8880107935144308	0.46067424312020927	5.932597486717898	0.16081249446396106	7.646864598347099	0.0024142922100196195	7.5490014866303685	0.0023423617468173543	7.955659208614197	-3.1901613883889013e-07	-2.1018132926372418e-08	False	False
102	7.549005991855732	0.0039002363029573806	3.7531199932480126	6.8672754803391145	0.6942140687668488	2.302685559933686	-0.6818947777965105	0.4740093661540043	1.373836869508704	0.23157425943433663	7.626759623988666	0.004048390480390932	7.549005992068513	0.0039002363163855077	7.549005992068515	2.12780904007559e-10	1.3428127099840426e-11	False	False
104	7.549023035911271	0.0057884001121843815	3.9678186948218133	6.905181499355275	0.6708399018012423	2.4020914520699055	-0.6796714007941297	0.45804948494988823	0.9201109566335307	0.6697381450845546	7.631448914072916	0.00597906407365321	7.549023035979045	0.005788400109530548	7.549023035979044	6.777334249363776e-11	-2.6538337499770748e-12	False	False
107	7.549010475037087	0.006237174308370548	3.4248994138761235	6.391497328779276	0.7053090593858152	3.0434736033071523	-0.715146081353397	0.4815850257486346	1.788623262051693	1.9439212729254354	7.656510268236752	0.007381085733016484	7.549010479438949	0.006237174205642114	7.549010479438952	4.401861986025324e-09	-1.027284333987577e-10	False	False
