Iteration_step	Porb	eccentricity	Wdisk	logQ	primary_mass	age	feh	secondary_mass	posterior_probability	acceptance_ratio	inital_orbital_period	initial_eccentricity	current_orbital_period	current_eccentricity	current_spin	delta_e	delta_p	bad_solution_flag	gsl_flag	
1	23.738	0.348	4.1	7.027902790279028	0.9796130644486895	6.194702486948838	0.07493731970460879	0.5505425422201635	4.947585101575511	0.0	23.789266987520666	0.3491086663935456	23.738000000007208	0.34800000000064024	16.4338166508972	7.208456054286216e-12	6.402656183013278e-13	False	False
3	23.737921017295356	0.34832108874201295	4.288778285188804	6.56303288694979	1.0730607407490769	5.67107213728496	0.29692317477852764	0.6030601363009812	4.314163314912017	0.8719735439291814	23.836530295170693	0.3514525322844905	23.737921017602126	0.34832108874454376	15.825280678401416	3.0676972073706565e-10	2.5308088957842756e-12	False	False
6	23.737922555582465	0.3473964517843586	3.910532674875105	5.822625085966171	1.090247164993957	5.241131957761223	0.36602618815920007	0.6127189067266039	4.388026995098779	1.0171212063139683	24.139338888503243	0.3627161148182007	23.74500760084977	0.347537485282194	15.830005067233184	0.007085045267306356	0.00014103349783545216	False	False
8	23.737848290490398	0.349127540893329	4.172802426993827	5.76152310980087	1.1533278721945723	4.212664601124916	0.2170155340847381	0.6481702641733497	1.3884454637052583	0.316416800820981	24.22942180913781	0.3691471351803622	23.737848290991888	0.34912754090748316	15.825232193994593	5.014904047584423e-10	1.415417782979489e-11	False	False
11	23.738072936749834	0.3492867013480303	3.448931156825365	5.367204680604027	1.0036699309351804	3.992772052823437	0.18714242541606851	0.5640625011855714	1.9596169621931814	1.411374816958005	24.311902290810032	0.37225113655257913	23.738075097756365	0.3492875851176854	15.825383398504245	2.1610065310539994e-06	8.837696550689778e-07	False	False
13	23.738145870066155	0.34950599615973155	3.638813615065402	5.739109470176642	1.0777235531021674	4.60764943804462	0.34042239667140906	0.6056806368434181	1.022621831747473	0.5218478159134559	24.106913186692502	0.36420947213950144	23.738147835816104	0.3495061834403499	15.82543189054407	1.965749948595885e-06	1.8728061834671905e-07	False	False
16	23.73815228148709	0.34872218676316635	3.312621293523777	6.425356757591519	1.0701449618369454	5.656211316071065	0.13653972016153	0.6014214685523633	1.7791051304349095	1.7397488252277438	23.89103357842771	0.35371448797068966	23.738152280383787	0.34872218673641037	15.825434853589192	-1.1033023383788532e-09	-2.6755986315407654e-11	False	False
18	23.738078025690513	0.34928651112905246	3.932243276241089	6.380792433069848	0.9773266565642673	5.624371201030823	0.07605543895781328	0.5492575809891183	1.722152720785857	0.9679881707523769	23.85713530608557	0.3528737445826942	23.738075844958914	0.34928648853867134	15.825383896639275	-2.1807315988553455e-06	-2.2590381121290193e-08	False	False
19	23.737914540384942	0.35016839835264457	3.220639849330992	5.744329045534099	1.0072843256330906	4.4778001018881515	0.02797380046128592	0.5660937910057969	0.3912749368961361	0.22720106769484916	24.07047857329836	0.36289583354784727	23.737950905488425	0.3501695621589692	15.825300603658953	3.636510348314914e-05	1.163806324644412e-06	False	False
21	23.737935300396312	0.34944780697162625	3.8702008397189642	5.95208929289922	0.9494909918103739	4.226059068023146	0.10941325235031163	0.5336139373974301	1.5780175381096813	4.033014612762089	23.881613469671525	0.3546827887116402	23.737935309619843	0.3494478071354855	15.825290206413227	9.223530383906109e-09	1.6385925949435887e-10	False	False
23	23.73786988883948	0.34827696775271266	4.138965287760076	7.042337359469458	1.0623537968652361	3.533236085665875	0.06718823439406289	0.5970428338382627	2.981964214803682	1.8896901604628544	23.756710215130393	0.34883393346312125	23.737869888896153	0.34827696775440264	15.825246592597441	5.667288860422559e-11	1.6899814880844133e-12	False	False
26	23.737909050932473	0.3496721691816313	3.342733882312296	6.92295801212283	0.9779254322594512	2.3782753125515352	0.032085419926925804	0.5495940929298117	1.1311739439552435	0.3793385374444255	23.743667216891996	0.34991367670660734	23.737909050923143	0.349672169182699	16.32030344386007	-9.329426120530115e-12	1.067701482782013e-12	False	False
28	23.738021209444252	0.3492218333751302	3.6150720500846525	6.945078618815748	0.9826644603008683	2.7889025947088184	0.025811726377222843	0.5522574266890881	2.742516756372054	2.4244872073189883	23.748767595044406	0.3495581816404514	23.7380212097671	0.34922183338134954	16.43148655235114	3.228493028473167e-10	6.2193583616476644e-12	False	False
32	23.738098996596452	0.3492068761038798	3.6843567964997535	7.785391115361193	1.1076113682799886	2.132469800175464	0.1613006696730398	0.6224775889733537	2.0723805806509863	0.7556491955193888	23.736826102978796	0.34922122986094417	23.7380989961408	0.34920687609527773	16.02486199948667	-4.5565329287455825e-10	-8.602063505946944e-12	False	False
33	23.738020919701366	0.34925184057714426	3.58772227478596	7.572294712212869	1.0031827798728652	2.0804840120198635	0.07829229852917782	0.5637887222885503	2.705431243749313	1.3054702736596142	23.737810263656915	0.3492825173752695	23.738020919634	0.3492518405772429	17.317457907598527	-6.73665567774151e-11	9.864331573794516e-14	False	False
34	23.737931605258304	0.349029854522352	3.342005528238666	7.2358299758634805	0.9287387213796143	1.1006933641216778	-0.2828111453182306	0.5219511614153433	2.7092353437508225	1.001406097460543	23.73487696303961	0.3490125697013832	23.737931605153737	0.34902985452001795	13.40767312253929	-1.0456702170813514e-10	-2.334077375820698e-12	False	False
36	23.737939808113115	0.3485588549136044	2.799044342003033	7.820932565827874	0.9436862254452199	0.8652565304189026	-0.05783714718882926	0.5303516587002136	0.712319240943676	0.26292261489454066	23.73700972192723	0.34855024917082983	23.737939808048388	0.3485588549123106	11.300502780196261	-6.472689051406633e-11	-1.2937984017469262e-12	False	False
37	23.7377769117519	0.34752231313679194	2.3037417101063427	7.384327893217388	0.977986021183934	1.5674724824315924	-0.11219020641138275	0.549628143905371	1.3612035253873502	1.9109458893515727	23.735971064744195	0.34753387447724654	23.737776911665115	0.34752231313475707	15.914055479771635	-8.678568974573864e-11	-2.034872270684218e-12	False	False
39	23.73794583164857	0.34733450739244254	2.8069728119641146	7.534741289251564	1.10545198777986	2.3527354396633813	0.26989528651401046	0.6212640171322814	4.783908372489853	3.514469572893974	23.737249885349733	0.34738429243038943	23.737945831604804	0.34733450739001076	16.648559877515503	-4.376587980914337e-11	-2.4317770019877116e-12	False	False
40	23.738012904825187	0.34855210143340265	2.943087568848513	7.561265078828158	1.043484418067074	2.8396832357156736	0.2182583113512216	0.5864382429536956	3.959193136433307	0.8276063896208549	23.740067746225243	0.3486352009723124	23.73801290503613	0.3485521014354113	18.742334235567988	2.1094237467877974e-10	2.0086710073030645e-12	False	False
43	23.738149189865364	0.34739218826973556	3.5250239173899285	7.554645929634894	0.9989639999563968	2.0386148411638407	0.03430528677696068	0.561417767975495	2.5326295398810688	0.6396832517654399	23.73785479544526	0.34742208230384436	23.738149190033965	0.34739218827162216	17.285227475155676	1.6860113305483537e-10	1.8866019857455285e-12	False	False
46	23.738093921015665	0.3468636474288128	3.7738153681640054	7.645777236344078	1.0437144893421646	1.808557899923708	0.03837371305823181	0.5865675430102966	2.340570938741311	0.9241663266911209	23.736506676907883	0.3468704967310459	23.738093921004022	0.34686364742893805	15.767225482411105	-1.1642242725429242e-11	1.2523315717771766e-13	False	False
48	23.738128918378592	0.34698580126622824	4.0452530326198595	7.17068621276693	1.1145449931025642	1.903939126930525	0.22273082430752827	0.6263742861236411	2.105650815801971	0.8996312741259307	23.731566855564157	0.347008789072449	23.73812891801249	0.34698580125798134	15.683583367761395	-3.661035918867128e-10	-8.246903160369357e-12	False	False
50	23.738168972620112	0.34723596166630005	3.9060465462609684	7.332710041450689	1.0377247276140675	2.513420744009239	0.08418370704387691	0.583201296919106	1.7346746298548874	0.8238187532505045	23.73996491522864	0.3473443668707	23.738168972386298	0.3472359616604461	17.467116093464586	-2.3381474534289737e-10	-5.853928453092294e-12	False	False
54	23.73807909319707	0.3471827251307134	3.6774023679922063	7.070538660933322	1.0128144035554147	1.9280088229702113	0.02178528679470952	0.5692016947981431	3.6309257066681497	2.0931451029360426	23.736317585482187	0.3472630032138801	23.7380790931758	0.3471827251309338	16.193237421704843	-2.12700967949786e-11	2.2037927038809357e-13	False	False
56	23.738036248240356	0.3468887381866091	2.437154843829036	6.796027213947709	0.8410161160595394	2.37080307800613	-0.34731279054066977	0.4726510572254612	5.130715065586651	1.4130597759585544	23.74653196053449	0.3471342669210248	23.738036247691852	0.3468887381769767	18.68697962141448	-5.485034648700093e-10	-9.63240598395032e-12	False	False
58	23.737952020870164	0.3470504653911204	2.9942369112315257	6.344310480823699	0.9402879218301533	2.5581717056582343	0.03679860058850276	0.5284418120685462	3.291586429610162	0.6415453572325398	23.75747435979913	0.3479789946904661	23.737952023330415	0.3470504654373855	15.825301348886942	2.460250669855668e-09	4.626510285987706e-11	False	False
60	23.738061386850628	0.34643504733087177	2.6432194990870213	6.630463212875044	1.0248821791086649	1.46654560272912	0.08328443053682683	0.5759837846590697	1.6221123196126368	0.4928056286235058	23.72535490968508	0.3464812924807374	23.738061387916193	0.3464350473533723	15.825374258610793	1.0655654136826342e-09	2.250055697317066e-11	False	False
62	23.738178314520557	0.3470465316660323	3.4887795777108064	6.822608053444494	0.9704935000727105	1.3635815839352206	-0.06199667490755002	0.5454173470408633	1.5153843283942874	0.9342043149984606	23.730478324274053	0.34704738044091127	23.73817831496975	0.3470465316744912	15.394210480304544	4.4919445940649894e-10	8.45890024692153e-12	False	False
65	23.738200742018183	0.3464236021822718	3.2605038742479855	6.279841919664419	0.9634272759769443	0.7434132703138726	-0.1299013085799216	0.5414461290990428	0.13541186797105384	0.08935810238616977	23.706897981247433	0.3461196038561815	23.738200740729347	0.34642360216215223	11.869100370364675	-1.2888357048268517e-09	-2.011957267455955e-11	False	False
67	23.73821164978844	0.3465820987083115	3.2896974265682903	6.40388841204896	1.0745666811974697	0.7213945940936607	0.095883122944577	0.603906474832978	0.021894243619924855	0.16168629787017674	23.700383094273388	0.3461630298175349	23.738211650642555	0.3465820987279064	9.872880823404744	8.54115000947786e-10	1.95948812731217e-11	False	False
70	23.73811028070758	0.3454411985897797	4.032593508263142	6.356884004134699	1.1235299467881092	2.104323245054877	0.0687528404103853	0.6314238300949174	0.14694759672066832	6.711700082981568	23.72699166856931	0.3455824201705443	23.738112561927633	0.3446770592391528	15.825408374618423	2.2812200519695125e-06	-0.0007641393506268579	False	False
72	23.738206213182405	0.3459916601698625	3.1311517390731938	6.155594038006975	1.16245946233122	2.503290370584128	0.24558554928813656	0.6533022178301457	0.20521360188370566	1.3965087314343412	23.763498303770405	0.3487654405708871	23.73820621181967	0.3459916601392755	15.825470807879782	-1.362735702059581e-09	-3.058697739533045e-11	False	False
75	23.73810141523681	0.34688528538296476	2.2931073559711144	6.276648558220149	1.0699234625436755	3.0185195781786764	0.31927367859559	0.6012969859495457	2.4470145806345007	11.924231913346667	23.77867951473732	0.3488966180396799	23.73810141521935	0.34688528538623165	15.825400943479567	-1.745803501762566e-11	3.2668867611107544e-12	False	False
81	23.737972480079975	0.34778101933010347	2.1288773791806928	6.181347022502579	1.0731501586214787	3.160593541164159	0.07428367620228749	0.603110389145271	5.083398383377177	2.0773878601324367	23.811142458998948	0.3511774358770229	23.737972479041854	0.34778101930526767	15.825314986027902	-1.0381207005139004e-09	-2.4835800083167214e-11	False	False
82	23.7381461211159	0.34719070115219064	2.604288211567912	6.688398235021309	1.015514521131162	3.8488970219878587	-0.11268214673840221	0.5707191608757131	2.27463721745266	0.4474638904735016	23.778747344293887	0.348509018810853	23.738146120999865	0.3471907011473742	15.825430747333247	-1.1603518146330316e-10	-4.816425036580085e-12	False	False
84	23.738306131016355	0.3473509417538944	3.10390492412916	7.155884112097516	1.0134734976667013	4.067935809179485	-0.0035155474903333234	0.5695721056886861	0.23815900019873057	0.10470197109737002	23.758817518031375	0.34784978136165623	23.73830613068485	0.3473509417475369	17.43455109609563	-3.3150371336887474e-10	-6.357525617062265e-12	False	False
87	23.738301382128522	0.3481987431605014	3.953825300193644	6.8530851081946516	0.9932565688754104	4.421108301858538	0.12339734726653004	0.5582101917079807	0.28430533973195304	1.1937627362170478	23.776357249242047	0.3491450193468458	23.738301381263426	0.3481987431412689	15.825534254175619	-8.650964389289584e-10	-1.923250447788405e-11	False	False
88	23.738054527079253	0.3490185217648314	3.746139170880993	6.272697520001474	1.0198725838034561	3.1104582842330455	0.16669704000786864	0.5731683920975424	2.9149595442299536	10.252918735111402	23.781136753299005	0.3509492036583825	23.738054530542314	0.3490185218360326	15.82536968702821	3.4630609491159703e-09	7.120121159331916e-11	False	False
89	23.738068147650274	0.3502989073948814	3.3881867502022134	6.380628527703146	1.0623560586104674	3.1741731265230433	0.10665915531194681	0.5970441049390828	0.3261255946748839	0.11187997285260323	23.781705007061763	0.3522585293485011	23.738068147888264	0.3502989074081918	15.82537876525884	2.3798918391548796e-10	1.331040833107977e-11	False	False
92	23.73814950324441	0.35107013818196914	3.348277301483504	6.293347336399908	1.0198725838034561	3.1104582842330455	0.16669704000786864	0.5731683920975424	0.023859367903583915	0.07316005947760533	23.781379392592402	0.3529522222899978	23.73814950609965	0.35107013824226124	15.825433004066436	2.855237823951029e-09	6.029210464220114e-11	False	False
96	23.737919197988152	0.35068555731161977	3.542855995922452	6.234023017412715	1.092660309282184	2.7365806282901355	0.09907623915583458	0.6140750938165875	0.11933404495168248	5.001559363764927	23.774325554891472	0.35304205337006983	23.737919197451046	0.35068555729587725	15.825279464967362	-5.371063593884173e-10	-1.574251839997487e-11	False	False
99	23.73797162976017	0.34966146896436867	4.114133730548346	6.4080629871372645	1.0533534164839704	3.538251363872727	0.0270606258258404	0.5919846200639914	1.3187968590926331	11.051304425544318	23.793762104878653	0.35192284825019154	23.737971631052254	0.3496614689950087	15.825314420701506	1.2920828851292754e-09	3.064004605590753e-11	False	False
100	23.73787670761759	0.34959827199057086	3.8726411891645456	5.952123886556388	1.1555691313782155	3.901382920108656	0.30901505993888484	0.6494298518345571	1.0516295058170368	0.7974158404809862	23.96568335361832	0.35972000476285115	23.73786923773019	0.34959689699879565	15.8252461584868	-7.469887400191055e-06	-1.374991775215939e-06	False	False
101	23.738016414585623	0.3494035928787442	4.2874675937058715	6.317641449604641	1.0427353221386928	4.331969232510671	0.22795849505225346	0.5860172510419455	2.0001844417486523	1.9019858521320774	23.827592691560625	0.35262058687162146	23.738016411170562	0.34940359281773486	15.825344274113712	-3.4150602346016967e-09	-6.100930871610899e-11	False	False
109	23.73793873806737	0.34890369800265336	4.1729057322056216	5.331321986943265	1.067354491884975	5.300555086845361	0.2808224318169487	0.5998532244393561	3.2434291852868395	1.6215650504966863	25.129444145043703	0.3968111878984156	23.737939243755836	0.3489037126318337	15.825292829170566	5.056884653242832e-07	1.462918031158722e-08	False	False
114	23.737935161083996	0.34863593406628746	4.328744705125831	5.450979760559485	1.0620958413327464	4.8205818024055045	0.17428885490703344	0.5968978628290035	3.6375082077886183	1.121500732708899	24.63742920852113	0.38093966570009924	23.73746849302627	0.3477412518312079	15.82497899535085	-0.00046666805772588305	-0.0008946822350795469	False	False
116	23.737904956281703	0.34997885800892164	3.7644016661038258	6.59025954569951	0.9329709917266202	5.547968239102577	0.18147496493096787	0.5243296973503606	0.5232134047419218	0.14383841213653328	23.80991513382747	0.35180592136085354	23.737904956592683	0.349978858003224	15.825269971061784	3.1097968644644425e-10	-5.697664562376303e-12	False	False
122	23.73792455251137	0.3490370169370617	3.9365880038363543	5.4223903968702505	1.006664034443597	4.96998082459541	0.09969207651044282	0.5657451873573016	2.406214685690887	4.598916357805793	24.474174474715806	0.37097992833743954	23.72115595746133	0.342372337992723	15.81410397164089	-0.01676859505003847	-0.006664678944338698	False	False
124	23.738060239705206	0.3494317243098103	4.334819112495827	5.9507832776081475	1.0115312358331041	4.946454168111596	0.17018640839695687	0.5684805545382046	1.6113553178183202	0.6696639860942657	23.962637063979628	0.35771167765359596	23.738060240975233	0.34943172434135955	15.825373493983491	1.2700276386112819e-09	3.1549263201924305e-11	False	False
130	23.738094986557385	0.3483369562081251	4.188964819607347	5.299458160122019	1.0372560305860907	5.2840449530486975	0.23626698256742362	0.582937889189383	3.7026413126858757	2.2978428604431165	25.051444584675274	0.39393575957216675	23.738060206944105	0.34833567025646306	15.825373471296071	-3.477961328002266e-05	-1.2859516620444822e-06	False	False
140	23.73809804080934	0.347099997820268	3.856457928837872	5.293274660356678	0.9967460311270911	5.228232902255227	0.2371009368572686	0.5601712694934253	2.575041654990038	0.6954607366820841	24.7747419733776	0.38440140701733394	23.7380980383715	0.34709999779385464	15.825398692247667	-2.4378401519697945e-09	-2.641337149000833e-11	False	False
144	23.738252312347907	0.3483631274408467	3.629566445579616	5.058217351415289	1.0986977117442929	5.729376830286935	0.41163096246045466	0.6174681140002927	0.866474623380238	0.3364895560819928	27.22222060822348	0.44708559744731974	23.738724995277813	0.3426356516850783	15.825816663518543	0.0004726829299066537	-0.005727475755768374	False	False
155	23.73824159692313	0.3475346081421196	2.9262211342197544	5.1673209672401335	1.0299306659987122	6.136999189674232	0.47393327126554996	0.5788210342912763	1.1401629411610457	1.315864204670082	24.889443434854325	0.350078407533909	23.735850994336168	0.301437710856883	15.82390066289078	-0.0023906025869635528	-0.04609689728523664	False	False
161	23.73815859640477	0.34708776322072965	3.746222745963263	5.8692986379173595	1.0617188458613867	5.113427645749814	0.29913710345197336	0.5966859913740994	1.6958188708484951	1.4873478251464798	24.048496700314193	0.3590078721099564	23.738158598496014	0.34708776325684787	15.825439065664014	2.0912445108933753e-09	3.611821952631544e-11	False	False
162	23.738092718020106	0.3465341485101777	4.130260969809003	5.863958355418763	1.0261599731696218	5.185784551832767	0.3278807170872647	0.5767019049213276	1.543693011242138	0.9102935683630873	24.00584718452772	0.3567209179110722	23.738092719631293	0.3465341485507799	15.825395146420863	1.6111876277591364e-09	4.0602188278171525e-11	False	False
164	23.73815489056983	0.3469400180060994	4.1728737163297245	6.426655598510083	1.1126341676998026	4.082004259204685	0.28643683277812737	0.6253004022472891	1.5631094026543924	1.012577883860879	23.810549532157847	0.34982565752583306	23.738154891082843	0.34694001801019553	15.82543659405523	5.130118552187923e-10	4.096112338203284e-12	False	False
165	23.738217500181793	0.34859832590666257	3.6633727962276303	5.158381112703664	1.026180057672234	4.887326305305464	0.31292521945557034	0.5767131924117955	1.1022022291175506	0.7051344117346151	25.204244745259484	0.3996885512090394	23.73821749808626	0.3485983258888455	15.825478332057509	-2.0955326363036875e-09	-1.7817081143789437e-11	False	False
167	23.73826098985937	0.34801066181264684	4.2473679476068416	5.299981777009701	1.117500746293586	4.759734022720331	0.4241702099948863	0.6280354194169954	0.861132320772762	0.7812834142625579	25.15667374935914	0.39831799917255917	23.738260988594888	0.34801066179435575	15.825507325729928	-1.2644818525586743e-09	-1.8291090864153148e-11	False	False
175	23.738254500928296	0.3467313687427787	4.447446576291123	5.850382140343292	0.969128140030748	4.68714332810615	0.0520528247604769	0.5446500146972805	0.29335201859479826	0.3406584696897108	23.963216115096017	0.3551431923664844	23.738254501609344	0.3467313687565423	15.825503001072898	6.810481067986984e-10	1.376360136973176e-11	False	False
177	23.73822208265771	0.34655744598744237	3.8347947918089065	7.024187229565585	0.9046035607111704	5.42180824923357	-0.024235011158396352	0.5083872011196778	0.2163633032397742	0.7375551880508204	23.768307299637105	0.34721845189983797	23.73822208284449	0.34655744599145233	19.791784814218836	1.8678036894925754e-10	4.009959031492372e-12	False	False
178	23.738116065785164	0.3483025827931773	3.9244743583033808	7.352602308588597	0.8923364433152347	5.885834222734115	-0.12811305019801641	0.5014930811431619	0.11752705290496086	0.5431930976516715	23.75515694692164	0.348653279395039	23.738116065736456	0.34830258279190873	23.73811606573646	-4.870770453635487e-11	-1.2685408279367039e-12	False	False
180	23.737966056635663	0.350560443366982	4.253570439302694	7.203307810050459	1.0948174981541168	4.86520661397016	0.22704136007869333	0.6152874339626137	0.19207700365634428	1.6343216213518839	23.769862296585686	0.3513178908181097	23.73796605625681	0.35056044336127906	15.825310704171205	-3.788542812799278e-10	-5.702938121743273e-12	False	False
181	23.737953995861215	0.3505602922987047	4.391389589120361	7.1187239084093585	1.0525162291016168	4.630333738265566	0.2618233487956179	0.5915141207551087	0.2063820584816083	1.0744756246346803	23.765791676806092	0.35122313391966137	23.737953996196325	0.3505602923052263	16.338880590753703	3.3510971775285725e-10	6.521561068950632e-12	False	False
185	23.738152670205515	0.3507715309141791	3.3846090660699573	7.309207311682278	1.1182960776584534	3.882379230542022	0.16331035612996594	0.6284823956440508	0.056124531839701154	0.27194482045881274	23.755156192739	0.3512246607334687	23.738152670691242	0.3507715309254886	16.068637960224848	4.857270141656045e-10	1.1309453373797851e-11	False	False
187	23.738042654057477	0.3506927057185843	3.3399468344010117	6.632653529773438	0.8658936823439758	3.4822384941987163	-0.2668279150239607	0.4866322494773144	0.2260201605481085	4.027118857644123	23.771682485617653	0.35147800380379673	23.738042654149602	0.3506927057232964	15.991352240795965	9.212541840497579e-11	4.712119583416552e-12	False	False
188	23.737911388332314	0.3508926933008196	4.005908318566115	7.081369977242309	1.0119086041246148	3.6765386516453176	0.11338547894015882	0.5686926355180336	0.06693396453403912	0.2961415670695986	23.75553662115473	0.3513434698475672	23.73791138780943	0.35089269329034234	16.952622818643846	-5.228848465321789e-10	-1.0477285705690065e-11	False	False
189	23.73806780619977	0.3504841785243072	4.198081119796005	7.20953734886918	1.0134734976667013	4.067935809179485	-0.0035155474903333234	0.5695721056886861	0.21304659957873287	3.182937109162098	23.75650614115826	0.35092888711981624	23.738067806153815	0.35048417852257846	17.8417764732583	-4.595435143528448e-11	-1.7287282716438312e-12	False	False
192	23.737984657893513	0.3499505263210755	3.610164853525509	7.207302390670938	1.0114371599161334	4.3852941993534476	0.18981567183670867	0.568427683872867	0.6680574328370521	3.135733844886676	23.756141325193486	0.3503842924213592	23.737984658389884	0.34995052633101287	18.58426229285819	4.963709443472908e-10	9.937384248814851e-12	False	False
194	23.73815079625247	0.34904286776028526	4.102644865386424	7.121316352086258	1.0137186915379068	3.7917101041173025	0.4059568023079597	0.5697099046443037	2.0170448878998712	3.0192686867266016	23.751210255066145	0.3493939298736768	23.738150796028286	0.3490428677586149	18.003911818372007	-2.241833385596692e-10	-1.670330540548548e-12	False	False
197	23.73797470590502	0.34957003028881245	3.7069032738599725	6.544084460201138	0.9662977777861809	4.303790667815704	-0.0035308873237324817	0.5430593511158337	1.5224450331366832	0.7547898622731392	23.793958425697717	0.35123945764444553	23.73797470842802	0.3495700303285054	15.825316472285348	2.5229986988506425e-09	3.969297113215475e-11	False	False
198	23.737910923539115	0.34878726577551633	3.824523529025806	6.767252640094334	1.0532316668362116	4.304708446373224	0.26157793143504837	0.591916196761951	3.1991788576751206	2.1013427664339868	23.776090147278783	0.34998283962554777	23.73791092324843	0.3487872657702465	15.825273948832294	-2.90683033199457e-10	-5.269840119836999e-12	False	False
199	23.73802813069691	0.34930510465021	4.429385803479308	7.112913652691631	1.0344179862448295	3.758955204917079	0.1472389681138013	0.5813429082695942	2.351586360551876	0.7350593590321488	23.755546988872485	0.3497620586215538	23.738028129752205	0.3493051046321334	16.763846413405158	-9.4470564704352e-10	-1.8076595775795568e-11	False	False
202	23.738107765585898	0.3483807734888819	4.453193416877383	7.476346472916545	1.0521468655705846	2.1571373269648864	0.14457386487273388	0.5913065384506686	3.9073425793490117	1.6615773270738086	23.73718599212612	0.34841969280889573	23.738107765419066	0.3483807734839781	16.677321231175842	-1.6683188164279272e-10	-4.903799588618085e-12	False	False
207	23.73821575076988	0.34911878559835285	3.9672310451438015	7.932224897427536	1.0042806785306209	2.446168214538238	0.22067498948964978	0.564405741334209	0.6013227193484065	0.153895571513617	23.738462720724474	0.3491387526397777	23.73821575085478	0.34911878560005827	18.63874372774764	8.490275149597437e-11	1.705413588126703e-12	False	False
209	23.738140926455273	0.34895945391250255	3.41586714044315	7.942575045924671	1.080421465831223	1.5308934501298759	0.2905775220032721	0.6071968637971474	1.0671868351365448	1.7747322707064	23.736964069533702	0.3489542081077885	23.738140926589455	0.3489594539151881	13.389818207444783	1.3418244293461612e-10	2.6855739854170224e-12	False	False
213	23.738113213235145	0.3487590728417628	3.6665072116307535	7.667397442115457	1.0711091731673177	2.1655782020076186	0.2561390616389132	0.6019633553200326	3.2546983388226436	3.0497924371473437	23.737220677690406	0.3487811218017092	23.73811321332234	0.34875907284397817	16.49723973001342	8.71942518188007e-11	2.2153945344882686e-12	False	False
218	23.737950168912473	0.3489290036604896	3.515435606308869	7.878915463899125	1.0521468655705846	2.1571373269648864	0.14457386487273388	0.5913065384506686	3.644283880869661	1.1196994318643818	23.737582694357393	0.34894454272563563	23.73795016902563	0.34892900366242624	16.91974600024149	1.1315748338347476e-10	1.936617533004892e-12	False	False
223	23.738096651764288	0.3491410351862839	2.8798707338955607	7.779966626037204	0.9998813760805919	2.691467506067837	0.06892879780158331	0.5619333333572927	1.1821265287940432	0.324378277718569	23.739272186316406	0.34918506608054	23.738096651728647	0.3491410351860366	19.828341035083362	-3.5640823625726625e-11	-2.473021787352536e-13	False	False
224	23.737997679736633	0.34999133784288927	3.1573048543387197	8.07257426445028	1.1178324886678817	2.118683122816801	0.11479847749988123	0.6282218586313495	0.7796787431819013	0.6595560832031216	23.73719037832882	0.34999798094390266	23.737997679853112	0.3499913378440123	15.841262177854702	1.1647927067315322e-10	1.123046100559577e-12	False	False
225	23.73810725748854	0.3495444738753254	3.41772379361476	7.913167742737562	1.1983060312002136	2.485866203664873	0.5019323657809264	0.6734479895345201	2.123432096678474	2.723470551489783	23.736683727448185	0.34956051435307395	23.73810725744559	0.34954447387348736	15.881571299705179	-4.2948755663019256e-11	-1.838029728418178e-12	False	False
226	23.738014073786957	0.3495917550337562	4.353225028103368	8.352892355793053	1.1761405983226225	3.704845294961816	0.37650345791786644	0.6609910162573139	1.0466049739701118	0.49288365547795837	23.738968473606096	0.34962562662014407	23.738014073147557	0.34959175502670353	19.91144560389799	-6.393996443421202e-10	-7.052691763931307e-12	False	False
249	23.73820669905697	0.3484705388509975	3.4709524354129964	8.907582768126659	1.167189810131308	3.2064572329508096	0.2958328127982161	0.6559606732937951	1.079856838064316	1.0317711695636886	23.738326278783905	0.3484770194361712	23.73820669891353	0.34847053884963525	19.01447072015155	-1.4344081478157023e-10	-1.362243651215067e-12	False	False
258	23.738106050204706	0.3470852439762032	3.742974209614902	9.311930884993341	1.1486197393277264	2.5788478659467	0.4002515465459218	0.6455242935021823	3.7475381605332525	3.4704027686214918	23.73807910835507	0.3470861012885525	23.738106050211773	0.3470852439762687	16.76785550023141	7.066347507134196e-12	6.550315845288424e-14	False	False
259	23.737972952257465	0.348341605063647	3.430710345095654	9.358362539601272	1.1552199770486105	1.9902428518332251	0.26495987520889086	0.6492336271013192	4.124953862956098	1.1007103026721792	23.737911649353023	0.3483416034463142	23.73797295225595	0.34834160506361755	14.443507318540393	-1.5134560271690134e-12	-2.942091015256665e-14	False	False
260	23.737964447128483	0.34859479598650805	2.5455217168856143	8.818995225475707	0.9579152849910857	1.728420385958366	0.08172699767042856	0.5383483901649903	5.151787706494722	1.2489322008568493	23.737922835905113	0.34859552207331146	23.737964447131986	0.34859479598650533	16.735743571895807	3.502975687297294e-12	-2.7200464103316335e-15	False	False
266	23.738067281537944	0.3483310630691878	1.7943053947479903	8.151845925289315	0.8755422629597448	1.5897376524678026	-0.11353870201350368	0.4920547517833766	5.869306763444741	1.13927574229145	23.73801922449533	0.3483346017338289	23.73806728151972	0.3483310630689437	17.965154725474864	-1.822542117224657e-11	-2.441380431150719e-13	False	False
269	23.738074958961914	0.34797765941064496	1.7419552342820603	8.453970975275096	1.0592380477024765	1.935373386845105	0.24230436574985856	0.5952917828087919	5.295681158588214	0.9022668897749243	23.737881128390338	0.34797984514383323	23.738074958912737	0.34797765941011527	16.027132453494318	-4.9176662741956534e-11	-5.296874050486622e-13	False	False
270	23.738169812225934	0.34842297099168756	1.9272728815492914	8.214701840968944	1.1054963898832824	2.268566987604165	0.35107348814054545	0.6212889711144047	2.7441862382852684	0.5181932514639621	23.737904788799767	0.3484308779040908	23.738169812052913	0.34842297098952907	16.56501639873024	-1.730207088712632e-10	-2.1584956044762293e-12	False	False
272	23.73813144902603	0.3494579524877348	1.725509110308866	7.969150994348647	1.1473944127952607	2.5571366230521777	0.4803156974189947	0.6448356599909365	1.999313634513564	0.7285633921708079	23.737903601562188	0.3494814281435825	23.73813144889205	0.3494579524854421	16.862315729791334	-1.339799382549245e-10	-2.2927215681534108e-12	False	False
273	23.738134768489186	0.3494177657206411	1.961899952490616	8.33012940081968	1.1486197393277264	2.5788478659467	0.4002515465459218	0.6455242935021823	1.6713106490167537	0.8359422054476141	23.738032525209416	0.3494285255778001	23.738134767840222	0.3494177657150552	17.03990814330642	-6.489635495654511e-10	-5.585920614947781e-12	False	False
276	23.7379426867725	0.3488964165659587	2.6487350752337653	8.206983560428803	1.0657675503378978	2.6423574338739786	0.16977231159755102	0.5989613632898987	2.7449180676545493	1.642374545551665	23.738212882972643	0.34891310417086746	23.73794268687518	0.34889641656744763	18.731768658870216	1.0268053074469208e-10	1.4889200983247974e-12	False	False
278	23.737901760104847	0.3490155807055916	2.885047469265654	8.552015979019	1.0644337584998997	2.692001751874084	0.1253667946266106	0.5982117722769437	1.753485873904826	0.6388117352453903	23.738050206663022	0.3490237350120667	23.737901760214882	0.34901558070635447	19.118884134561874	1.1003464805980911e-10	7.628897513711763e-13	False	False
281	23.737968635257875	0.34968781430449275	3.24285585879338	8.4027226490594	1.1185347434119046	2.2957654214534906	0.3497191827841352	0.6286165257974905	1.698350762327083	0.9685568544359225	23.737710450932134	0.34969219187073725	23.73796863561886	0.34968781430857093	16.254238070241644	3.609841314755613e-10	4.0781822363555875e-12	False	False
285	23.737904247263724	0.3489546777322112	2.4989780917880244	9.357731504755467	1.1054963898832824	2.268566987604165	0.35107348814054545	0.6212889711144047	3.513674851143167	2.0688746571578207	23.737880318028324	0.34895517323768754	23.737904247254974	0.3489546777321311	16.42498235535081	-8.750333790885634e-12	-8.010259122670504e-14	False	False
287	23.737779904240615	0.34742693010739395	2.3066669240127053	9.952386901835983	1.115603872763152	1.5661739933181362	0.3556790878587429	0.6269693764928915	0.5621371696284708	0.15998554033694398	23.737766381130182	0.34742686545953	23.73777990424821	0.3474269301075148	13.124607284011235	7.595701845275471e-12	1.208477762304483e-13	False	False
292	23.73784887572079	0.34824669295732635	2.706786544737854	9.954701871355253	1.1234527959883458	1.636808497418122	0.14402407981233586	0.6313804713454504	1.2920358756525863	2.2984352315761685	23.737833439208323	0.3482466289060033	23.73784887572252	0.3482466929573539	13.383061863683889	1.730171561575844e-12	2.7533531010703882e-14	False	False
295	23.737873744599078	0.34847451086375253	2.9685840322794053	10.19310001219329	1.1913421835791145	1.8434713176291226	0.37730274706982	0.6695343071714625	1.792731022887813	1.3875241830899887	23.73786187537301	0.3484744623351263	23.73787374459956	0.34847451086376374	13.276984262833146	4.831690603168681e-13	1.1213252548714081e-14	False	False
296	23.73785589702693	0.348683226000748	3.432035524592253	10.338484549646607	1.1863227405187144	2.0065601787107665	0.43366380721200354	0.6667133801715176	2.067419317449731	1.1532233731970776	23.737848355930986	0.34868321257778995	23.737855897026574	0.3486832260007389	13.9328645708449	-3.552713678800501e-13	-9.103828801926284e-15	False	False
297	23.737927940935855	0.3480420388207215	3.3479883431143405	10.24874316864022	1.1376845306835726	2.1591920599970256	0.16943874955658683	0.6393787062441678	4.60593157552243	2.2278652117868787	23.737921459589764	0.3480420741719875	23.737927940935943	0.3480420388207284	15.524451866992754	8.881784197001252e-14	6.938893903907228e-15	False	False
300	23.73802946606205	0.346980397345269	3.418898337245024	10.346973620114925	1.0954236791253784	1.844058408044845	0.4159901824385283	0.6156281076684628	3.4245507764016208	0.7435088255763308	23.73802516249446	0.3469803948575048	23.73802946606223	0.34698039734527536	14.426371453214442	1.8118839761882555e-13	6.38378239159465e-15	False	False
302	23.737957735095396	0.34687280363214357	3.364289961453787	10.06974928259736	1.1049469242139267	1.9573959135530146	0.15676508815596227	0.6209801714082269	2.543795803723713	0.7428115305671218	23.737949101730372	0.34687282673248904	23.73795773509691	0.34687280363216755	15.153263625745431	1.5134560271690134e-12	2.398081733190338e-14	False	False
303	23.737929672785697	0.34665304723748225	2.246222706190748	9.319908727493285	0.929409467994784	2.316790102022588	-0.13554729157407186	0.5223281210130687	0.7951984645622561	0.3126031041478297	23.737949594095358	0.3466538543430804	23.737929672784038	0.346653047237461	20.842415413060984	-1.659117287999834e-12	-2.1260770921571748e-14	False	False
304	23.73803307434349	0.34835313529459333	2.0341139334734746	9.166210952146157	0.8968220821837127	2.4699762506874055	-0.037508174511260664	0.5040140101872466	0.7230362055227277	0.9092525171319936	23.73806997769743	0.3483543462577856	23.73803307434323	0.348353135294593	22.182285208613493	-2.5934809855243657e-13	-3.3306690738754696e-16	False	False
305	23.737968819975467	0.3492696887392269	1.9008480320693601	9.7315432913307	1.060977134691929	1.775914365343486	0.08031536252259891	0.5962691496968642	2.352148285801297	3.2531542235852258	23.737955464008426	0.34926975488035816	23.73796881997497	0.34926968873922026	15.373803924892368	-4.973799150320701e-13	-6.661338147750939e-15	False	False
307	23.738036367384147	0.3478125921494758	1.7284465282324821	8.838731027207228	0.9847758714047357	2.135439255473856	-0.06456790603646273	0.5534440397294615	4.859347322004814	2.06591878213554	23.738061079755912	0.34781479280844146	23.73803636738715	0.34781259214955446	18.760747343328333	3.0020430585864233e-12	7.865930129469234e-14	False	False
308	23.737934938505337	0.346870179030928	1.5418300271753835	8.67658846573785	1.0699884824190193	2.740781205022559	0.15583086345454217	0.601333527119489	1.6419868158822872	0.3379027484713431	23.738079810462565	0.3468769451706953	23.737934938546463	0.34687017903176703	19.452245036058365	4.11262135457946e-11	8.390510508604621e-13	False	False
314	23.73796849144844	0.34873591399144077	1.888497026675457	9.340611988871796	1.0268195501730437	3.2884467908845734	0.19883054025013186	0.5770725871972506	0.5352389458494007	0.3259703066262449	23.738032530217378	0.3487378224469644	23.73796849148582	0.34873591399178394	22.19203829216852	3.737810061466007e-11	3.431699369116359e-13	False	False
315	23.737889071918946	0.34756546861332777	2.0753256136273888	9.364762609540062	1.0461321412100153	3.5415086616822142	0.12449220870747657	0.5879262633600286	0.21793753507313723	0.4071780216353276	23.737973728520963	0.3475678489223218	23.737889071927906	0.3475654686135133	23.00310112072623	8.959943897934863e-12	1.8551826741486366e-13	False	False
322	23.737857192475804	0.34711978404714566	2.0611154526701743	10.174441104268595	1.1437164202736292	2.679639728081697	0.2938098763462886	0.6427686281937797	2.2423474989176144	10.288945858569564	23.737857252079024	0.3471199727314418	23.73785719247625	0.3471197840471539	17.72008001817734	4.440892098500626e-13	8.215650382226158e-15	False	False
328	23.737926303292582	0.34741062624397373	2.2487468227146112	10.8318299511054	1.1813259995310095	3.470155996323793	0.2821959533027474	0.6639052117364274	2.088626180144542	0.9314462549416297	23.73792910583099	0.34741073520125826	23.737926303293712	0.3474106262439925	20.09922596735979	1.1297629498585593e-12	1.8762769116165146e-14	False	False
330	23.738139683418908	0.3473516558298468	1.278608839287774	10.842317227894533	1.1535767886767245	2.5826686608553286	0.23855498311575468	0.6483101552363193	2.6503930894461214	1.2689647935288748	23.73813965880515	0.3473516982291445	23.738139683415028	0.34735165582981553	17.53538479501831	-3.879563337250147e-12	-3.1252778143198157e-14	False	False
331	23.73804876356007	0.3479133310909203	2.845608027272341	11.739636872163203	1.0219818851881715	2.858675447417823	0.11099171709892913	0.5743538194757524	1.7270075552376458	0.6516043080985227	23.73804891377041	0.3479133366895351	23.73804876356012	0.34791333109092015	20.76756582626377	4.973799150320701e-14	-1.6653345369377348e-16	False	False
334	23.737915762347377	0.3496434518135542	2.8869227205323225	11.464638239284866	1.0517397768529457	3.4519784644905798	0.11728952804773973	0.5910777545913556	0.11204064502312483	0.06487559633617666	23.737916394954873	0.34964347014691805	23.737915762347036	0.3496434518135503	22.5116861564721	-3.410605131648481e-13	-3.941291737419306e-15	False	False
341	23.73803162477032	0.34980273599697287	2.3905308147945887	11.264541383357345	1.099566112209714	3.0750485869011763	0.2240154277572109	0.6179561550618593	0.5534913115540708	4.940093940371657	23.73803221770986	0.34980275962817375	23.738031624770368	0.3498027359969734	20.00459727570598	4.973799150320701e-14	5.551115123125783e-16	False	False
342	23.73800430291812	0.3495436655582922	2.129941475181541	11.23661140200318	1.1529292496308956	3.1015365072593797	0.29857050201613256	0.6479462382925634	1.3552764870029803	2.4485957750586707	23.73800487162273	0.34954369389977474	23.738004302917822	0.34954366555829075	19.149836243771087	-2.984279490192421e-13	-1.4432899320127035e-15	False	False
345	23.737957251048552	0.3488974383984365	2.3659872421201897	11.851096555833953	1.156885148225413	2.856840473483249	0.21975063295925754	0.6501694533026822	3.3050366490867824	2.438643834510437	23.737957304379353	0.3488974439635236	23.737957251048474	0.34889743839843534	18.27343903261219	-7.815970093361102e-14	-1.1657341758564144e-15	False	False
350	23.7379119413112	0.3483204936704731	2.6095923429511987	11.56372109011296	1.1267370083442092	2.640009917656828	0.3161919591032958	0.6332261986894456	4.878783891307867	1.4761663513340852	23.73791193214789	0.3483205003804201	23.737911941310994	0.3483204936704721	17.649347074513592	-2.0605739337042905e-13	-9.992007221626409e-16	False	False
353	23.737962201588477	0.3477640137066762	3.291850495121838	11.692935673745247	1.1001596092134123	3.079134277146721	0.11979655399906539	0.6182897003779377	2.4342762497113064	0.49895144034730843	23.73796242460678	0.34776402296480935	23.73796220158846	0.34776401370667603	20.118236512209236	-1.7763568394002505e-14	-1.6653345369377348e-16	False	False
356	23.738099065285873	0.34815627786186887	3.675978455347051	11.407847585505616	1.0668080458069946	3.2273513410543897	0.05666167121533288	0.5995461217435311	0.9037035007234431	0.3712411443978957	23.738099640739886	0.34815629702027084	23.738099065285784	0.34815627786186687	21.41747518707036	-8.881784197001252e-14	-1.9984014443252818e-15	False	False
357	23.737909940570773	0.34696859228204757	3.930674497950084	11.66055748024917	0.9998813760805919	2.691467506067837	0.06892879780158331	0.5619333333572927	1.013946004972809	1.1219896837415295	23.73791006732528	0.34696859764055443	23.737909940570795	0.3469685922820468	20.472253313248412	2.1316282072803006e-14	-7.771561172376096e-16	False	False
360	23.737946600839056	0.34628651596767274	4.2605457744543	11.147365141057264	1.030012951452704	2.1782052280577044	0.07053523223899405	0.5788672787164197	1.235815502868727	1.2188178628918882	23.73794645239671	0.346286524320348	23.73794660083902	0.3462865159676741	17.495800584398523	-3.552713678800501e-14	1.3877787807814457e-15	False	False
361	23.738021817671818	0.34578323444094955	4.407753800196199	11.573989053270484	0.9963529695421561	1.6440831268661893	0.3014622825067296	0.5599503688826918	0.4861932556715921	0.39341896467796406	23.73802165502421	0.3457832343566103	23.738021817671875	0.3457832344409497	14.939187109794663	5.684341886080802e-14	1.6653345369377348e-16	False	False
363	23.737893313945282	0.3461288179223138	4.349510393633362	11.146384189620603	1.0836634915473942	1.7037818042773032	0.25992033314243135	0.6090188822496356	0.470912547488922	0.9685707113284358	23.737892582222493	0.34612881588753397	23.737893313945296	0.34612881792231376	13.992462621492578	1.4210854715202004e-14	-5.551115123125783e-17	False	False
366	23.737984235285804	0.3454064822360755	4.115280260405067	10.931506973806032	1.0683788979625293	1.259300165541807	0.0864292078710665	0.6004289406549415	0.038597825059568616	0.08196389173613305	23.737982795316263	0.34540647014209136	23.737984235285953	0.34540648223607867	11.822659918937559	1.4921397450962104e-13	3.164135620181696e-15	False	False
372	23.737893964564016	0.3465977687218901	3.3208293077430744	11.106670812717763	1.0188924020995445	1.3708645695260928	0.21065399852797623	0.5726175299799441	0.7691474988979106	19.92722381924042	23.73789334996945	0.3465977655838633	23.737893964564055	0.34659776872188963	13.344957300195246	3.907985046680551e-14	-4.440892098500626e-16	False	False
374	23.737998091525245	0.34727440337804955	3.6827755432828897	10.94098358563615	0.9515895214527147	2.0528673213619366	0.09400488997493525	0.5347933110564257	3.9538432531692944	5.140552701314953	23.73799807675654	0.34727441450064633	23.7379980915253	0.3472744033780488	18.38281999798772	5.3290705182007514e-14	-7.216449660063518e-16	False	False
376	23.73794281927104	0.3475850280332527	3.2905621900592354	10.877905185548915	1.0435996415585882	1.9774374083422321	0.14219596876631205	0.5865029985559266	5.013909640107233	1.2681103723796379	23.737942135240637	0.34758503655689577	23.737942819270977	0.3475850280332513	16.30005380065085	-6.394884621840902e-14	-1.3877787807814457e-15	False	False
380	23.737965065582387	0.34734167479892647	3.657783956110113	10.811219649035497	1.1000638986402118	1.4271705756411668	0.09940338245291241	0.6182359110357991	1.229744993437672	0.24526668442540409	23.737962876413167	0.34734165916851234	23.737965065582355	0.3473416747989267	12.379519703353177	-3.197442310920451e-14	2.220446049250313e-16	False	False
381	23.737863842717577	0.3469748364734626	3.959331159863246	10.50158310320029	1.1309760052785682	2.2891061366627348	0.28649223810174324	0.6356085149665555	2.116065314117248	1.72073505109537	23.73786097288713	0.3469748644182012	23.737863842717115	0.34697483647345617	16.005036952172375	-4.618527782440651e-13	-6.439293542825908e-15	False	False
389	23.738050568336117	0.34662257580465644	4.18711723640353	10.67458210679749	0.9984039373277399	2.245890171333	0.2109475111599251	0.5611030127781899	1.9839587156531573	0.9375696971247783	23.738050468637685	0.34662260085323926	23.738050568336018	0.34662257580466055	18.09910311109531	-9.947598300641403e-14	4.107825191113079e-15	False	False
392	23.738098708486504	0.3468472486793084	3.902235147414526	11.237304285657247	1.1472120005342543	2.277248061205532	0.35659623848605504	0.644733144300251	2.5797116335784054	1.3002849369923077	23.738098080757602	0.346847252642091	23.73809870848652	0.34684724867930894	15.624846988406707	1.4210854715202004e-14	5.551115123125783e-16	False	False
397	23.73800620959102	0.3473735169668741	3.457033096768904	10.16044087265979	1.0915338215803623	1.9609918216419504	0.2481130667053434	0.6134420077281637	4.573481322406613	1.7728653322629637	23.73800016155307	0.34737353793458753	23.738006209591735	0.3473735169668878	15.273407704297226	7.140954494389007e-13	1.3711254354120683e-14	False	False
398	23.737977640498542	0.3483520721702757	3.562018390153277	10.538160488053293	1.092660309282184	2.7365806282901355	0.09907623915583458	0.6140750938165875	4.005529165627773	0.8758162290952622	23.737978850889146	0.3483521630723698	23.73797764049954	0.3483520721702867	18.84805136928769	9.983125437429408e-13	1.099120794378905e-14	False	False
401	23.738030607721534	0.34918857139564397	2.993666292723442	11.263498821712945	1.1042897400599776	1.8240755340318748	0.24014086776649787	0.6206108339137074	2.18305215807719	0.5450096773256293	23.73803004999919	0.3491885715434605	23.73803060772152	0.34918857139564446	14.522883628014574	-1.4210854715202004e-14	4.996003610813204e-16	False	False
402	23.737964522955973	0.3485513270826633	2.5786780768240347	11.819313793222726	1.0346980984243785	1.7782158560108399	0.1411096770018765	0.5815003313145009	4.675306124672136	2.1416373893650333	23.737964429259108	0.34855132755452384	23.73796452295597	0.34855132708266245	15.579790480995264	-3.552713678800501e-15	-8.326672684688674e-16	False	False
405	23.738034591220533	0.3483946141886782	3.121816689795235	11.015736312784902	0.9170188125689561	2.124718904863796	-0.04382159751198342	0.5153645726637534	3.067347646629414	0.6560741831305255	23.7380347881974	0.34839462592496206	23.738034591220593	0.3483946141886781	19.830803088981963	6.039613253960852e-14	-5.551115123125783e-17	False	False
407	23.73795795908184	0.34955833680818865	3.6646409659895487	10.558651656263848	1.1625995007677479	2.13151411982369	0.28185266245493207	0.6533809194314744	1.4592911699525761	0.47575017183204943	23.737954207810606	0.34955834600035196	23.737957959082	0.3495583368081879	14.897547150832748	1.5987211554602254e-13	-7.771561172376096e-16	False	False
408	23.737925219742383	0.3495592970430005	2.887440612582949	10.422840413177802	1.055317820993328	2.299643024620748	0.15833764733494132	0.5930886153982504	1.4262689917522653	0.9773710833860634	23.737924900339646	0.349559357006383	23.737925219741516	0.34955929704298944	17.647337176765603	-8.668621376273222e-13	-1.1046719095020308e-14	False	False
410	23.737835669670897	0.3483353368903356	3.5090663973006153	10.743056430734782	1.0911763932003518	1.9261306176106316	0.13406422997324502	0.6132411329785977	2.0749931314316035	1.4548399659746776	23.73783397856767	0.3483353420573422	23.737835669670886	0.3483353368903362	15.219859292349053	-1.0658141036401503e-14	6.106226635438361e-16	False	False
412	23.737909741626332	0.3475070205401954	3.254343317241417	10.28425411913207	1.0055439836054658	2.019865069169151	0.10820390891673487	0.5651157187862719	4.1493911913486095	1.9997132175978882	23.737908568114385	0.3475070668862265	23.737909741625433	0.3475070205401818	17.23510242227874	-8.988365607365267e-13	-1.3600232051658168e-14	False	False
413	23.737897131006246	0.3480721430843185	2.49034253832787	9.947047640980392	1.0435996415585882	1.9774374083422321	0.14219596876631205	0.5865029985559266	4.370140509205196	1.053200411259571	23.737892018108365	0.34807222781009206	23.73789713100763	0.3480721430843382	16.44398890977692	1.3855583347321954e-12	1.970645868709653e-14	False	False
414	23.738009276888008	0.347191662937069	2.797835050067609	9.91638375901243	1.1055907430560004	2.5103534076543172	0.23236400141934305	0.6213419975974722	4.306353108603892	0.9854038101367808	23.738007913068298	0.34719191585847975	23.738009276888622	0.3471916629370832	17.583490641973416	6.146194664324867e-13	1.4210854715202004e-14	False	False
418	23.738013790475392	0.3479705426966838	2.7856489150597916	9.580568818369478	1.0940947431627983	2.776401837070917	0.21783058887169487	0.6148812456574927	4.461203605602192	1.0359586158155298	23.738025861585722	0.3479713480284835	23.73801379047863	0.3479705426967215	18.866923358944923	3.2365221613872563e-12	3.7692071686024065e-14	False	False
419	23.738023549222863	0.3469237884235031	3.098776389808024	10.005667691111569	1.0695784444236056	2.788284711284691	0.4377390887790189	0.6011030857660664	3.6778858855180774	0.8244156085814024	23.738026328250346	0.34692401917531923	23.7380235492234	0.34692378842349386	18.760267293828846	5.364597654988756e-13	-9.2148511043888e-15	False	False
421	23.737956391344827	0.3477472228162042	3.189968001170943	9.512134524371303	1.12744641680531	2.7792136494027373	0.29883388935745164	0.6336248862445842	5.388732056869912	1.4651710859459797	23.737961592857147	0.34774811853926624	23.73795639138289	0.3477472228165884	18.118312735609717	3.806377435466857e-11	3.841926776715354e-13	False	False
424	23.738009409872365	0.3478119817032797	3.5416691180851845	9.476537351457347	1.1207246137350937	3.1274306237352647	0.24507145392619817	0.6298472329191227	3.4334098922075187	0.6371461516314177	23.73804113196216	0.3478134588447033	23.738009409867654	0.34781198170321714	19.61457776832591	-4.710898338089464e-12	-6.256106743762757e-14	False	False
426	23.738145803129772	0.34816602715971867	3.8854049606259506	9.340961494873122	1.1526026613777949	2.140154608290461	0.36984175192018875	0.6477626956943208	3.0876346671982238	0.899291015094333	23.738089969918395	0.3481661716434285	23.738145803128287	0.34816602715966893	14.968806424791465	-1.4850343177386094e-12	-4.973799150320701e-14	False	False
427	23.73820493354628	0.347551289244219	3.6372974961296025	9.053866895041953	1.1481737663783158	1.7538051573089954	0.26333518277426154	0.6452736567046136	0.7186743417294054	0.23275886534255805	23.738069412416166	0.3475507328929683	23.738204933584708	0.34755128924488815	13.419549211955232	3.842615114990622e-11	6.691314169415818e-13	False	False
428	23.738269383086262	0.34650843386220864	2.822617574121969	8.025270749445024	1.1251092703099594	1.6477853093616837	0.3842856787960611	0.6323114099141973	0.12247894004477694	0.17042342119804327	23.737103200033506	0.34650362349233915	23.738269383401853	0.34650843386790375	13.39754486013076	3.155911088015273e-10	5.6951110494196655e-12	False	False
431	23.738270354107534	0.3482069964025752	2.601640805172408	8.045426651500001	1.110120618700924	1.1815885112919107	0.27018898029496946	0.6238877877099194	0.07711677325902296	0.6296329248998229	23.737073524055287	0.34819634972638547	23.73827035421643	0.3482069964048004	11.204838377200547	1.0889422696891415e-10	2.2252200082562013e-12	False	False
433	23.738295802863195	0.3471212880847528	3.447968784627397	8.086897960225572	0.8775983119168703	1.7916142947840314	-0.1983353971679345	0.4932102512972812	0.27940263508760904	3.6231110727252567	23.738315984629175	0.34712704340918965	23.738295802846068	0.3471212880846757	18.925666054349016	-1.7127632645497215e-11	-7.710498906021712e-14	False	False
441	23.738167985088012	0.3481046488378803	3.727717297708767	7.53997970495154	0.9392095565330635	2.181348324427608	0.07365004320397836	0.5278357707715817	1.8876010406243782	6.755845520327698	23.738675753552865	0.3481410120381392	23.73816798459547	0.3481046488326407	18.770187498394844	-4.925411190015438e-10	-5.239586542415964e-12	False	False
443	23.73811260102526	0.34746392229190864	3.6931864095372746	7.186360781137914	1.0951832273132474	3.1753656301155235	0.3587756838644835	0.6154929737500451	4.168743865405355	2.2084877978380555	23.745614430503093	0.34773897653071595	23.738112600156157	0.3474639222745193	16.48291504820355	-8.691038999586453e-10	-1.7389367723552596e-11	False	False
445	23.738226624052267	0.3474985495118128	4.085251125328346	6.794817864315243	0.9236121045768685	2.7669750307984238	0.03326535898334691	0.5190700027722002	1.0350484651008134	0.2482878532524494	23.750999355729075	0.3478781809990099	23.73822662476805	0.347498549526607	16.69529036312396	7.157829884363309e-10	1.4794221403491292e-11	False	False
447	23.738270162144108	0.3495321429242348	3.586360140856277	5.9359934536548105	1.0531342505958776	2.0845533833667935	0.21971036269771146	0.5918614488348832	0.1831496586717044	0.17694790615806158	23.747784177023078	0.3517135224810003	23.738270164532928	0.3495321429777651	15.825513443021949	2.3888198086297052e-09	5.353029131072162e-11	False	False
450	23.73819492686198	0.3478920406077482	3.1803386768912345	6.204245202917495	0.9040208039164346	4.171442669838804	-0.1446235683481789	0.5080596918010363	1.932689982898403	10.55251752536841	23.824306686860787	0.3506157109454906	23.738194925497016	0.3478920405784559	15.825463283664677	-1.3649632535361889e-09	-2.9292290815163824e-11	False	False
452	23.738049915631613	0.34727298387378247	3.0388002234259983	6.406333250795695	0.885309381862629	3.289377160640483	-0.0584537482389568	0.49754387260679755	4.176232807239304	2.160839474614713	23.774332777682112	0.3483911326416513	23.7380499183959	0.3472729839225522	15.825366612263933	2.764288353773736e-09	4.876971049228018e-11	False	False
454	23.737980618455857	0.34780816238570383	2.4588806736447646	6.632100094825641	0.8996608043951351	3.6783480147687344	-0.19955978509935157	0.505609372070066	7.14936910229674	1.711918236431562	23.775745654516154	0.34874977654022554	23.737980617752346	0.3478081623694015	15.825320411834902	-7.03511915389754e-10	-1.6302348360142105e-11	False	False
455	23.738049752167953	0.3475626335334283	1.7488534917253113	6.263705115611805	1.0620958413327464	4.8205818024055045	0.17428885490703344	0.5968978628290035	4.273570673604932	0.5977549364785271	23.881542119133627	0.3500555744991522	23.738035523652652	0.3450552800777629	15.825357015768436	-1.4228515301084599e-05	-0.0025073534556653843	False	False
456	23.738100136717538	0.34781625764722185	0.8868089919152301	6.475337578403674	0.9809815091044547	4.549454795189927	0.021357181160105293	0.5513116081167035	3.7055894091515897	0.8670944491543352	23.81468422430913	0.3501107190678589	23.73810013706744	0.34781625765547447	15.825400091378288	3.4990321751138254e-10	8.252620808946176e-12	False	False
458	23.73792919221445	0.34737525874813574	1.346947626040523	6.326816410271681	1.0300447179081111	3.7550642255026974	0.11843545452837728	0.5788851314643585	3.664842536244434	0.9890039428527823	23.812303718670243	0.35005501355976687	23.738436631339933	0.3473870009650482	15.82562442089329	0.000507439125481568	1.1742216912469239e-05	False	False
459	23.738009639645394	0.34700787878111605	1.4706443534846954	5.850958109305101	1.1347950771414785	3.359886702955804	0.3552076443725383	0.637754833353511	4.062084596118312	1.1083926678827936	23.938241509708014	0.3560994021104123	23.73800964148067	0.3470078788212177	15.825339760987113	1.835275043049478e-09	4.010164422751927e-11	False	False
461	23.737992008870574	0.34702061462909395	1.826758873265625	6.39077707787582	1.1146731214527008	1.638633510082066	0.36972740098358214	0.626446294256418	4.848623290784012	1.1936293240710223	23.719533347404685	0.34733902187686316	23.73799200723415	0.3470206146029874	15.825328004822772	-1.6364225530196563e-09	-2.610656135715317e-11	False	False
462	23.73794001179355	0.34840161171904144	1.29038498601308	6.419626151056504	1.1382939047101561	1.7736782901903536	0.3918616716122437	0.6397211744471079	6.625875526095845	1.366547807228071	23.726214286527465	0.34890753429724575	23.73794001132227	0.34840161171190726	15.825293340881515	-4.712816803476017e-10	-7.1341821339387934e-12	False	False
464	23.737950627794234	0.34894009796677816	1.9514754511651455	6.502138781392883	1.0719412787670788	1.6095940308343804	0.2392080622126391	0.6024309986670984	3.845533554892726	0.580381194869597	23.723862998543588	0.3491357779550022	23.73795062683489	0.34894009795030073	15.825300417889927	-9.59342827400178e-10	-1.6477430531125492e-11	False	False
466	23.737901740987688	0.3490437783175473	2.077150919323596	7.305003927424522	1.1027270081966563	1.647284817848068	0.17741712548308378	0.6197325786065209	1.9855071528304662	0.5163151288341452	23.733100999731644	0.34904544635176815	23.73790174160948	0.349043778328854	14.639864368257166	6.217923953499849e-10	1.130673332738752e-11	False	False
467	23.737941534083447	0.34860830084794225	1.5357563443150757	6.655928203066074	1.0060607650856612	0.8192973950296965	-0.00945520548131934	0.5654061499781416	1.0430242862867711	0.5253188258727116	23.72196267166824	0.3484629888316633	23.737941535239298	0.3486083008726548	11.86897076761965	1.1558505264019914e-09	2.4712565327433822e-11	False	False
468	23.73763241982439	0.3472288451621648	2.3416499875088737	6.020285208261622	0.8748147045624827	0.9420701827457697	-0.028383877768919943	0.4916458639641153	0.08060002456491272	0.07727530952500984	23.70955617955421	0.347166382302536	23.737632422102337	0.347228845183025	15.825088281401563	2.277946720141699e-09	2.086020245428699e-11	False	False
471	23.737682510102605	0.34959089143965255	1.9391434494296134	5.131301914192098	1.0894289159536745	1.4859865501201748	0.23823504534764042	0.6122590507659651	0.07766727108456332	0.963613491482407	23.90035868529612	0.36323794015863115	23.73758688290938	0.34958748013126656	15.825057921939589	-9.562719322531166e-05	-3.411308385992129e-06	False	False
473	23.737817700214162	0.3486208434377933	2.2486146197186425	5.497114109076781	1.1145449931025642	1.903939126930525	0.22273082430752827	0.6263742861236411	1.7585682364716622	22.642333275195817	23.838351868779757	0.3570608270469861	23.737817699191467	0.3486208434349964	15.825211799460982	-1.0226948177205486e-09	-2.7969293547869256e-12	False	False
474	23.73783389700527	0.3487699780954785	3.5383158164391073	5.785430172588692	0.9789472187154298	1.7173223914041118	-0.03391298011110839	0.5501683369180715	1.9854526668248123	1.1290165633881595	23.73478684550084	0.3506311023829688	23.737833895155816	0.34876997804647686	15.825222596770548	-1.8494539233415708e-09	-4.900163608212438e-11	False	False
478	23.737942368178043	0.34884930568246153	3.4555477299001702	5.845882600321063	1.0080620741379376	1.383530686911204	0.2970677282767793	0.566530885665521	4.5762483757632575	2.304889183322468	23.69787052223779	0.34950056795946055	23.737942369185163	0.3488493057140763	15.82529491279011	1.0071197209526872e-09	3.161476636037719e-11	False	False
479	23.73812864537232	0.3483461527333436	3.7709225128292156	6.027199068365788	1.1146731214527008	1.638633510082066	0.36972740098358214	0.626446294256418	4.385772844244046	0.9583773615680458	23.70296332258739	0.3492383989235788	23.73812864407905	0.34834615270803626	15.825419096052707	-1.2932694914979947e-09	-2.5307311801725518e-11	False	False
482	23.738029294445163	0.34919955573679207	3.2528085253415107	5.875920263558708	1.171189464462831	1.1772666270152723	0.27765871927229036	0.6582084790281111	3.572245015592498	0.8145075320717456	23.64350870076569	0.3495594831744214	23.738030131912378	0.3491995731777611	15.825353421274919	8.37467215575316e-07	1.7440969057869182e-08	False	False
483	23.738043535327744	0.3495006318232642	4.2028709934422865	5.489888952737392	1.1095186324538628	1.017432374831055	0.36490097994250487	0.623549471439071	2.7917303280367456	0.7815058362041566	23.59222958415787	0.35015089607606203	23.73804356570963	0.3495006324203248	15.82536237713976	3.0381887228259075e-08	5.97060623164225e-10	False	False
484	23.737802643136423	0.34819509498879264	4.205696889323097	5.41218949771153	1.069924457133009	1.612326152610543	0.30587063949274906	0.6012975449087512	2.018307399460375	0.7229592984648084	23.719236807484805	0.34890209137969114	23.737800312180987	0.3439082399825364	15.825200208120666	-2.3309554357808793e-06	-0.004286855006256252	False	False
488	23.73774628577808	0.3466628209516708	3.888712241196922	6.594183412229106	1.1157767816236384	1.7465164540324434	0.2700187134336602	0.6270665512724848	0.3513799598927719	0.1740963541959558	23.71992684267729	0.34680270919411005	23.73774628586789	0.34666282095161616	15.825164190578592	8.980904908639786e-11	-5.46229728115577e-14	False	False
490	23.737724998858162	0.3475161436548962	3.7924467836297646	7.3561267011829985	1.162269489305372	1.6392114222205239	0.31604188527229105	0.6531954529896191	0.26049291871486113	0.7413425591896416	23.73086041619472	0.3474831685409312	23.7377249990363	0.3475161436588673	13.355624697272486	1.7813661656873592e-10	3.971101225630491e-12	False	False
492	23.737842266949386	0.3465396406384518	3.642249182645706	7.487382157035636	1.0305458058514725	1.7883447474998186	0.2294693208316721	0.5791667428885275	0.9614094654575785	3.690731672095661	23.73583430444265	0.34654744325025505	23.737842266971327	0.34653964063898196	15.734361690245919	2.1941559680271894e-11	5.301870054097435e-13	False	False
500	23.73792841840508	0.34786949478727913	3.0371755171359753	6.579281890210229	1.1913421835791145	1.8434713176291226	0.37730274706982	0.6695343071714625	6.543804547400145	6.8064698575498745	23.71587942750681	0.3481297548822378	23.73792841566784	0.34786949473643386	15.825285610445231	-2.737237991823349e-09	-5.084527243681691e-11	False	False
504	23.738062759289186	0.3480827662499351	3.234985881094374	6.239185432260196	1.196556643886331	1.4200254013114777	0.37675423546923625	0.6724648338641181	7.394308289289285	1.1299708351202276	23.682691461890116	0.3482255710234405	23.73828273270013	0.3480884780972762	15.82552182180009	0.0002199734109460394	5.711847341105525e-06	False	False
507	23.73799755473833	0.34843828377616237	3.995971153879104	6.638148188508516	1.0649763594171984	2.494940172932719	0.17094395441189486	0.5985167139924655	5.031380018944576	0.6804395789437899	23.74317404763207	0.34900811052362035	23.737997553521456	0.3484382837585262	15.825331702347643	-1.2168754892627476e-09	-1.7636170301926768e-11	False	False
510	23.737894678037463	0.3478239769000287	4.422414574565547	6.556347957753845	0.9789472187154298	1.7173223914041118	-0.03391298011110839	0.5501683369180715	4.424657629996913	0.8794123308787687	23.73140345425267	0.3480156360078236	23.737894678666763	0.34782397691360406	15.825263119111174	6.292992793532903e-10	1.3575363055906564e-11	False	False
513	23.737983409102572	0.3468319481465189	4.017324266521119	6.4149718754975	0.9591764356655978	3.331433356016254	0.12820752155008694	0.5390571568440661	2.653505262327329	0.599708606681322	23.77255844296319	0.3481062297257081	23.73798340757388	0.3468319481221669	15.825322271715923	-1.5286936161373887e-09	-2.4352020400186802e-11	False	False
514	23.737901096887484	0.34647477491468737	4.215547322959955	6.549827673175889	1.1730902642005483	4.161163831036797	0.36640058883073867	0.6592767284807082	1.5353981173164353	0.57863013844931	23.804577322483766	0.34925735499081156	23.73790109749307	0.3464747749163727	15.825267398328718	6.05584915547297e-10	1.6853185513809876e-12	False	False
517	23.73787304562881	0.3475095868663863	3.241274444511909	6.246870065737916	1.1028329422810206	4.982166551573816	0.17884318028016288	0.6197921135619336	2.7036967655733983	1.760909261956705	23.920445986243315	0.3542243642813487	23.737873044381427	0.347509586831372	15.825248696254288	-1.2473826416226075e-09	-3.501426926177942e-11	False	False
519	23.737978638681405	0.34933220816831345	2.5859087221151418	6.447586137658244	0.992359015226588	4.282152978705367	0.062022680406501184	0.5577057665573425	2.088588493992855	0.7724936171049894	23.806416512944224	0.3515292798281355	23.737978638411544	0.34933220816054633	15.825319092274365	-2.6986057832800725e-10	-7.767120280277595e-12	False	False
520	23.738079641426925	0.34867423107644024	3.6734493969408986	6.344593824752422	1.0638648885210258	4.041390510957121	0.16436884200832072	0.5978920673488165	3.415113911685578	1.6351300993508493	23.821129453731306	0.35179492477271374	23.738079641743333	0.34867423108992623	15.825386427828892	3.164082329476514e-10	1.3485990102424239e-11	False	False
522	23.737998008731335	0.3485538627465826	3.457361853318392	5.988519633451374	1.0513773352383327	3.369569314051076	0.19842867356946048	0.590874062403943	4.662891326738738	1.3653691933330863	23.840587976509074	0.35335400489522434	23.738023143864872	0.3485575923220932	15.825348762576585	2.5135133537190768e-05	3.7295755105914985e-06	False	False
526	23.73796187587333	0.3485727273232475	3.4026255381984587	6.490236384068099	1.0440606566043433	3.5974253513669154	0.07351700782052975	0.5867620890116411	4.266511102554445	0.9149926094328421	23.784593764334424	0.3503648720150497	23.73796187477377	0.3485727273038575	15.825307916515849	-1.0995613308750762e-09	-1.9389989613927128e-11	False	False
528	23.73810796214075	0.3488458268293482	4.291611858813687	6.650529507163896	1.1434366321016864	2.7647192252369224	0.3277775806371791	0.6426113872411479	3.1368397126799703	0.7352236141614356	23.745269068875665	0.34965792577384597	23.738107962786202	0.34884582684807913	15.82540530852414	6.454534684507962e-10	1.8730905715358404e-11	False	False
530	23.738064673160697	0.3491093224973929	4.133435450015141	6.30186835913456	1.0198725838034561	3.1104582842330455	0.16669704000786864	0.5731683920975424	2.547473478784232	0.8121146479007653	23.777617735154056	0.35089775152085806	23.738064672583526	0.34910932248271553	15.825376448389019	-5.771703115442506e-10	-1.4677370430149494e-11	False	False
532	23.738039629233526	0.3486853810392304	4.3023130353904095	6.308780043138521	1.1449413908819157	3.403704651339478	0.14267481331669016	0.6434570616756367	4.010308198945436	1.5742296170476069	23.807464133676227	0.35227857735279344	23.738039625755224	0.34868538095299756	15.825359750503482	-3.4783020907980244e-09	-8.623285419062654e-11	False	False
535	23.737989605909146	0.34780333043280093	4.443535711614937	7.037342283184806	1.056106864688333	3.2836343550430485	0.052313957017937784	0.5935320579548432	5.228563767372321	1.3037810332750088	23.75309054059938	0.348275829929576	23.73798960635467	0.34780333044332434	15.825326404236447	4.45524506176298e-10	1.052341547236324e-11	False	False
543	23.73793377336263	0.34842968622188886	4.0950467305625144	6.598408865191968	1.1868134703628952	2.431755312401998	0.19576150992584862	0.6669891703439471	4.527650782253067	0.8659454075145562	23.73264906521335	0.3492587502870649	23.73793377227417	0.34842968619850345	15.82528918151612	-1.0884591006288247e-09	-2.338540472379691e-11	False	False
544	23.738027815964113	0.3487044373471404	4.244165518166868	7.265775279910296	0.9621932540615402	3.187153878380243	-0.15603223012710715	0.5407526087825857	3.2500198336724324	0.7178159248525667	23.74571722182463	0.348912366607963	23.738027816025642	0.34870443734889395	19.572475973259543	6.152944820314588e-11	1.7535417562442035e-12	False	False
552	23.738075908999058	0.34953355926956065	4.309188475714446	6.779228804317488	0.8996608043951351	3.6783480147687344	-0.19955978509935157	0.505609372070066	2.037141647232668	0.6268089893256911	23.766725276486248	0.3502082346125748	23.738075908850004	0.34953355926585683	16.647969765063742	-1.4905410239407502e-10	-3.703815032451985e-12	False	False
565	23.738088567040602	0.3476242104634683	4.209394256815679	7.037963195112881	0.8691540172162983	2.9910032014234975	-0.057958737242385566	0.4884645576755597	1.7548900431182282	0.8614472368684518	23.746174209024428	0.3478391418757538	23.738088567567814	0.34762421047243947	20.497242091494236	5.272120517929579e-10	8.971157150483577e-12	False	False
566	23.737971466331324	0.3488430735839588	3.8889125490208043	7.184715361186927	0.9821173267952518	2.645268732093181	0.07896467275385784	0.5519499376589315	3.5710436939346373	2.0349102258220824	23.74228513770655	0.3490010567642561	23.737971466563536	0.34884307358907995	18.078333431994185	2.3221247147375834e-10	5.121181256839691e-12	False	False
567	23.738042535656334	0.34788608806674454	4.104752216461048	7.7192277388868265	1.0459999098309645	3.203602156986235	0.2607759659451495	0.5878519493250021	3.0084524485498814	0.8424574736118999	23.7401408331152	0.3479578961004715	23.73804253481732	0.34788608805814963	19.85250819661518	-8.390124150992051e-10	-8.594902567438112e-12	False	False
569	23.738119130062486	0.3477314217596786	3.833822989360344	8.062486730831578	1.0351532636190743	2.7995107569796422	-0.048216149832148614	0.5817561341539198	1.9865571319691295	0.6603252555734027	23.738825141106403	0.34775998949731496	23.73811913014944	0.3477314217601517	19.880603972960103	8.695266728864226e-11	4.731215419440105e-13	False	False
570	23.738163287904438	0.34877047685525986	3.385094244153114	8.19377724764315	0.9131559263165481	1.9877034434722587	-0.13358251550741956	0.5131936305899001	1.648316251426852	0.829735135678175	23.738237503859835	0.3487770519314482	23.738163287900456	0.34877047685519397	19.16626403371903	-3.9825920339353615e-12	-6.589173651150304e-14	False	False
571	23.73809953626176	0.3484467515785947	2.9575675678668834	9.20752796279667	0.9365352575921548	1.1850033325189684	-0.09774368072298792	0.5263328147667911	2.8056372171177335	1.7021231300055775	23.7380675978049	0.34844661081195716	23.738099536262755	0.3484467515786165	13.796682288342035	9.947598300641403e-13	2.1760371282653068e-14	False	False
572	23.738075979939083	0.3485953438461822	3.4447553009459937	8.908641534693002	1.1462688794168674	1.9273079267781714	0.14333725836775768	0.6442031102322795	2.712590937488049	0.966835954747823	23.73789077782421	0.34859512826824723	23.73807597994843	0.34859534384633684	14.276326933874602	9.347189688924118e-12	1.546540673302843e-13	False	False
574	23.73790310572075	0.34859596831819295	3.362668111822359	8.577052286129543	1.0346980984243785	1.7782158560108399	0.1411096770018765	0.5815003313145009	3.451719315012679	1.2724805894283078	23.737730246801323	0.3485966155480483	23.73790310574017	0.34859596831857675	15.468186223300613	1.9419132968323538e-11	3.838040996129166e-13	False	False
576	23.737926799033797	0.34878272494860096	2.9961609771327056	8.90064085299431	1.0273950572180741	2.491715430150566	0.0029998748025672484	0.5773960221565577	2.507305602875756	0.7263932475536604	23.73797589945646	0.3487856488245859	23.73792679904214	0.3487827249486777	19.230353797868517	8.341771717823576e-12	7.671641100159832e-14	False	False
581	23.73794445057265	0.34758024880904287	2.4884887543855676	9.020531315172336	1.0447659208682598	2.0455925413585896	0.23797649526420944	0.5871584475279621	5.3842063839303345	2.1474073115598333	23.73790545226939	0.3475810136281848	23.73794445045613	0.3475802488076635	16.567100175849756	-1.1651835052362003e-10	-1.3793410857942945e-12	False	False
584	23.73814207362512	0.3477880338048801	2.0421481281880562	7.240731957828291	1.1083480913444235	2.9239085212543223	0.4408899821096163	0.622891627335566	4.524681393199223	0.8403618046112712	23.74258060867972	0.3479912868590563	23.738142073622072	0.34778803380511597	16.61159629827956	-3.0482283364108298e-12	2.358668815816145e-13	False	False
585	23.738040887899977	0.346467249032729	2.526249629412344	7.054170169799319	1.1303241633930772	1.529170796571422	0.2109304594738462	0.6352421798269094	1.1562825285056815	0.255550043864662	23.727545133251017	0.34643527758743536	23.738040887930573	0.34646724903188164	14.063261675139424	3.0595970201829914e-11	-8.473777235451507e-13	False	False
587	23.73800684803492	0.34904378487052934	3.113560572347117	8.657202052760367	0.9916284591776198	2.5877247633430613	-0.0017198804228549872	0.5572951940578224	1.446379619549606	1.250887723278869	23.73813741223256	0.34904908365507464	23.73800684805136	0.3490437848707198	20.33975338970281	1.6438406191809918e-11	1.904587598744456e-13	False	False
588	23.73809138256101	0.3494869376356062	3.9529859428922087	8.425418392079282	0.9444383173298935	2.366551585382882	-0.19184347172402483	0.5307743343394001	0.8180069012159132	0.5655547756339624	23.73825061947344	0.349493727502724	23.738091382556345	0.3494869376355982	20.432716907113612	-4.664713060265058e-12	-7.993605777301127e-15	False	False
591	23.7379573302783	0.3492399355224462	4.050853227539407	8.689631725416104	0.9194181493215705	1.8474252641561257	-0.2388077047167777	0.5167129999187227	3.6530324600580943	4.4657721770172145	23.73795004178861	0.3492415275015104	23.737957330286932	0.34923993552253196	18.27948320440225	8.633094239485217e-12	8.576472865229334e-14	False	False
598	23.7379107915726	0.3488744248321721	4.4278481686747195	8.061462594184883	0.8934129738036788	2.2627207507802645	-0.34912476794777536	0.5020980912776676	1.8470921104150113	0.5056325479203754	23.738235955486527	0.3488870755248476	23.737910791600886	0.3488744248326841	21.067149877782565	2.828670631060959e-11	5.119793478058909e-13	False	False
599	23.73781734878531	0.3477947077850381	4.371698997121631	7.441682194812529	0.9311950087465919	2.0965636260513545	-0.04254105784325252	0.5233315949155847	1.8240325787505411	0.9875157651670716	23.73833788521111	0.34783679999011313	23.737817348990117	0.3477947077889348	18.55850587381147	2.0480683815549128e-10	3.8966607718293744e-12	False	False
604	23.737954072487508	0.3482164184230912	4.428672296839477	6.230484590105403	0.9617611045247936	1.737221458902918	0.1478004584683558	0.540509740742934	5.449754158626395	2.9877504503562466	23.729774426890458	0.3486568957648093	23.737954073128414	0.34821641844233303	15.82530271541894	6.409059949419316e-10	1.92418303512909e-11	False	False
605	23.737961509804908	0.34794136840843964	4.3799988932961496	5.7186033433368655	1.1354680583942152	1.5641029897455667	0.382087674339173	0.638133048817549	7.794265551217996	1.430204982527603	23.684761179690412	0.3502006156894475	23.737961510054852	0.3479413684337355	15.8253076733699	2.4994406544465164e-10	2.529587650457188e-11	False	False
611	23.73786342183237	0.34688005598639593	3.8564061281750033	5.318865520072927	1.106884389251832	1.4918138647285848	0.34780782376591485	0.6220690267595297	2.2959492081578867	0.2945690255317389	23.709267234873288	0.3481012845887249	23.737626344889456	0.3417570978221143	15.825084229926306	-0.0002370769429127506	-0.005122958164281655	False	False
612	23.73783831797857	0.347854744261428	3.49526500014156	5.962534665860268	1.1090804675641772	0.8648724273177246	0.4539349416416539	0.6233032227710676	2.927161544687332	1.2749243468830425	23.650285328944033	0.34718738513719066	23.737838315753383	0.3478547442135982	13.853008826346557	-2.2251889220115117e-09	-4.7829795679632525e-11	False	False
613	23.73790782163135	0.3470047168452582	3.3247157754903847	5.599421366896385	1.0956655939401265	1.3388254131228075	0.3718403428074565	0.6157640637943511	3.9203502939247974	1.3393009692410243	23.671129232802027	0.34892287092161944	23.73790782128872	0.3470047168402509	15.825271880859148	-3.426308126108779e-10	-5.00727237451315e-12	False	False
622	23.737802140979934	0.348308037268713	3.4678306136415684	5.500221542394137	1.0712142432331222	2.1393906298596383	0.17617246217625931	0.6020224046970147	1.5716515418633323	0.40089569146381	23.737802140979934	0.348308037268713	23.646949736795918	0.3404044271696465	15.76463315786395	-0.09085240418401597	-0.007903610099066538	False	False
623	23.737861433742676	0.34918143909890703	3.6286563516230674	6.0045558361878335	1.1486197393277264	2.5788478659467	0.4002515465459218	0.6455242935021823	2.047251364637178	1.302611495045511	23.779288149301568	0.35287613290671344	23.737861433434343	0.34918143909281285	15.825240955622897	-3.083329147557379e-10	-6.094180715621178e-12	False	False
626	23.737843050075437	0.34728788802901656	3.8818645536824916	6.463242808675611	1.1473944127952607	2.5571366230521777	0.4803156974189947	0.6448356599909365	3.3055251770360714	1.614616179592529	23.74193356797952	0.34827840072971383	23.737843050039363	0.3472878880130249	15.825228700026244	-3.6074254694540286e-11	-1.5991652446700755e-11	False	False
627	23.737910628756996	0.3475773540265734	4.02267213718792	6.664294267909278	1.1314789330204555	3.253250363616125	0.3805322553665553	0.635891160357496	4.992202621528953	1.5102600507206714	23.75707868943186	0.34863223310321745	23.737910627733463	0.3475773540098036	15.825273751822312	-1.0235332581487455e-09	-1.6769807764660527e-11	False	False
634	23.73798050514446	0.3493926780878409	3.6486540217654215	7.139951132942578	0.9689192677965613	2.761433833090048	0.15454561911051268	0.5445326285016675	1.8842930612410753	0.3774472320324162	23.743338623315275	0.3495722861706345	23.737980505182527	0.3493926780889222	18.276259862296943	3.806732706834737e-11	1.0813017148336712e-12	False	False
635	23.73818929009797	0.3490612711026029	3.1106464576401	7.154346397288257	1.055317820993328	2.299643024620748	0.15833764733494132	0.5930886153982504	1.0876921985462846	0.5772415241129659	23.73895377452188	0.34919213525655496	23.738189289759216	0.3490612710956468	16.343030883068945	-3.3875480198730656e-10	-6.956102360788918e-12	False	False
636	23.738230778550648	0.347738231130096	3.9359253971523835	6.777984952389542	1.0745222300631185	2.446716681218365	0.21729001082609203	0.6038814932954727	1.0314839253913952	0.948323364615456	23.74011618523664	0.34811245599615426	23.73823077732957	0.3477382311042341	15.82548718488638	-1.2210783495447686e-09	-2.5861923713677015e-11	False	False
639	23.738135753572035	0.34804140685376916	3.592927649398746	6.31657770605867	1.10905452652525	2.9050972859238864	0.09833909583224	0.6232886439071906	2.9994996581359104	2.9079461000788296	23.775741240658313	0.35032387187250835	23.73813575291485	0.3480414068374711	15.825423835276567	-6.571845290181955e-10	-1.6298074001497298e-11	False	False
642	23.73813635267698	0.3483364114938368	3.6590421118741663	6.755051729214394	0.913189102425709	4.026088831464281	-0.1648293329546477	0.5132122755632486	3.561097758632542	1.1872305932668938	23.77575689474697	0.3492045251554973	23.738136352737122	0.34833641149548766	15.860918281396076	6.014033715473488e-11	1.6508461264663765e-12	False	False
644	23.738063614157983	0.3475343463069712	3.3831598441172672	6.363360359582742	0.8874874955040309	2.7565983063307637	-0.1545431536653241	0.49876797247326543	5.506076045202066	1.5461737976315466	23.763935717334142	0.34846428207409347	23.73806361416271	0.3475343463099488	15.82537574277514	4.725109192804666e-12	2.9775626408934386e-12	False	False
648	23.737998165025083	0.3497150583190424	2.6051149358349677	7.434441841131816	1.0196038417319182	3.069790797420457	0.32171734204899527	0.5730173590533381	1.0507261546898297	0.19083030202705262	23.74162163445349	0.34983455307563843	23.737998164952124	0.34971505831725136	19.16930711344743	-7.295852810784709e-11	-1.7910672944765338e-12	False	False
649	23.738057729265186	0.34928851095536195	2.561160252920708	8.540638710535088	1.0276788160742065	1.7252334203878885	0.06046699849585309	0.5775554946337041	2.239331776005672	2.1312230270566683	23.737882058302617	0.3492893583699808	23.73805772926885	0.34928851095541114	15.558464398192674	3.6628478028433165e-12	4.9182879990894435e-14	False	False
653	23.73797579405492	0.3501035064262636	2.047663032362463	7.889928258909272	0.9386835380650737	1.4849435511395905	-0.03963911560353823	0.5275401483925715	0.7367890000663891	0.3290218126501157	23.73752598868631	0.35010639676693456	23.737975794519866	0.35010350643138094	16.004039022544674	4.6494719185830036e-10	5.117350987404734e-12	False	False
657	23.737896662530034	0.3498613124984546	1.9078752365233027	7.814334539961124	0.9417073206662994	2.0314162176090704	-0.05734690125663991	0.5292395142144602	0.6512139937757073	0.8838541206736651	23.738162423677423	0.3498804359793054	23.737896662641116	0.3498613124996654	18.7737594423274	1.1108269859505526e-10	1.2108092306561957e-12	False	False
658	23.73800395558612	0.3485063437890364	1.8125486592588667	8.473563888303826	0.9569156374889473	2.118018624893643	0.02679787536223095	0.5377865882687884	3.8834419707524215	5.963388391328037	23.73806400196238	0.34851085145290545	23.738003955606136	0.348506343789546	19.004242758002494	2.0015988866362022e-11	5.095923683029469e-13	False	False
663	23.73800429362353	0.3475794514493669	2.169060593010582	7.787829155443514	1.0367938839964888	2.275570390273009	-0.051050881616873545	0.5826781628060267	5.542246839367682	1.4271481024071706	23.73823466168662	0.3476108654027874	23.73800429363282	0.34757945144776564	17.884703105712525	9.29034627006331e-12	-1.6012746684168633e-12	False	False
666	23.738027093362454	0.34818905087655766	2.472260054918136	7.6712111751402565	1.1274529542850582	2.4706692695755734	0.251365311905667	0.6336285603082028	6.125746490845529	1.1052821479067179	23.73771336130006	0.34823644740218856	23.738027093570885	0.34818905088084606	16.831674883480314	2.084306061078678e-10	4.288402966068361e-12	False	False
667	23.738011978448924	0.3472424635031544	3.1509273537640725	8.3736346058676	1.0149070181932711	2.3195135365279675	0.19891031871938852	0.5703777442246184	3.9810929294501656	0.6498951491707357	23.73803396502508	0.3472487133830756	23.73801197843857	0.3472424635031217	18.23167658623009	-1.035260766002466e-11	-3.269606807521086e-14	False	False
668	23.738096044175208	0.34872786700622166	2.650786624084331	7.489971373065805	1.0519477982229555	1.5331690895054013	0.12357606583262111	0.591194662601301	2.4286408125907553	0.6100437381465944	23.735478340346585	0.34872438526543975	23.738096043955327	0.3487278670022802	14.36669216047576	-2.198810022946418e-10	-3.9414582708729995e-12	False	False
670	23.737933445809247	0.3495244794568009	2.419463204223784	6.68323208580521	1.0809775036071436	1.5725013264131726	0.14376008910342322	0.6075093570272148	1.664283273469747	0.6852735344154787	23.723691753017007	0.34959172950723394	23.73793344529105	0.3495244794490856	15.825288963527365	-5.181988171898411e-10	-7.7152728650276e-12	False	False
672	23.73762244541878	0.34840942951482184	1.9236430620615232	6.418098782525208	1.1146731214527008	1.638633510082066	0.36972740098358214	0.626446294256418	0.08045307741892498	0.04834097578304324	23.719079293047415	0.3486915281169071	23.737622450829946	0.34840942961055116	15.82508163388663	5.411166625890473e-09	9.572931336521151e-11	False	False
673	23.73775584192843	0.3477994232251721	1.4668176954019922	6.000102550614017	1.1045465114196769	2.1536371267834795	0.2798014462874719	0.6207551394178584	0.9389973495113728	11.671366461495884	23.764229049833126	0.3504238557740109	23.737755838710743	0.3477994231670098	15.825170559140501	-3.217685673462256e-09	-5.816230830291147e-11	False	False
674	23.737726233404967	0.34838120855143434	0.8475921248233173	5.645841432284881	0.9984039373277399	2.245890171333	0.2109475111599251	0.5611030127781899	0.5063220948123548	0.5392156805083957	23.826895185295356	0.3534708654691128	23.73772623413711	0.3483812085644222	15.82515082275808	7.321432349272072e-10	1.2987833031274931e-11	False	False
675	23.7377158260009	0.3481319077501215	2.3664839058378235	5.507569082361278	0.978848959817888	0.8982635411741312	-0.10071346184991503	0.5501131154176531	0.6557516115719683	1.2951273868761202	23.65099327606614	0.3489114906538008	23.737720035887524	0.3484491327290429	15.825146690591685	4.20988662241939e-06	0.00031722497892139323	False	False
678	23.73772821274696	0.3483057257569193	2.949684387921908	6.228466889931755	1.057413656313295	1.6046983826496275	0.06709924189132019	0.5942664748480718	0.5642270384805439	0.8604279860296163	23.71898776680167	0.3488153051013932	23.73772821286756	0.3483057257473077	15.825152141911708	1.206004185405618e-10	-9.611589302238599e-12	False	False
679	23.737771170656078	0.34783233340870967	2.6197213287956176	6.2210433758145705	1.022715073952265	1.7092741441380224	0.13884629803717655	0.574765871561173	1.1264477942748292	1.9964441925866199	23.728572504597416	0.3484210446273256	23.737771172779038	0.3478323334564864	15.825180781852694	2.1229595859040273e-09	4.777672701905544e-11	False	False
682	23.737849537796638	0.34699220020268556	2.205103137776924	6.075678775283648	1.0775512318601645	2.5457703265980256	0.08211031340581783	0.6055837923054125	1.6091943838195393	1.428556558056458	23.782604490154583	0.3499363935458644	23.73784953928529	0.3469922002372895	15.825233026190194	1.4886509802636283e-09	3.460393083187796e-11	False	False
684	23.737714271428835	0.34823215548486225	2.0617868218256565	6.13641035978544	1.0576574221003372	3.3604695261417343	0.14389055559730607	0.5944034712203896	0.39284201360647714	0.24412340582126454	23.823698751963548	0.35196144669460927	23.73771427178048	0.348232155487559	15.82514284785365	3.516440472139948e-10	2.6967317268145052e-12	False	False
686	23.737858579534855	0.3476134402305937	1.9042982820872572	5.627961584605364	1.1863227405187144	2.0065601787107665	0.43366380721200354	0.6667133801715176	4.26081792834458	10.846136056650964	23.83361323302925	0.35557797423541854	23.73785851309655	0.347613438827379	15.825239008731039	-6.64383037474181e-08	-1.4032147110931703e-09	False	False
688	23.73801733291027	0.34917102715780707	3.370863919053206	5.452765390367288	1.07408748449411	2.10275996107478	0.2832322580853081	0.6036371662856899	3.161797286762932	0.7420634582222946	23.842534979131578	0.35773464638699143	23.738015643579278	0.3491709929457098	15.82534376238619	-1.6893309933152523e-06	-3.421209726628405e-08	False	False
691	23.73810701530919	0.348549893706454	3.9248705009956684	5.1491765517199575	1.0775512318601645	2.5457703265980256	0.08211031340581783	0.6055837923054125	3.2715672624790777	1.0347175880552826	24.388639696045452	0.37871549185109427	23.738107013719645	0.3485498936721837	15.8254046758131	-1.5895444960278837e-09	-3.42703088129781e-11	False	False
693	23.738145389382822	0.3474016538890092	3.234463511686941	5.190775668307506	0.9474936882056925	4.149447052924518	-0.15802310451167625	0.5324914527715993	2.832244630443913	0.8657149320835722	24.66506266592204	0.38171175533414675	23.73814539121721	0.347401653927681	15.825430260811478	1.8343868646297778e-09	3.8671843505255765e-11	False	False
696	23.73806580817653	0.3468609869577396	3.8739131001056313	5.138467194928878	1.028703428237213	3.11277958564879	0.13209791694700146	0.5781313266693138	2.42615394486266	0.8566187817195705	24.486316586327003	0.37860680169898775	23.738063371492988	0.34686017129864594	15.82537558099533	-2.4366835411626653e-06	-8.15659093655885e-07	False	False
