Iteration_step	Porb	eccentricity	Wdisk	logQ	primary_mass	age	feh	secondary_mass	posterior_probability	acceptance_ratio	inital_orbital_period	initial_eccentricity	current_orbital_period	current_eccentricity	current_spin	delta_e	delta_p	bad_solution_flag	gsl_flag	
1	4.321	0.0414	4.1	8.008008008008009	1.0167021828325085	4.3427981942174645	-0.14922773117426946	0.4834418879368578	144.7710332380716	0.0	4.641881805536782	0.06146858432919043	4.326947957632607	0.0510117608252175	4.326947957632607	0.005947957632606915	0.009611760825217502	False	False
5	4.320995313183044	0.03637500172006376	3.343359848735242	7.988218944083434	0.9612930572845125	5.298090371138493	-0.2373307670874762	0.4570948487387857	134.7962764402742	0.9310997747636834	4.694739330955438	0.0441297403605238	4.320995314121763	0.03637500204877274	4.320995314121764	9.387193244947412e-10	3.2870897670456145e-10	False	False
8	4.320995980014122	0.03971141953467211	3.0638506521827864	7.9565275020449615	0.9827067974607753	5.420605391934689	-0.4172982244771918	0.4672770821925986	201.05959711803376	1.4915812396874304	4.7437814794111715	0.05331408181835117	4.320995979770146	0.039711419504872184	4.320995979770146	-2.439763946426865e-10	-2.979992641538587e-11	False	False
10	4.320990868500546	0.030022991488255633	2.912471503045939	7.480354368706986	0.9540560150499755	6.100759134357852	-0.24729313767022726	0.45365363515626334	81.81458121916216	0.4069170653472075	4.839424413230245	0.0537856233746666	4.26324955841765	0.024824435881945044	4.263249558417651	-0.05774131008289629	-0.005198555606310589	False	False
11	4.320986157528018	0.02953454356270733	2.9589262117968596	7.8685662464420485	0.9156004802441643	6.231501985861122	-0.307319040745338	0.4353680283561001	33.55752541721112	0.4101655831656504	4.795446922516846	0.03771804905038875	4.320986156861873	0.029534543544943684	4.320986156861873	-6.661444729161303e-10	-1.7763644721835448e-11	False	False
17	4.320982858468409	0.0322576202400762	1.8836943990556558	7.862518610157643	0.9993745223583419	5.872625881752256	-0.2347174559415883	0.47520258538139154	21.431619993528514	0.6386531702524341	4.800093034822233	0.04850004422608348	4.320982862545518	0.03225762043692889	4.3209828625455176	4.07710931682459e-09	1.9685268692892777e-10	False	False
18	4.320997488634139	0.035043560851759636	1.9022289229291478	8.086953846339567	0.9547327483072996	6.502751463884206	-0.09905880253306193	0.45397542182012096	167.50559395287343	7.815815790101419	4.698869994259909	0.04211139029986419	4.320997486472908	0.03504356088917492	4.328313325250215	-2.161230305830486e-09	3.741528614709111e-11	False	False
24	4.321011838118154	0.052253195286182996	1.780494598158452	7.980641626770791	1.1287887044239928	5.293851984275762	0.1546066133028202	0.5367390289536086	58.95998227369715	0.35198813891723013	4.702940907442875	0.07988291446476303	4.321011838044107	0.05225319528289003	4.321011838044107	-7.404654667197974e-11	-3.2929631244016377e-12	False	False
28	4.321013299551984	0.049408759791352126	1.396190783030363	7.595090890490621	1.0351853456953743	5.055404275144787	0.07544846212603895	0.49223063187815047	49.33395343942871	0.8367362325588293	4.746349677681953	0.051529391703356006	4.321339831219865	0.028938982314275465	4.321339831219865	0.00032653166788154664	-0.02046977747707666	False	False
31	4.321013437271756	0.044787914953831796	1.2295920271284229	7.735269117409671	1.0253083813131914	5.812382768786515	-0.13594215493263273	0.48753413531442247	69.52341471826924	1.4092406926930914	4.825188400982659	0.10455061477179194	4.291090661976791	0.05583881810983282	4.291090661976793	-0.02992277529496512	0.011050903156001025	False	False
42	4.320998982463947	0.03728188469399315	1.2217296284065864	7.8187069408445	1.002026777751993	6.229288428352485	-0.20892913516338224	0.47646373282107257	186.0506453042257	2.676086122325284	4.847696358950109	0.06187152320405775	4.3209989824883825	0.037281884713129376	4.320998982488384	2.4435564682789845e-11	1.9136227324967336e-11	False	False
47	4.321006120739496	0.03348231013680295	1.7391765817618494	7.654308942489649	0.9378703625490828	5.869200208500081	-0.17097178203478341	0.44595735739208886	110.38346075563551	0.59329791936566	4.849714545685792	0.049869446450504465	4.321006118980861	0.03348231014713021	4.321006118980861	-1.7586350153919739e-09	1.0327259880593687e-11	False	False
51	4.321000630420021	0.028527702241275724	2.2802272160905708	7.814855460984988	0.9442000470149858	7.160407151397643	-0.25027758224753277	0.44896712235562575	108.48509625312158	0.9828020929084975	4.921693267158512	0.04288486922795938	4.321000621593337	0.02852769977231697	4.321000621593337	-8.826683384199896e-09	-2.468958752721573e-09	False	False
53	4.321003120709873	0.025525388040372493	3.1453104950734083	7.802431506875558	0.8748009057259908	8.590386967118473	-0.2555719367529004	0.4159678306727086	92.50846935544301	0.852729753215121	4.968399333061237	0.03525880446215265	4.321003116169352	0.025525388031396715	4.3210031161693525	-4.540521736373648e-09	-8.97577845382358e-12	False	False
63	4.3210075756520085	0.0272346760891521	2.690264601245508	7.8382580193406906	0.9082815839773695	8.551788726376092	-0.30955475826787426	0.43188789318123916	89.87738182448197	0.971558414604703	5.002759347739707	0.041100824218497804	4.32100731932077	0.027234673526220964	4.32100731932077	-2.563312389014527e-07	-2.562931138150315e-09	False	False
65	4.321007046149626	0.03307458484793796	3.097523178212508	8.061886266869967	0.9605689031700703	7.916714712562426	-0.1987988675220649	0.4567505134573684	154.0568652746255	1.7140782491358852	4.861054414276695	0.044823945555413684	4.321007048857955	0.033074585747393435	4.321007048857955	2.7083286724405298e-09	8.994554753782857e-10	False	False
84	4.320994666857134	0.04738538025139739	2.558988204610726	8.101053207462433	0.9620581468760329	7.63593232497411	-0.08196491042737541	0.4574586488395536	267.3124770195652	1.735154590761324	4.753560564511209	0.06036774513809404	4.263444594935949	0.04732770310129615	4.26344459493595	-0.057550071921184554	-5.767715010123603e-05	False	False
86	4.321001902258471	0.03657943267542756	2.5868740122438294	7.3630884738666476	0.9755416618454836	8.176023848047565	-0.07438412269796191	0.46387006020752747	301.25503630563867	1.1269770856359582	5.082140886196168	0.04342643431113181	4.320575253072507	0.0094868109864765	4.320575253072508	-0.00042664918596457824	-0.027092621688951064	False	False
93	4.320998856952391	0.04728002184276306	2.286050202165636	8.307579927857246	0.9909921240912234	8.060860709050342	-0.03169165488074658	0.4712167550053767	306.10601231787825	1.0161025557339332	4.714521691188594	0.0473986756945236	4.315232318009879	0.03906718105803047	4.315232318009877	-0.005766538942512334	-0.00821284078473259	False	False
95	4.320997450250039	0.038831045153070565	2.371356607450619	8.009827606210614	0.9406615252579262	8.98888596095128	-0.27740693825353285	0.4472845552601439	355.3836015538941	1.1609821017982591	4.978293983654717	0.05921074357032667	4.320997263196613	0.03883104276074222	4.320997263196615	-1.8705342608171804e-07	-2.3923283423710195e-09	False	False
99	4.320999717331075	0.045706291222717896	2.2152476390178513	7.684074314777879	0.9124255616968734	9.22198403569195	-0.3413635370572091	0.4338583545868633	371.54934325615744	1.0454881475441735	5.158472220498784	0.06391131025014551	4.321430466532013	0.029996100895819444	4.321430466532014	0.0004307492009383296	-0.01571019032689845	False	False
104	4.320992698488968	0.05885716963021938	2.780607004176464	7.548783482222301	0.9269564764411479	9.672493041292539	-0.2096241263121369	0.4407678045477658	78.16329349993207	0.21037123310441141	5.250179978579568	0.11029705886566195	4.311610417691154	0.03645955052108889	4.311610417691154	-0.00938228079781478	-0.02239761910913049	False	False
106	4.321002352913752	0.06262091991565744	2.5246186590328876	7.543328832012435	0.8837775582692997	8.976045494705584	-0.37637353074981905	0.420236228957052	40.357323586895	0.516320663828349	5.2599196473713	0.13579796931357374	4.321002350086655	0.06262091972317368	4.321002350086657	-2.8270967789012502e-09	-1.9248375116021066e-10	False	False
113	4.321004834499413	0.045297795071541705	2.3667426994594774	7.488058630029456	0.8668477049097697	8.947544869691617	-0.45085999111434927	0.4121860836845955	343.9687209849674	8.523080581504725	5.235957220062534	0.0993862125203307	4.321004836710829	0.045297795288781764	4.321004836710831	2.211415939257222e-09	2.172400592748147e-10	False	False
135	4.3210045904814915	0.045009379229007745	1.667696993866528	7.907563851055489	0.9163935543129343	8.730188948720269	-0.16367514660573984	0.43574513507580026	506.44183757263374	1.472348520884162	4.969615126126038	0.06312458432601095	4.32100458937966	0.045009379159710906	4.32100458937966	-1.1018315149158298e-09	-6.929683910028572e-11	False	False	False
137	4.321011114003713	0.04670772391379311	1.1594721426932422	8.218915424032616	0.9577139709827374	8.279490857847616	-0.31041598295840067	0.4553929932022916	221.77864154240257	0.43791532430532093	4.830556505791785	0.062142965268282654	4.321049406448478	0.046900827334857315	4.321049406448478	3.829244476527549e-05	0.00019310342106420436	False	False	False
138	4.320999835374197	0.05199705847641594	0.5519331128955379	8.027415703483156	0.8886225020843002	8.46708627184681	-0.4683789290492133	0.4225399997410847	418.3153316639668	1.8861840290602905	4.878223396311005	0.06828130582983465	4.320999835090148	0.051997058467406425	4.320999835090148	-2.8404922858271675e-10	-9.009515355984377e-12	False	False	False
167	4.320985875607552	0.05052709057282878	0.8795928681726769	7.970470940010991	0.8596221938766261	8.620960554427086	-0.6072939113865589	0.4087503531883357	230.7128942627641	0.551528659839071	4.880252533097596	0.06615250852756005	4.3209858785519275	0.050527090614455525	4.3209858785519275	2.9443754101521336e-09	4.162674371865904e-11	False	False	False
190	4.320992350334004	0.042571342645897035	1.1738439506639735	7.790314423196803	0.8413514944494008	10.467946043283776	-0.49949207206065854	0.40006263561069005	649.8036546445664	2.8165034152988886	5.132620631376323	0.06590211523655756	4.320992350301531	0.0425713426526772	4.320992350301531	-3.247269120265628e-11	6.7801667058553505e-12	False	False	False
199	4.321003255492286	0.04276408624136637	1.1252304579388004	7.736130329192886	0.8783944240277888	10.95170487638196	-0.29762749853542625	0.41767654862521353	975.5525352867446	1.501303552717564	5.267551149722459	0.08093638955606496	4.321003256628211	0.0427640863362807	4.321003256628212	1.1359251317344388e-09	9.49143263984098e-11	False	False	False
205	4.3210040394129905	0.04002914237405123	1.0650248742895891	8.06421154749375	0.9124731471238873	10.596266457984017	-0.20099475614802267	0.4338809814574084	926.1295037311012	0.949338421286439	4.995324806599932	0.057252783723256845	4.3210040383797255	0.040029142365209686	4.321004038379726	-1.0332650290933998e-09	-8.841545551252494e-12	False	False	False
208	4.320991806591141	0.03751062484172943	1.5905601350655765	8.28334009614287	0.9203917672669972	9.828102044363307	-0.3787666518505348	0.4376462853354572	466.99408437386705	0.5042427462816877	4.849259539519872	0.049889929952594086	4.322179871195983	0.03753951365560982	4.322179871195984	0.0011880646048423316	2.8888813880391384e-05	False	False	False
216	4.321002982050556	0.03270343100788922	2.189794470445111	7.757399493373252	0.8668477049097697	8.947544869691617	-0.45085999111434927	0.4121860836845955	493.02146651142755	1.0557338583259728	5.059210136564216	0.04979634961878548	4.3210029823853535	0.03270343100776524	4.321002982385354	3.347970789491228e-10	-1.2398415627501436e-13	False	False	False
217	4.3210037051049435	0.047452792001276	2.107658639666871	8.017983157320925	0.9535528790807519	7.3547746275493555	-0.29874144593391233	0.4534143940028975	338.70216116780364	0.6869927258227264	4.862682241430796	0.06489702579942633	4.3210037055763655	0.047452792697952044	4.321003705576366	4.714220125379143e-10	6.966760432436381e-10	False	False	False
219	4.32100595213776	0.040627737827297096	2.901239315987074	8.066451837398	0.9546873757941454	5.821654514000211	-0.2624296182745679	0.4539538471901161	257.0205934349861	0.7588395437124184	4.691399480367083	0.04880083288415228	4.321005952218204	0.040627737843029366	4.321005952218204	8.044409582907974e-11	1.57322696536788e-11	False	False	False
224	4.321009669868843	0.030504448439819115	3.1309698229307816	8.274686316042192	1.0650109423220744	5.961112313000679	0.0019356328785667953	0.5064127030741463	121.13681563366262	0.4713117109205665	4.678146503992347	0.03726279459042202	4.32100966887326	0.03050444831767759	4.321009668873261	-9.955831714592023e-10	-1.221415260599379e-10	False	False	False
229	4.321012172724528	0.04758077058168074	3.951468657124015	8.321511782199577	1.0312473613697684	6.482966173212743	-0.06870401268909956	0.4903581203313248	130.33712595517832	1.0759497455285512	4.675197337851854	0.056932629374263403	4.321012172458029	0.047580770489461584	4.32101217245803	-2.664988230094423e-10	-9.221915592272367e-11	False	False	False
232	4.321001083409454	0.05337942906288916	3.216083638851544	8.341246445204188	1.0086266239206654	5.607584654123225	-0.26381341775849987	0.4796019596742764	149.27973649182272	1.1453354936118398	4.606867438126477	0.06145604166609767	4.321001078956086	0.05337942904629021	4.321001078956087	-4.453368340762154e-09	-1.659895138006462e-11	False	False	False
238	4.320992565852758	0.0505374992976874	3.9559607525027403	8.484417644386967	1.0830796434163652	5.780481009221293	0.08889838797635963	0.5150043704444817	157.42270947682132	1.054548414783976	4.56901198141335	0.05709149106861239	4.320992566459105	0.05053749929524897	4.3650055550968805	6.063469726313997e-10	-2.4384314012415587e-12	False	False	False
239	4.320986536040845	0.03976822662976477	3.888217161006749	8.25570058385266	1.0132841590476418	6.438356153338955	-0.08178386903012222	0.48181661762715366	123.61260339579316	0.7852272636305608	4.6807364952578645	0.04764435213961774	4.320986515910511	0.03976822648445719	4.320986515910512	-2.0130333844292636e-08	-1.4530757846964448e-10	False	False	False
243	4.320988188561035	0.0516639800971721	4.130602972771998	8.204696416918258	0.9926690238174248	6.765885452582358	-0.2676832524465147	0.4720141208251855	96.4534889907509	0.780288468497974	4.751920430505604	0.06560319090453808	4.320988188863171	0.051663980071088564	4.320988188863172	3.021360939214901e-10	-2.6083538107180004e-11	False	False	False
249	4.320987558954487	0.04782887363249699	3.2423147944125854	7.854574114639526	1.0942952897164298	6.047104087768544	0.07589691047715591	0.5203374102601623	157.0429658772467	1.628172993226879	4.782855230919348	0.08680757051716069	4.317821220417785	0.04662751717211985	4.317821220417785	-0.003166338536702007	-0.0012013564603771398	False	False	False
251	4.3209882699390345	0.044602467789880654	3.505257889057213	8.028036017760554	1.050486972734828	4.570352111156033	-0.09197910199704401	0.49950655553541073	99.11799665026437	0.6311520932923566	4.649072080569307	0.055614974429689164	4.32099512249326	0.04417042082275585	4.32099512249326	6.85255422538944e-06	-0.0004320469671248023	False	False	False
255	4.320991749593177	0.034122550211365475	2.8861234357002847	8.203888922825358	1.0549541491041894	3.52410030600323	-0.05947108885769002	0.501630697899042	116.71584337589475	1.177544414943373	4.521838804176444	0.03792435097116761	4.320991819040692	0.03412254998616414	4.320991819040693	6.944751529402993e-08	-2.2520133674541754e-10	False	False	False
257	4.321005406389445	0.026936742159276824	3.63150782258699	7.98181789926418	1.1000642423983311	4.188045469012548	0.1119098378916901	0.5230805472604064	95.97686708770071	0.8223122440935277	4.595495182167206	0.034575003334097326	4.321005406143304	0.02693674221191224	4.321005406143304	-2.461408854514957e-10	5.263541685840423e-11	False	False	False
264	4.321013143133664	0.03252327473122346	4.078117656625227	7.839125024272147	1.1224892914904745	4.117805238703486	0.20948980865321115	0.5337436581037206	109.48511026029222	1.1407447813466143	4.587349428515413	0.04610946873168367	4.321013143822193	0.0325232749503289	4.321013143822193	6.885292336278326e-10	2.191054351841082e-10	False	False	False
275	4.32101947551712	0.04249306393934518	4.126656554724884	8.01092033337944	1.1335447336194244	5.141308602821506	0.1471757530629224	0.5390005208360363	45.16931011171032	0.41256121498461157	4.661830157520757	0.06233968761550302	4.3210194749311635	0.04249306373824087	4.3210194749311635	-5.859561724719242e-10	-2.0110431375730542e-10	False	False	False
276	4.321008967090573	0.04518478444119162	3.6398394051006786	7.613000747378259	0.9643933427161121	4.31790878567951	-0.14080621258041726	0.45856903446151126	134.2535811848426	2.9722300573733325	4.691644654930758	0.06351885928499099	4.321219182696841	0.04519352797077821	4.321219182696841	0.00021021560626799385	8.743529586595356e-06	False	False	False
277	4.321010420655052	0.040840628457115336	3.3642646626162485	7.84796141772392	1.135868187210608	3.554459866965497	-0.04019455249800058	0.5401053230186441	127.17921698294404	0.9473059553461114	4.5242541231753	0.055840797526126244	4.312576731478901	0.037412048814430415	4.312576731478901	-0.00843368917615095	-0.00342857964268492	False	False	False
278	4.320996708987438	0.03341254201839751	2.6148857070464766	7.999797472149314	1.093872309800206	3.827098146772211	0.02477776329833911	0.520136283309998	175.38493507151892	1.3790377015376634	4.575617897133571	0.04186396434500463	4.320996709052898	0.03341254209853763	4.3209967090529	6.546052588873863e-11	8.014012370383128e-11	False	False	False
281	4.320992834937594	0.03266181097842173	2.7519322006736004	8.189365322035574	1.0598121451196916	3.5093448561416416	-0.24430700812219902	0.5039406750044133	129.76062444318595	0.7398618609418867	4.534781415955392	0.03712111616237165	4.320992834956232	0.032661811021038135	4.320992834956232	1.8637535958987428e-11	4.261640346170381e-11	False	False	False
284	4.3209978300563066	0.03604841180128926	2.8743556915580686	8.364165572826195	1.0816574669337928	4.6159534822662165	-0.279616015253698	0.5143281255270185	231.81441719139772	1.7864773554083406	4.584006710189482	0.04282175035862474	4.321296484509472	0.03631639277816337	4.321296484509472	0.0002986544531653479	0.0002679809768741104	False	False	False
300	4.32099247505491	0.04785097977026939	2.5576178033503507	8.257453526623069	1.0485549557414595	3.43094371680883	-0.20278357387732673	0.498587881455064	139.8304366561638	0.60319991461408	4.506688037427309	0.05274821880424168	4.320964976370511	0.047835428584158984	4.3209649763705125	-2.7498684398885587e-05	-1.55511861104074e-05	False	False	False
303	4.320999761871256	0.04109590714899067	2.2617876756824433	7.70763776080068	1.094244758046924	2.726158345190416	-0.14877950621888913	0.5203133824513123	229.0164165477702	1.6378152140861173	4.482889587180611	0.054570107251868616	4.315522240902916	0.039133456800006	4.315522240902916	-0.005477520968340421	-0.001962450348984665	False	False	False
306	4.320998499177823	0.04034734286144681	2.4226452242153043	7.0515504447904345	1.071068980967869	2.1408410038253356	0.012158463154302218	0.5092933004502217	228.47981003717865	0.99765690809995	4.510582244945524	0.09902808816681744	4.3209984979844025	0.04034734261020189	4.3209984979844025	-1.1934204735553067e-09	-2.5124492070149884e-10	False	False	False
317	4.321008221405613	0.04439485487149358	2.481103860243067	7.711323080740042	1.042065020117472	2.215511458484557	-0.15105197212965454	0.4955019170658579	195.97965372724434	0.8577547998457902	4.368866749004662	0.04487953012878965	4.223423423989404	0.03656638164215599	4.223423423989405	-0.09758479741620896	-0.007828473229337593	False	False	False
321	4.321013129281467	0.055291874399806616	2.9751716590111683	7.686820751116249	1.095775440974606	3.289121202163817	0.14622036925260457	0.5210412221834252	44.18296638131684	0.2254467009254374	4.558346827355869	0.08366671243037922	4.321998296037874	0.05910106295849135	4.321998296037875	0.0009851667564069189	0.0038091885586847354	False	False	False
322	4.321011119231611	0.046988772200428436	3.5302337405529967	7.920069045743636	1.1558716769312418	2.438928288306398	0.1154852581512932	0.5496169823808055	103.33228654053488	2.3387358297479515	4.4561961104248615	0.060723485828314556	4.338131155037312	0.05048635050032078	4.3381311550373125	0.017120035805700873	0.0034975782998923413	False	False	False
328	4.321001597883986	0.03734911121472135	3.146623081278034	7.508691969142745	1.116742560935511	1.6033670435974354	-0.0856226143602968	0.5310110877248355	239.33009591614316	2.316121165307413	4.33252556948489	0.03845522009840484	4.304656965326478	0.02893336820275754	4.304656965326479	-0.016344632557507843	-0.008415743011963808	False	False	False
329	4.320996817112326	0.02963099786266282	3.2411416971344855	7.966401086853559	1.1741482999748551	0.868687763747085	0.12745830613703063	0.5583075166380436	199.35651216759257	0.8329771958034204	4.304190155203144	0.03076517901473247	4.3209964138383965	0.02960754339180699	4.3209964138383965	-4.0327392980543664e-07	-2.3454470855829163e-05	False	False	False
332	4.32100000368485	0.027228471147594583	3.323933239674138	7.631972606555601	1.1596212352609938	0.7272250047041805	0.07179728309970085	0.5513998973666026	145.8544112919056	0.7316260186639426	4.259462879884885	0.02911110527796313	4.320995953011326	0.02718002768715233	4.320995953011326	-4.050673524602644e-06	-4.844346044225248e-05	False	False	False
333	4.321002300312102	0.037291411854813224	3.405994356568391	7.456024046367123	1.1428393536223176	0.9085040966484109	-0.051444738411593124	0.543420112647412	297.3264759419268	2.038515484779358	4.234926201895564	0.044937082658524474	4.3085648840708055	0.03783869345497183	4.308564884070806	-0.012437416241296795	0.000547281600158607	False	False	False
334	4.321004934872404	0.03445588349421717	2.8899138646888756	6.790465877426718	1.1428393536223176	0.9085040966484109	-0.051444738411593124	0.543420112647412	211.21528294445713	0.7103816848981565	4.2582932513643765	0.0957534402503704	4.32100493613904	0.03445588350071678	4.321004936139041	1.2666365734048668e-09	6.4996133475325735e-12	False	False	False
336	4.32100266545991	0.05645160980915585	2.9958314382879307	6.40455936270653	1.0832844863122846	0.5424623935878883	-0.09235346530818819	0.5151017732414913	122.03507962886583	0.5777758026201029	4.328420707023568	0.16984390800539542	4.320292827222054	0.047769102661109564	4.320292827222053	-0.0007098382378565304	-0.00868250714804629	False	False	False
338	4.320989442602441	0.04896971467391629	3.572788005835128	5.950452298569551	1.1328842777411037	0.716136900970614	-0.2474634325221248	0.5386864740658948	168.2647343757872	1.378822670395393	4.1550637791771186	0.04960121801904702	4.321020547868183	0.0001132365354143753	4.321020547868184	3.1105265741793175e-05	-0.04885647813850191	False	False	False
339	4.320995211618043	0.04678019608394515	3.150756724214337	5.766790340625705	1.0408534124501634	0.7214885048960671	-0.27721288487430173	0.4949257976200527	358.02855295191534	2.127769400285189	4.205679622023856	0.05189031529907596	4.32101491618042	8.502850136124858e-05	4.32101491618042	1.9704562377320656e-05	-0.0466951675825839	False	False	False
340	4.3209879596466285	0.043588170992721165	3.1500454615536038	5.68266293397121	1.0049288715739657	0.16825175181836072	-0.37657639226323636	0.4778436784334207	435.7259685361115	1.2170145787077247	4.137614081976833	0.04580017804320964	4.321250095873913	0.005395717098115338	4.321250095873913	0.0002621362272847705	-0.03819245389460583	False	False	False
345	4.320984600387591	0.05078068531688307	2.326702643574211	5.634331324289982	0.914694685928072	0.22209394288661366	-0.3193551300138051	0.43493732315879824	128.03527626833392	0.29384357489292673	4.216406166382821	0.05519876657473221	4.32172332195619	0.005799729642842311	4.32172332195619	0.0007387215685987769	-0.04498095567404076	False	False	False
347	4.320995602893837	0.04907677654552556	2.8266314137635704	5.630476448970352	1.1391010710559604	1.7653695622947263	-0.12541707205503086	0.5416425592871091	161.27096585942178	1.2595822851308036	4.329618179581479	0.049176195341697954	4.316563964839891	9.992674550072926e-09	4.316563964839892	-0.004431638053945974	-0.04907676655285101	False	False	False
349	4.3209987362856	0.05355873791862223	3.3176311493258646	5.1299214605642165	1.1594524391355596	0.9321693914988796	-0.06336772418215361	0.5513196348089586	145.08456604439937	0.8996322758485125	4.181986488264545	0.05465438253744173	4.321439474195414	9.92732921649877e-09	4.321439474195413	0.00044073790981435934	-0.05355872799129301	False	False	False
354	4.321003242836238	0.04144540356477811	3.2002893656995655	5.258726769555833	1.137438473960144	1.828623063666446	-0.06580357457618456	0.5408519943680484	181.1334799856867	1.248468289385485	4.321003242836238	0.04144540356477811	4.346826673239433	9.90962497021248e-09	4.346826673239432	0.02582343040319479	-0.041445393655153144	False	False	False
355	4.321000566328436	0.04378708446493076	2.204545618284418	5.400332695972002	0.978952456983039	2.369010070151355	-0.32288161740733134	0.46549189329543506	313.06694379712627	1.7283770168930948	4.54790924505442	0.0440002201380003	4.32100068803915	9.928944374700073e-09	4.321000688039151	1.2171071350763896e-07	-0.04378707453598638	False	False	False
358	4.320993220956158	0.05383231729571892	1.992140443329844	5.3748171973802465	1.095578457131656	1.8359154923622354	-0.3587430146551379	0.5209475563661025	139.20102274385266	0.44463660409339717	4.4473886726424885	0.05354628047386451	4.32203342842108	9.948543112113989e-09	4.322033428421081	0.0010402074649222826	-0.053832307347175805	False	False	False
360	4.320998856518263	0.04988167952041795	3.0069198890718756	5.957783599938039	0.9921062026154	2.167977700145658	-0.32975838732897955	0.47174649934362267	234.31932383043974	1.6833161079686654	4.449307314316323	0.051296096025649204	4.320995833808605	3.949167606826261e-06	4.320995833808606	-3.022709657685141e-06	-0.04987773035281112	False	False	False
364	4.321007240506559	0.04301706132168662	3.114869184031598	5.970225847932148	1.1458140871401143	1.382111181621015	-0.08790127040516023	0.5448345984351244	184.92357644141075	0.7891947339999444	4.25258135993839	0.04217851148476017	4.321006980418983	5.757105992839698e-07	4.321006980418984	-2.6008757636475366e-07	-0.043016485611087334	False	False	False
365	4.3209964332992685	0.03511140173556033	3.4077333823617284	5.853235872719453	1.137476450066698	1.8551787810045646	-0.06617806714070479	0.5408700520067149	173.87353545867677	0.940245364082957	4.281220030541073	0.03557213262824937	4.320926941176062	1.0542525618033343e-08	4.3209269411760625	-6.949212320694897e-05	-0.03511139119303471	False	False	False
369	4.32100900883862	0.03294634113336497	2.818855331519992	5.43130689398271	1.1534934139118789	3.370487107353744	0.013246717120476252	0.5484861183150984	132.74495227225233	0.7634569109213336	4.458554609719729	0.04126251496252489	4.268140184463355	9.96844343445386e-09	4.268140184463355	-0.05286882437526508	-0.03294633116492154	False	False	False
371	4.321016762242199	0.03586612374929492	2.5743155680087653	5.2672110173090605	1.1401889509425427	2.9435023087945726	0.1570515660557253	0.542159846173179	65.57704477030298	0.4940078221265106	4.426502285211483	0.03660076574728467	4.269515116981349	9.945999415515576e-09	4.26951511698135	-0.051501645260850104	-0.035866113803295505	False	False	False
379	4.321006631120684	0.028266298573109597	2.447100372667059	5.035510186141544	1.071774950937142	2.341792989128428	-0.19467645546121318	0.509628989170611	73.28721900768733	1.117574286313005	4.465838079571014	0.02888104884149595	4.328181090678848	9.988036293617663e-09	4.328181090678849	0.007174459558163981	-0.028266288585073303	False	False	False
381	4.321012969424618	0.022527667275682402	2.8600419485065234	5.334849877604401	1.1419057232059524	2.1953598743820084	-0.09333541122621686	0.5429761713844303	13.376672741127035	0.18252395059121992	4.367100693409637	0.025119141421923407	4.321032442713451	9.909876540347704e-09	4.321032442713453	1.9473288833005142e-05	-0.02252765736580586	False	False	False
382	4.3210168534320745	0.025550302826731985	2.8687083725196136	6.1052046672175795	1.1524656696154791	2.823783665612333	0.13562979400508296	0.5479974259021603	15.66378617117111	1.1709777516655742	4.419068584182059	0.03016200701148892	4.321020307979973	1.618166437869008e-08	4.321020307979973	3.4545478984071565e-06	-0.025550286645067605	False	False	False
387	4.321016623916293	0.01834738234290014	2.451860374271564	6.542690173332915	1.0768634990631192	1.315128289169963	0.0234799444646967	0.5120485938045132	3.681040426414522	0.23500323524521832	4.31545107294492	0.03793017965325925	4.321810075042594	0.005480949203135278	4.3218100750425945	0.0007934511263005817	-0.012866433139764863	False	False	False
388	4.3210033835152135	0.025090796020097252	2.450637018560905	6.11912746068329	1.1596212352609938	0.7272250047041805	0.07179728309970085	0.5513998973666026	98.24058804551726	26.68826654023125	4.213003753265013	0.027859353090349256	4.321042080307118	0.0004272780553862954	4.321042080307119	3.869679190415809e-05	-0.024663517964710956	False	False	False
391	4.320994418880873	0.03265413633405564	2.1622882414749287	6.761068017929857	1.0768634990631192	1.315128289169963	0.0234799444646967	0.5120485938045132	158.11155184227943	1.6094320584585924	4.3934769141852925	0.10041910310696232	4.3209955022571105	0.031505895732354045	4.320995502257113	1.0833762376094569e-06	-0.001148240601701593	False	False	False
395	4.320988695431368	0.0346593977598711	2.056608746872161	6.376613487439639	1.0644540393904245	1.559856201674937	0.08021728454795402	0.5061478957301468	106.23772638697626	0.6719162840989081	4.655515644501329	0.20224607455986812	4.3221811447738405	0.008666052932359334	4.3221811447738405	0.0011924493424722016	-0.025993344827511762	False	False	False
397	4.320995568550265	0.040003554880069014	3.0304866112042332	6.098000294840166	1.1521224031698785	0.7060023038948668	-0.07098001792265238	0.5478342027072772	307.40415955938914	2.8935498717249843	4.173550799378436	0.040395324640930444	4.321084312030105	0.0005102160775421678	4.321084312030107	8.874347984022535e-05	-0.039493338802526846	False	False	False
400	4.320999674310475	0.032559867389237204	2.992872842477213	7.142268098895226	1.19258377490897	0.6293450182787851	0.0789594922625057	0.5670735849692152	370.61746029304953	1.205635801494247	4.122079975462534	0.041613559331233764	4.26784831325433	0.029755637500929615	4.267848313254329	-0.05315136105614471	-0.002804229888307589	False	False	False
402	4.320991251393566	0.04339137659557955	2.6588182104313325	8.29968470312572	1.1118994097395336	0.3672074421678362	0.1934502900714381	0.5287081693311482	387.18808272256564	1.0447108520370672	4.305207563566438	0.043380315479288264	4.320991251097477	0.04339137651461076	4.349475995617875	-2.9608848706175195e-10	-8.09687941694115e-11	False	False	False
404	4.3209835317225895	0.04078307384242942	2.3288374942393313	7.478262948479289	1.0831952872991972	1.5243525552068111	0.004661859336783092	0.5150593591107683	49.806948598639956	0.12863760746047664	4.380229971718646	0.0409815870723364	4.3210695016948355	0.03252523725106571	4.321069501694835	8.596997224596947e-05	-0.008257836591363713	False	False	False
405	4.320985678124756	0.03664755531324529	1.6967634816357544	7.8380024193608335	1.183423449153355	0.23626114458824654	0.11286154788772085	0.5627178500724203	167.11148006072742	3.35518406091014	4.274909369918914	0.0366440183912277	4.325000580516178	0.03628486462015648	4.325000580516178	0.004014902391422659	-0.0003626906930888074	False	False	False
406	4.3209849222680266	0.03610023004956228	1.6078556415393643	7.662468172867073	1.1863857767816346	0.3208622753582907	0.058275457105689266	0.5641264368596672	96.82066631549162	0.5793777081042398	4.287741685423727	0.036103046297038394	4.349714165550535	0.034520277991880295	4.349714165550535	0.028729243282508143	-0.0015799520576819867	False	False	False
409	4.3209959715612	0.03368022890283645	1.6841420089044803	7.990981563366551	1.0989891713553752	1.8073863414083657	0.02638023558501465	0.5225693509794809	167.09966870407567	1.7258677828097035	4.418529434660592	0.037002433838329726	4.320995976003545	0.033680228974122976	4.320995976003545	4.442344270216836e-09	7.12865252938677e-11	False	False	False
424	4.3209975075002935	0.03141687794680957	0.8958454453942988	7.583625588978462	1.1702979616665943	1.388535470089312	0.11018785307935314	0.5564766807724656	191.60117968607724	1.1466281242328038	4.407450145850462	0.03915370309302884	4.321413597181134	0.029772578388781303	4.3214135971811345	0.00041608968084005937	-0.0016442995580282678	False	False	False
427	4.321011321172752	0.03855272262678931	0.6883077318832576	6.670097311045313	1.136353688599944	0.9522634372654943	0.08494111135785239	0.5403361789292733	160.3007173008596	0.8366374234412288	4.550947362955358	0.1526788160846417	4.321011322357157	0.03855272268267887	4.321011322357157	1.1844054625953504e-09	5.5889556871413504e-11	False	False	False
432	4.321009647616481	0.042626230554565145	1.2732375941675174	7.344602353119342	1.1166095980965822	0.6242225621705777	0.13213163166164124	0.5309478638949249	281.29647650251457	1.7548048520242407	4.313643799913008	0.04985256649452861	4.321033403809381	0.04224453077555817	4.321033403809381	2.375619289995967e-05	-0.0003816997790069762	False	False	False
433	4.321003952930709	0.03271746782377369	1.0047199607030017	7.827218270404324	1.0841456974889656	2.05738150216259	0.011662894212780855	0.5155112791560031	185.4696151496849	0.6593385649749756	4.4140444842403435	0.03272573567499552	4.2679809819197665	0.027522614191805163	4.2679809819197665	-0.05302297101094222	-0.005194853631968525	False	False	False
439	4.320981614010824	0.031294814034716206	1.1619106400252008	6.764952590139166	1.114984206707958	1.5377313578537641	-0.031146439145077406	0.530174990289634	19.277136386161516	0.10393689753765721	4.469395242081733	0.06300568403714478	4.32133730790911	0.011546628447991177	4.321337307909111	0.00035569389828626896	-0.01974818558672503	False	False	False
441	4.320979023824447	0.03936050500536126	1.4710003918908152	7.051530354549285	1.1553575535454517	0.04028241842524735	-0.18384817653719931	0.5493725167108623	49.03388880504112	2.5436292934173093	4.2651899623244525	0.04197193039498003	4.320979022752754	0.0393605050056926	4.320979022752755	-1.0716929566001454e-09	3.3134606169937797e-13	False	False	False
443	4.3209927201211755	0.03321023429042429	2.0180054662430034	6.7791503123967045	1.031724414848425	0.7639003784433561	-0.2716132326949378	0.49058495926042606	236.80198227233674	4.829353494964718	4.3105077373937055	0.06137050429972624	4.320993626300726	0.033167346743759596	4.3209936263007265	9.061795500642233e-07	-4.288754666469108e-05	False	False	False
455	4.320998815943337	0.04755166438288561	2.615971606411834	6.837439443011532	1.19258377490897	0.6293450182787851	0.0789594922625057	0.5670735849692152	355.0199497449601	1.4992271024854238	4.229385943204709	0.09965352951991299	4.320998819801226	0.047551664163054515	4.320998819801226	3.857889119274205e-09	-2.198310977696849e-10	False	False	False
457	4.32100563458245	0.03298664298923011	2.6240747337735435	6.460216584350354	1.1118994097395336	0.3672074421678362	0.1934502900714381	0.5287081693311482	441.37199094360466	1.243231517723661	4.174192017561991	0.07578630823792805	4.320983602981783	0.03350937862701965	4.320983602981783	-2.2031600667382634e-05	0.0005227356377895398	False	False	False
462	4.321007966480799	0.025519225000295413	2.7460950267058437	6.029565990668358	1.1005536056361618	1.2672833876734086	-0.2417130789632565	0.5233132394799949	63.696594773901474	0.1443149907127663	4.285749508283566	0.02587917429623334	4.321009177212323	1.1248986829816117e-05	4.321009177212325	1.2107315239262562e-06	-0.025507976013465595	False	False	False
467	4.320991263561953	0.02304995673544876	2.544100315739849	6.560170285118186	1.0108239455434038	1.1863884446514468	-0.3073404467494885	0.4806467861058885	48.37413223509093	0.7594461274861016	4.32507410153628	0.0243167230748569	4.321148248995351	0.006110287182103119	4.321148248995352	0.00015698543339848214	-0.01693966955334564	False	False	False
469	4.3209958713551275	0.03134378296160556	3.346136833933101	6.633000036639836	1.1431505189386724	1.1781597782869258	0.060360754855065826	0.5435680717553387	169.6463530171011	3.5069642633101012	4.37025403963682	0.16840916504006648	4.321171129561089	0.027805444937408767	4.32117112956109	0.00017525820596109298	-0.0035383380241967924	False	False	False
473	4.320989687698099	0.04245946007396741	3.2917311891582077	7.229341586833418	1.0773246674448878	1.717297439230369	-0.060534860034862	0.5122678793700441	139.63175505539468	0.8230754895233097	4.357751474093612	0.04288798594863749	4.296893534115123	0.026424471164902093	4.296893534115123	-0.024096153582976676	-0.01603498890906532	False	False	False
474	4.320988712059578	0.04507786186670446	3.2379801327421727	6.301478360635447	1.0408534124501634	0.7214885048960671	-0.27721288487430173	0.4949257976200527	204.07357531509757	1.461512642551385	4.698824872876347	0.27394000325944856	4.322394246786285	0.04614231574029223	4.322394246786286	0.0014055347267065699	0.0010644538735877646	False	False	False
476	4.320987725590211	0.035606753437972705	2.6404158132264364	6.505158381494934	1.0795604238207992	1.3486830513044148	-0.18413237727645076	0.51333098152679	96.33537322422002	0.4720619662564075	4.321721690881856	0.04777868119537549	4.321960278449584	0.0043594391477182965	4.321960278449586	0.0009725528593733657	-0.03124731429025441	False	False	False
478	4.320989695661288	0.04725808914525087	2.687903745575309	6.157353816577367	1.0795604238207992	1.3486830513044148	-0.18413237727645076	0.51333098152679	126.24019975777628	1.3104241519255129	4.314296471000145	0.04685016520793726	4.321039839539282	0.00020202787173841731	4.321039839539283	5.0143877994734964e-05	-0.04705606127351245	False	False	False
492	4.320985744368276	0.031105725612149842	2.9099818432798568	6.649141495836657	0.9942393688465365	0.6087918277473653	-0.33344580187325223	0.47276081988652807	106.94620759508746	0.8471644357367207	4.218885911279969	0.03894661486048377	4.321014855927029	0.022976546583990513	4.32101485592703	2.91115587529589e-05	-0.00812917902815933	False	False	False
493	4.320988345639527	0.03700566417874749	2.9185506565738937	6.685837824984166	1.1211714374478357	1.6293633253555442	-0.1341889577227002	0.5331170185064458	97.89716409386038	0.9153869622428505	4.477607603303467	0.1628852837834187	4.321799785710861	0.016814157116686306	4.321799785710863	0.0008114400713346015	-0.020191507062061183	False	False	False
496	4.320994905850583	0.03970018022630462	2.0041978877417357	6.388619903346553	1.1483283771996362	1.0585597316788846	-0.07818273033348737	0.546030143358427	244.61216163046086	2.498664429093526	4.328239826380704	0.06702244459923541	4.320723761170514	0.002455136456151719	4.320723761170513	-0.00027114468006850245	-0.037245043770152905	False	False	False
503	4.320989800962142	0.046494630040662475	2.1709167527029307	6.749671289848717	1.0465529694591678	1.5339075199943675	-0.11718519169146646	0.49763593697783426	116.86355299310418	0.4777503792703964	4.559093015857864	0.1690226649365579	4.321015714019484	0.046040259664678125	4.321015714019483	2.5913057341675483e-05	-0.00045437037598435037	False	False	False
509	4.320991249559985	0.0279329525564403	1.1333368507088086	6.348110973485938	1.0386603680587818	1.7137297439794548	-0.25568987720718994	0.4938830050119507	75.41657495802178	0.6453387136233306	4.571833165828428	0.10161901927125039	4.3214919979924025	0.0023259609573119595	4.321491997992405	0.0005007484324170974	-0.02560699159912834	False	False	False
512	4.320999313806593	0.0336682572400402	0.9149495311164644	6.325976689119012	0.9894910794898528	2.1950639484463994	-0.2304699136807727	0.470503008297425	190.71738865256785	2.528852427450127	4.621083034088582	0.036482106816989636	4.3211121042401235	0.0007084220642521073	4.3211121042401235	0.00011279043353074059	-0.0329598351757881	False	False	False
527	4.3210009053120615	0.03646610583129349	2.066795611315004	5.96429437987976	1.0300866422759014	2.5018943586472053	-0.22826421767303723	0.4898061984021911	219.5847754910784	1.151362112508255	4.539205016045435	0.03318017934130929	4.321006485182912	9.189681914712699e-08	4.321006485182913	5.579870850702662e-06	-0.036466013934474344	False	False	False
529	4.320993615932147	0.040869947757885404	2.159668205844327	5.4815944876476115	1.1686228197338	2.4170400561409475	0.14057131354533592	0.5556801507834219	240.5136472808658	1.095311124111324	4.439756921875978	0.04063110338250871	4.320963380445026	9.968140420134258e-09	4.3209633804450265	-3.0235487121110793e-05	-0.04086993778974499	False	False	False
530	4.320998140386336	0.04027091904987818	2.3761384782777055	5.882863802504177	1.138016719283757	1.96450722162137	-0.04854215620534175	0.5411269500194263	219.8574351741761	0.9141162576834241	4.389813235862017	0.04177831235052599	4.3209243003077225	1.108685454266889e-08	4.320924300307723	-7.384007861332975e-05	-0.040270907963023635	False	False	False
533	4.321009519682841	0.045436993789174665	1.9638304904971702	5.964605449447241	1.0335340259944061	3.407715402207439	0.02459976210082721	0.4914454293603401	132.89331497766548	0.6044522209239108	4.664119769499966	0.056342394315361005	4.321001108848969	1.8932523875553918e-08	4.32100110884897	-8.410833872041223e-06	-0.04543697485665079	False	False	False
536	4.3210055818537185	0.06022881563233762	1.5749931038909815	6.507751308483804	0.9686041946167757	3.235916903055328	-0.3787345166256687	0.46057129454027684	52.54293903347233	0.39537684075608226	4.882000656867591	0.15087019943198093	4.321097978667174	0.0040252923451709	4.321097978667175	9.239681345540873e-05	-0.05620352328716672	False	False	False
543	4.320992967794178	0.0470207526295192	1.612644460401052	6.311901592509884	0.9953182384180779	3.9725261009857067	-0.2623579073127212	0.473273822367796	168.4294607197906	3.205558421703306	4.795248484592155	0.021906794578645368	4.321005084074264	7.47609220664447e-06	4.321005084074265	1.2116280086793552e-05	-0.047013276537312555	False	False	False
544	4.32099968689863	0.05037482445516184	1.7264411730152947	5.146388211357041	1.0718252201531597	3.1129230266337444	-0.4052725127082661	0.5096528921828274	275.57039867130067	1.6361175621749224	4.631701224661068	0.028184998664795666	4.320988380094431	9.890156017530225e-09	4.320988380094431	-1.130680419869634e-05	-0.05037481456500582	False	False	False
