Iteration_step	Porb	eccentricity	Wdisk	logQ	primary_mass	age	feh	secondary_mass	posterior_probability	acceptance_ratio	inital_orbital_period	initial_eccentricity	current_orbital_period	current_eccentricity	current_spin	delta_e	delta_p	bad_solution_flag	gsl_flag	
1	4.321	0.0414	4.1	8.008008008008009	1.0167021828325085	4.3427981942174645	-0.14922773117426946	0.4834418879368578	144.7710332380716	0.0	4.641881805536782	0.06146858432919043	4.326947957632607	0.0510117608252175	4.326947957632607	0.005947957632606915	0.009611760825217502	False	False
3	4.3210118372167345	0.03967881359742861	3.902605866822475	7.3576621714128745	0.8866448818165347	4.1142818054451125	-0.3495023726935367	0.4215996413037622	101.40490635479834	0.7004502495194673	4.671826031221664	0.05601467622649494	4.254731717927528	0.036461101432766166	4.2547317179275295	-0.06628011928920685	-0.003217712164662441	False	False
8	4.3210068272619235	0.0559233444717967	4.204473687060484	7.8744954009839105	1.019528145393052	2.734820796723047	-0.2929782626554819	0.4847856331343962	44.299020218031195	0.43685282902423417	4.496149016624274	0.06415170789713968	4.319603914325021	0.055048753728959614	4.319603914325023	-0.001402912936902645	-0.000874590742837085	False	False
9	4.320992435573416	0.04692716114519104	3.5084817622631275	7.995236855469501	1.0634730569050774	2.443356318234378	-0.2004524537969643	0.5056814385583643	91.871783201541	2.0739010196922165	4.457089946453071	0.05295062831570437	4.320992435521334	0.046927161149491546	4.320992435521335	-5.2081894352795643e-11	4.300504397036775e-12	False	False
10	4.320989871364029	0.037775222229287905	3.6322657513720302	7.8408141106807845	1.1043686084041286	2.9332820022147446	-0.12191439124442048	0.5251272732961632	71.94658626463615	0.7831195145826816	4.479670870427715	0.04961471762417048	4.319581212805735	0.03791974360146251	4.319581212805734	-0.0014086585582937516	0.00014452137217460526	False	False
12	4.320987327012315	0.05483303076976308	2.4841208321251536	7.899363849211886	1.0357577997238157	4.148889938724183	0.1373216920650362	0.4925028337686743	29.738057611600667	0.41333521374061066	4.633201549744301	0.06739437025902162	4.320987327024175	0.054833031099771105	4.320987327024177	1.1860734616675472e-11	3.3000802784899363e-10	False	False
15	4.320986304604776	0.05697959065207223	2.8535903760707004	8.056839482589682	1.041684214835411	4.123651361071357	-0.028501911560607857	0.49532084415423794	14.583925068408828	0.4904128325691222	4.613437212483886	0.06735652424655002	4.320986304377237	0.05697959057281403	4.320986304377237	-2.2753887662929628e-10	-7.925820416643248e-11	False	False
19	4.32098304369897	0.04571838307223739	3.483535741128763	7.180796945321779	1.0017341483793154	4.379211649508594	-0.05270167723767119	0.47632458755436446	25.499211764040883	1.7484464329343241	4.82407334067139	0.13093467525241675	4.315475889286286	0.044274666976953515	4.315475889286285	-0.005507154412684123	-0.0014437160952838757	False	False
23	4.3209828108649715	0.051354862390407194	3.467466366869921	7.051205450649092	1.0441693774575105	4.661139247491213	0.06206393109208823	0.49650253898104624	18.470163998952987	0.7243425471292295	4.782844174243967	0.003737443133382306	4.321036732772824	0.0006382843628697352	4.321036732772826	5.392190785258322e-05	-0.05071657802753746	False	False
27	4.3209936459173175	0.05814635985697113	3.2797180435524074	6.391708515357319	1.0313086579212005	4.276044026377068	-0.09948595342163274	0.49038726684153083	28.795811678807645	1.5590447210127634	4.710851561296003	0.0965218905180192	4.3210058710650525	3.1142936369939744e-05	4.321005871065053	1.2225147735023256e-05	-0.05811521692060119	False	False
28	4.320997628686764	0.058322191585538294	3.226883554339868	6.170691779836685	1.1600912503808076	4.739576324778197	0.1321925313747711	0.551623389556074	48.360608568756646	1.6794320336643875	4.5840135957675905	0.021526046596595055	4.321104255033273	1.883323345395839e-08	4.321104255033274	0.00010662634650859815	-0.05832217275230484	False	False
30	4.320993840511459	0.0543678017529979	3.6813523504936043	5.877412363486581	1.0816574669337928	4.6159534822662165	-0.279616015253698	0.5143281255270185	57.575469101048164	1.1905447595679095	4.62820499841579	0.030199616440672074	4.321035980726699	1.4556363031903335e-08	4.321035980726699	4.214021523996081e-05	-0.05436778719663487	False	False
34	4.3210009166646275	0.04543230830819604	2.9668713772789457	5.638187441593682	0.9479252413131798	4.732015627308697	-0.25462799590225926	0.45073845224441694	151.64969281894741	2.633928914288023	4.822212529608334	0.03847580128517239	4.320993717062286	1.826453064491299e-08	4.3209937170622865	-7.199602341856348e-06	-0.0454322900436654	False	False
39	4.320989020690891	0.04198253073509583	2.2187733183073712	5.923882237562272	0.9529498604542925	5.057234808823434	-0.49268143915134294	0.45312765864601606	125.46479538806436	0.8273330005215054	4.932426470533649	0.0027629731549114367	4.3209917481749125	2.43078571167043e-08	4.320991748174913	2.727484021747273e-06	-0.04198250642723871	False	False
41	4.3210006473190115	0.03753083822193183	2.6129819271686823	6.143847647205771	0.9139495708258186	4.361574221343374	-0.5101935097658847	0.43458302092767676	248.75974494307172	1.9827055404159737	4.850096428898494	0.0016943979585532128	4.321001107418097	3.0857442712553577e-07	4.321001107418097	4.600990859415788e-07	-0.0375305296475047	False	False
42	4.320987184932357	0.03798802976849751	2.5312652632029877	6.617833519521926	0.9139495708258186	4.361574221343374	-0.5101935097658847	0.43458302092767676	97.2431322596817	0.3909118506369897	5.251915655029007	0.22515814400606507	4.31532398263253	0.013060477473056432	4.315323982632531	-0.005663202299826864	-0.024927552295441077	False	False
44	4.320991310571792	0.04575059371022784	3.3059357265957012	7.184402167600982	1.0190426583564745	4.642627388152039	-0.21668112346823637	0.4845547840485036	88.4681842188377	0.9097627993161405	4.314773450535188	0.045816428906175106	4.326467836968325	0.007870168180243725	4.326467836968326	0.005476526396533288	-0.037880425529984114	False	False
48	4.32098935096307	0.028485122340933137	3.4690207631379604	7.720475646321103	0.9935749671186962	6.450922129610402	-0.12794336375200616	0.47244489686494	47.37021327459336	0.5354491413253933	4.855147565474091	0.049780727935501964	4.320989351377189	0.028485122434870697	4.320989351377189	4.141185172557016e-10	9.393755912023849e-11	False	False
49	4.321013982539406	0.048864112140885374	4.3503378766150105	7.701839675735599	0.9065114033080829	6.86540991650471	-0.3433977490292393	0.4310461722729934	58.31068363025465	1.2309567468535998	4.943830034068996	0.07265821477461451	4.321013986869554	0.04886411257574544	4.321013986869555	4.330147795883477e-09	4.3486006462423177e-10	False	False
54	4.3210112217042385	0.03699500647778795	4.384518876877348	7.975864897064399	0.947278358063099	6.181662722589266	-0.5743196742337493	0.45043085925900356	327.57250711006117	5.617709941237926	4.785968722086016	0.04913394673051314	4.321623035805477	0.03641619634461638	4.3216230358054775	0.0006118141012381173	-0.00057881013317157	False	False
56	4.321016125719661	0.03320239374192555	3.9516256635120444	7.593741970914983	0.949460123230584	5.8297771057111865	-0.44986535265147476	0.4514682885961427	68.95009634418076	0.2104880441660942	4.854747910226554	0.07999775640696033	4.324236928193507	0.04367703036584899	4.324236928193508	0.0032208024738462626	0.010474636623923436	False	False
57	4.321019544645447	0.04261643395268604	3.3408700358791203	7.813216560147657	0.9326136525792665	6.355670091047417	-0.38911955485906535	0.44345779180144124	41.89707535238039	0.6076434635165874	4.861874043482752	0.060298738822584776	4.3210195505216165	0.04261643396998851	4.321019550521617	5.876169772989215e-09	1.730246501630006e-11	False	False
62	4.321007689467789	0.04934637984430382	2.9898124631528447	8.649464843044237	1.1286867838757182	5.292035172573761	0.05354744295995495	0.536690565732904	180.81412138794295	4.315674062382255	4.5315427189178346	0.054803884887537506	4.321007689184715	0.04934637978307307	4.321007689184715	-2.83074008677886e-10	-6.123074963726438e-11	False	False
65	4.320997288846315	0.052630484735994944	3.2322870827140284	8.07497324042587	1.1516925322928029	5.673069818706767	0.12057716655411768	0.5476297991052278	268.1775425101386	1.483167025072972	4.700647336866014	0.0811095940731559	4.3106536259600245	0.04998416041061953	4.3106536259600245	-0.010343662886290517	-0.0026463243253754126	False	False
73	4.32099562288938	0.05065151564191399	3.3430217189787346	7.9892965665277025	0.9209434554157881	6.391620393853819	-0.2799838153522285	0.43790861305020723	207.43386825764168	0.7734945525865556	4.740150699322107	0.06196101706652835	4.320995636410092	0.050651515741745354	4.320995636410093	1.3520711661385576e-08	9.983136539659654e-11	False	False	False
78	4.320985375682623	0.04437091897415473	2.9511933823385057	8.01226245301826	0.9514883902695461	6.406625872404485	0.013550058989091146	0.45243272957316916	98.3667778665325	0.4742078942690149	4.715540280306335	0.05366240913904483	4.320985375476421	0.04437091897867645	4.347742313132021	-2.0620216645284017e-10	4.5217163346933376e-12	False	False	False
88	4.320987119526591	0.04618941231360815	2.2124049676399213	8.54830823126005	1.117560866845306	5.92584267400538	-0.06042000150955955	0.531400192184943	112.805036836055	1.146779830372332	4.636088414088259	0.05585814386064791	4.320987119316845	0.04618941227579468	4.320987119316846	-2.0974599834744367e-10	-3.7813474573766825e-11	False	False	False
93	4.320989580428011	0.036774243705382986	2.2409252556000596	8.185716247661048	0.9885309186402752	6.550859447072439	-0.14677702909119403	0.47004645181345084	167.62482509381059	1.4859693307616026	4.709461257148947	0.0446941862286183	4.320989581052626	0.03677424382314025	4.320989581052628	6.246150263677919e-10	1.1775726227458705e-10	False	False	False
94	4.3210009200252415	0.035071901576602435	2.401208574056622	8.458144653563371	0.9926690238174248	6.765885452582358	-0.2676832524465147	0.4720141208251855	273.79644965356624	1.633388428595449	4.603902713071638	0.04029378980489021	4.321000920423836	0.035071901548399675	4.339409388319953	3.985949348361828e-10	-2.820275957216012e-11	False	False	False
103	4.321017404064873	0.036464235083695576	2.183035340557826	8.077898295664642	1.0312473613697684	6.482966173212743	-0.06870401268909956	0.4903581203313248	54.875591903177906	0.2004247753125061	4.789984272646534	0.049797085989548656	4.3210175068390795	0.03646448930838301	4.32101750683908	1.0277420692261785e-07	2.542246874334686e-07	False	False	False
112	4.321019548244749	0.05042114446034032	2.898342322969908	7.977017365017163	1.0456500697616669	7.280722937410702	-0.0012113989221833876	0.49720660817167256	35.990920085834375	0.6558639066588383	4.891758367348161	0.08410082574546722	4.321019515293922	0.050421143950591246	4.321019515293924	-3.2950826955868706e-08	-5.097490762828727e-10	False	False	False
120	4.32101459481113	0.04178641202962856	2.791417387304932	7.815922853155385	1.0146407269168993	8.38784417508652	0.049122569356543744	0.4824616656489856	238.36899149439108	6.623031334734075	5.00864203748718	0.0822444099314775	4.32101459485075	0.04178641203576311	4.321014594850753	3.9619862945983186e-11	6.13455120035411e-12	False	False	False
121	4.321014224193362	0.04737239798267758	2.111023036652634	7.834825638957277	1.0025564798842612	7.849681727677353	-0.023125533671559173	0.47671560618496617	160.0269990857834	0.6713415116728758	4.9339932997966445	0.02218719072879361	4.302189709528397	0.01242653728053658	4.302189709528398	-0.018824514664964376	-0.034945860702141	False	False	False
122	4.3210131863869625	0.037302046645263424	1.922279290097581	7.824022283102221	1.017628706948314	7.384156127696492	0.012823824592559978	0.48388245015392334	185.6337447645146	1.1600151588483176	4.921067674608312	0.06583266299529182	4.321013186446183	0.03730204664895394	4.321013186446182	5.922018431192555e-11	3.6905131728381946e-12	False	False	False
124	4.321009690496279	0.04171113017185714	1.9517611665890615	8.043605463284058	1.0018541943499795	6.1382240965414	-0.1488496503621189	0.4763816694134152	186.35473719646836	1.0038839513412197	4.7713290283241525	0.05449168004019932	4.321009694606648	0.041711130221943796	4.321009694606648	4.1103689341071e-09	5.0086657044090543e-11	False	False	False
125	4.321014613589762	0.04248099113322293	1.9261432799258016	8.08331584381317	0.9490840893632353	6.636000784468658	-0.17627718427155975	0.45128948449221834	98.89303259811874	0.5306708811692761	4.723853296382846	0.05162091980578486	4.32101192393622	0.04247423234923256	4.321011923936221	-2.6896535416653933e-06	-6.758783990368222e-06	False	False	False
127	4.321007890753276	0.05711259232910531	2.7442211241866543	7.805488083761969	0.9172127267537625	6.470441939150678	-0.3015361463557344	0.43613465157141407	74.10100670463791	0.7493046249857601	4.873322296637385	0.07739421990600961	4.3210078900381585	0.05711259232037307	4.321007890038159	-7.151177427999755e-10	-8.732237155584244e-12	False	False	False
130	4.321014148250815	0.05035573411091632	1.9312704862417567	7.790725202869611	1.0382507331173465	5.258401264689472	-0.09455458395693017	0.49368822359729825	56.109606272154664	0.757204372348194	4.733782915937284	0.05064064223917185	4.317163712801612	0.031730943181022965	4.317163712801613	-0.003850435449202827	-0.018624790929893352	False	False	False
131	4.321013355369149	0.04601247149182419	1.2436633279621176	7.878234104991573	0.9961012211762055	5.838494974065377	-0.07986895902065617	0.4736461306692857	99.3856161931803	1.7712763071463946	4.804116623898878	0.06282818869622385	4.3210275755453855	0.04518311706415862	4.321027575545386	1.4220176236534599e-05	-0.000829354427665574	False	False	False
137	4.321011942954463	0.05078151861527047	1.3905065631270264	7.413161409415747	0.9073337977790822	5.493818668128845	-0.3618861695942557	0.4314372208439536	98.14949618800169	0.98756238525728	4.876431590716949	0.06302482447484124	4.321229559403091	0.03482089575508355	4.3212295594030925	0.00021761644862738905	-0.015960622860186922	False	False	False
138	4.32099317783077	0.05399855940781763	0.986542512940277	7.632562368963454	0.9490840893632353	6.636000784468658	-0.17627718427155975	0.45128948449221834	123.32195924976016	1.2564706293911234	4.95896672765652	0.09408034918920818	4.320993177739719	0.05399855939769043	4.3209931777397195	-9.105161069555834e-11	-1.0127197691556233e-11	False	False	False
143	4.320989503593808	0.04110122871776423	2.069811222763679	7.392537144526164	0.9025391140090218	6.6761829818026435	-0.30855462641869935	0.42915734871128985	152.50953288518966	1.2366778294230374	5.002767509067494	0.04104027335580398	4.3590179329223995	0.02010730117252002	4.359017932922401	0.038028429328591073	-0.020993927545244206	False	False	False
150	4.32099735116955	0.028268748398947167	1.852244506588958	7.438844601496576	1.001260876162128	5.650959791259007	-0.21500026568115238	0.47609954661509185	151.44880983103712	0.9930448737591305	4.79092937840581	0.02826732738952058	4.2709208622163395	0.00996033596802429	4.27092086221634	-0.05007648895321015	-0.018308412430922877	False	False	False
