Step	Time_elapsed
1	0.0
2	1582655294.9258814
3	1229.5244870185852
4	951.4330894947052
5	951.4330894947052
6	1130.540137052536
7	918.0714514255524
8	774.3683860301971
9	1014.7435669898987
10	1060.0008113384247
11	941.2164053916931
12	1750.838859796524
13	1492.721646308899
14	991.63108086586
15	755.6857213973999
16	838.9797255992889
17	953.6129496097565
18	994.75958776474
19	845.160276889801
20	967.2564451694489
21	629.9590916633606
22	726.6567661762238
23	809.9591863155365
24	819.2424788475037
25	648.9862718582153
26	1029.2257030010223
27	572.4852938652039
28	581.0861537456512
29	875.8685064315796
30	1151.3545627593994
31	807.8818514347076
32	529.866400718689
33	1100.106122493744
34	639.0286886692047
35	587.4080934524536
36	973.2706143856049
37	770.6145343780518
38	452.93148398399353
39	901.5212366580963
40	717.1867823600769
41	613.271283864975
42	773.0727298259735
43	807.9547536373138
44	869.2430830001831
45	984.0316293239594
46	914.786390542984
47	987.3276147842407
48	652.6924812793732
49	1120.5738906860352
50	1007.8113899230957
51	1232.2263944149017
52	803.7458446025848
53	2591.4976234436035
54	773.7388105392456
55	1513.9320666790009
56	509.7484726905823
57	1135.9417479038239
58	1009.8870069980621
59	641.5973117351532
60	690.0785582065582
61	815.6227648258209
62	575.0402376651764
63	768.2958557605743
64	669.9602963924408
65	744.3225412368774
66	692.5565555095673
67	1094.9583449363708
68	900.2814660072327
69	822.4172475337982
70	762.7885954380035
71	588.0147805213928
72	786.6396918296814
73	1069.5113487243652
74	719.6948416233063
75	663.7373113632202
76	587.4798736572266
77	578.1416387557983
78	1147.4354486465454
79	503.2032537460327
80	562.576865196228
81	697.267822265625
82	626.8206021785736
83	475.2554910182953
84	837.5298807621002
85	618.4117374420166
86	1007.1965146064758
87	1007.1965146064758
88	1007.1965146064758
89	1593.588190793991
90	1593.588190793991
91	1036.591355085373
92	959.3444292545319
93	742.6233270168304
94	411.1288878917694
95	737.3436455726624
96	442.56305265426636
97	759.1144337654114
98	542.8847284317017
99	693.5262837409973
100	779.7503728866577
101	993.2123279571533
102	1220.3308334350586
103	585.9974501132965
104	1034.9398367404938
105	1034.9398367404938
106	708.79798579216
107	860.2083384990692
108	1022.8755533695221
109	912.0815286636353
110	964.4226424694061
111	810.257248878479
112	856.6621301174164
113	992.1993086338043
114	738.6402134895325
115	681.5765714645386
116	743.465981721878
117	1065.8414056301117
118	1085.532331943512
119	814.3228950500488
120	980.0418565273285
121	934.7656843662262
122	817.1706473827362
123	597.6812605857849
124	504.9007902145386
125	957.2239027023315
126	653.3337879180908
127	558.821724653244
128	775.4658954143524
129	724.2889611721039
130	568.8918349742889
131	518.406697511673
132	976.4132347106934
133	732.0664513111115
134	578.3707656860352
135	898.5748016834259
136	630.471070766449
137	775.3059782981873
138	949.1745154857635
139	2723.465999364853
140	853.4318125247955
141	1053.8393046855927
142	1053.8393046855927
143	1445.6831266880035
144	920.7558641433716
145	835.8565194606781
146	1173.2216510772705
147	861.5228536128998
148	952.0224540233612
149	813.5097124576569
150	1057.096373796463
151	803.393313407898
152	1506.7319576740265
153	981.457052230835
154	932.1159429550171
155	765.2540419101715
156	844.5941126346588
157	538.4259011745453
158	886.1888856887817
159	833.8899385929108
160	670.8521084785461
161	811.3314232826233
162	746.0739204883575
163	540.8323788642883
164	614.5832071304321
165	1583.75616979599
166	557.3521962165833
167	778.0122792720795
168	896.3437609672546
169	1006.4959812164307
170	1110.9900324344635
171	989.9149086475372
172	1397.4980416297913
173	2950.028767824173
174	1299.2104403972626
175	1221.0198721885681
176	1364.964281320572
177	971.4557166099548
178	1227.2161042690277
179	1495.1296155452728
180	1220.0046689510345
181	1265.48544216156
182	2078.8937821388245
183	2210.783420085907
184	1164.1529750823975
185	1329.0799226760864
186	1171.0267758369446
187	1233.39271068573
188	1114.6913666725159
189	1275.774195432663
190	1453.9151220321655
191	3834.666640996933
192	1244.2736706733704
193	2446.8661901950836
194	1366.1421661376953
195	1423.7334847450256
196	1288.0614449977875
197	1300.8639945983887
198	1269.5016601085663
199	1098.7080223560333
200	1516.8576211929321
201	1266.9447104930878
202	1266.9447104930878
203	1505.0143642425537
204	1582861612.3568175
205	1703.9422225952148
206	1422.4111232757568
207	1422.4111232757568
208	1639.5054774284363
209	1236.9167640209198
210	1115.932282924652
211	1449.6744902133942
212	1167.149572610855
213	1929.4166481494904
214	1367.6679322719574
215	1452.090983390808
216	1721.9813544750214
217	1214.9961760044098
218	1547.8064873218536
219	1924.2612664699554
220	1395.4875450134277
221	2134.3472924232483
222	2044.5231416225433
223	1061.1668229103088
224	1148.4858553409576
225	1579.1079788208008
226	1388.9243710041046
227	2055.723517894745
228	2271.029044151306
229	1313.8524825572968
230	1335.4093453884125
231	1558.0818090438843
232	1516.0630028247833
233	1446.4778516292572
234	2117.3447439670563
235	1476.458561182022
236	1190.5618069171906
237	1765.7998859882355
238	1272.55131149292
239	1548.2201435565948
240	1425.3373556137085
241	1462.9393818378448
242	1280.0929889678955
243	3266.5689990520477
244	3266.5689990520477
245	1544.3577525615692
246	1185.9880800247192
247	1480.5130491256714
248	1311.4394524097443
249	1129.6995661258698
250	1451.6240475177765
251	1262.218786239624
252	1336.9390609264374
253	1133.2118799686432
254	1198.6285955905914
255	1402.879041671753
256	1778.5682866573334
257	1778.5682866573334
258	1030.8024671077728
259	1229.3394157886505
260	902.4385938644409
261	1385.6301774978638
262	1210.5325031280518
263	1070.1024310588837
264	1207.3606960773468
265	1207.3606960773468
266	2121.3343093395233
267	1200.6254000663757
268	1333.276251077652
269	1935.246280670166
270	1279.0965781211853
271	1395.9513368606567
272	1281.5903029441833
273	674.7006981372833
274	1955.3153586387634
275	1541.1846570968628
276	1487.7671747207642
277	1217.5682747364044
278	1180.6371853351593
279	1293.7931847572327
280	1648.1557593345642
281	1683.0532772541046
282	1255.6782023906708
283	1022.6896281242371
284	1312.1015815734863
285	1312.1015815734863
286	1273.3534626960754
287	934.3853094577789
288	1343.3226232528687
289	1227.6470658779144
290	1070.3754110336304
291	3823.513075351715
292	1897.7519369125366
293	1446.8895952701569
294	1483.7832040786743
295	700.9909427165985
296	1381.355440378189
297	1309.0105066299438
298	3116.6155354976654
299	1334.7898647785187
300	1343.672574520111
301	1132.5764756202698
302	1390.1627662181854
303	904.9609405994415
304	9503.639350891113
305	1159.7579424381256
306	1336.535673379898
307	1250.1496858596802
308	2953.7863552570343
309	1938.7365055084229
310	2204.0952649116516
311	1850.5073273181915
312	962.1412637233734
313	1127.4023101329803
314	1336.037778377533
315	1271.1927664279938
316	1983.8815896511078
317	1140.2150132656097
318	1397.0455706119537
319	1637.913327217102
320	1637.913327217102
321	1424.9504654407501
322	1203.156648159027
323	1800.621144771576
324	1274.1260449886322
325	1274.1260449886322
326	1138.6283566951752
327	1988.9429450035095
328	1224.8774921894073
329	2174.292361497879
330	1197.801869392395
331	1197.801869392395
332	1501.9878005981445
333	1303.275696516037
334	1431.708057641983
335	1031.0459806919098
336	1426.7325904369354
337	977.0937073230743
338	1483.014853477478
339	1295.125384569168
340	1339.736501455307
341	1417.555279970169
342	1289.9158508777618
343	1207.0548117160797
344	1455.229299545288
345	723.4540824890137
346	723.4540824890137
347	1238.0571687221527
348	1336.1617035865784
349	1593.1541085243225
350	1358.5779719352722
351	1358.5779719352722
352	3150.3899204730988
353	1031.1388170719147
354	895.970118522644
355	895.970118522644
356	1247.09757065773
357	852.525705575943
358	1461.0351793766022
359	1381.5841200351715
360	3621.5003547668457
361	3621.5003547668457
362	1016.7536544799805
