Step	Time_elapsed
1	0.0
2	1582658436.9567559
3	1460.4728696346283
4	2332.0153534412384
5	2882.965570449829
6	1679.9212787151337
7	2951.793387413025
8	1610.11186337471
9	1739.2492098808289
10	1269.04580950737
11	1582.472534418106
12	3585.702572584152
13	2035.5912885665894
14	1989.4643831253052
15	2347.1296260356903
16	1477.1406466960907
17	995.7331910133362
18	1302.4747049808502
19	4169.976967573166
20	3204.590563774109
21	2747.8835163116455
22	2652.2932438850403
23	1900.0465967655182
24	1480.94060921669
25	1214.6149282455444
26	3533.0075392723083
27	1883.3357388973236
28	1211.5776002407074
29	1262.0013678073883
30	1262.0013678073883
31	1833.422085762024
32	1217.5583357810974
33	1499.9971370697021
34	1408.6684591770172
35	2158.7854290008545
36	3907.5032572746277
37	4267.772274971008
38	3098.156344652176
39	2784.4654457569122
40	2216.9927401542664
41	1158.641520500183
42	1213.5910966396332
43	908.0004398822784
44	1065.6745841503143
45	1724.7015936374664
46	680.6081821918488
47	818.6290624141693
48	815.9449138641357
49	888.4636287689209
50	2182.9929673671722
51	1127.7926132678986
52	5052.827797174454
53	1964.1321153640747
54	9102.579677820206
55	2477.60640335083
56	2477.60640335083
57	2477.60640335083
58	2477.60640335083
59	1908.682663679123
60	1913.3852562904358
61	1813.9576597213745
62	1534.8727202415466
63	969.0665986537933
64	969.0665986537933
65	969.0665986537933
66	734.059983253479
67	2607.8863208293915
68	1553.4085392951965
69	1496.8328123092651
70	1136.0077767372131
71	1676.3981280326843
72	1225.6777338981628
73	1641.8673510551453
74	928.6206247806549
75	810.7156026363373
76	891.3926293849945
77	1579.8030552864075
78	822.583505153656
79	856.6818246841431
80	1315.5025346279144
81	558.7748732566833
82	589.4620625972748
83	600.7712600231171
84	1091.5360491275787
85	763.9874110221863
86	828.8948724269867
87	1109.8993062973022
88	582.0416576862335
89	612.4450840950012
90	2250.094658613205
91	542.5861172676086
92	606.5113496780396
93	225.33521485328674
94	241.90789651870728
95	527.1475360393524
96	2159.868935108185
97	3467.1616888046265
98	1519.8615765571594
99	1833.219604730606
100	1569.9678223133087
101	1002.4013118743896
102	815.8388526439667
103	791.2278356552124
104	749.7440731525421
105	477.20531702041626
106	1120.8387989997864
107	1208.7354111671448
108	1208.7354111671448
109	1505.4033980369568
110	1878.7998168468475
111	2683.94526720047
112	1073.2237117290497
113	1761.4587979316711
114	658.4254927635193
115	922.5355319976807
116	726.6602399349213
117	726.6602399349213
118	726.6602399349213
119	3355.4671330451965
120	362.2494776248932
121	556.4310381412506
122	1140.6854496002197
123	502.2106840610504
124	304.48257064819336
125	741.8937764167786
126	600.8053925037384
127	355.29067754745483
128	479.62616515159607
129	1582861356.112955
130	1491.4558718204498
131	192.8686170578003
132	1092.1111958026886
133	1162.2616682052612
134	1162.2616682052612
135	1180.8064353466034
136	1180.8064353466034
137	878.6729929447174
138	402.21418356895447
139	1265.9476928710938
140	627.4857151508331
141	518.6662228107452
142	941.838788986206
143	784.8076710700989
144	82.57673692703247
145	323.10150837898254
146	1606.7333130836487
147	936.9124641418457
148	5953.507733345032
149	604.6514971256256
150	604.6514971256256
151	1236.9535496234894
152	622.5020279884338
153	1227.7849810123444
154	1625.0647830963135
155	902.9115417003632
156	971.5598328113556
157	2353.4792342185974
158	1216.838073015213
159	1467.6510481834412
160	893.8458895683289
161	1319.368872642517
162	1044.9193892478943
163	1218.318371295929
164	1027.7806527614594
165	1426.1922645568848
166	4855.320550918579
167	1701.812031030655
168	1701.812031030655
169	2544.1755723953247
170	937.7391746044159
171	2220.0584111213684
172	1098.104495048523
173	1476.7198295593262
174	1365.692581653595
175	1141.4459998607635
176	2124.7306134700775
177	2124.7306134700775
178	1215.8617725372314
179	1215.8617725372314
180	1858.5175564289093
181	2251.248785495758
182	1372.2594559192657
183	869.0988926887512
184	776.586966753006
185	3454.191753387451
186	638.5968673229218
187	638.5968673229218
188	2339.5240972042084
189	1495.9807209968567
190	7085.696160316467
191	7481.430908441544
192	1966.3204221725464
193	1966.3204221725464
194	1966.3204221725464
195	10626.60377907753
196	10626.60377907753
197	10626.60377907753
198	12273.796226501465
199	1739.0741364955902
200	1739.0741364955902
201	2682.693194627762
202	2321.2122757434845
203	8011.8966698646545
204	8011.8966698646545
205	8011.8966698646545
206	8011.8966698646545
207	6658.376623392105
208	44085.997180223465
209	4194.534680366516
210	4194.534680366516
211	4194.534680366516
212	29690.0466940403
213	6344.327456474304
214	3832.8722009658813
215	3832.8722009658813
216	3765.3170261383057
217	3765.3170261383057
218	3765.3170261383057
219	0.0
220	1583418929.9767382
221	3887.5118231773376
222	3887.5118231773376
223	3887.5118231773376
224	3887.5118231773376
225	5272.12175655365
226	5207.121104955673
227	6612.586709260941
228	4519.675131559372
229	4519.675131559372
230	6451.809706449509
231	6451.809706449509
232	6451.809706449509
233	5161.130680799484
234	4137.697735071182
235	4137.697735071182
236	4137.697735071182
237	11365.103355646133
238	6413.694012641907
239	6413.694012641907
240	8392.437274932861
241	8088.972329616547
242	5797.73933339119
243	7299.024498939514
244	9706.491810560226
245	10983.644185781479
246	8556.38090634346
247	10639.614748239517
248	7743.8590388298035
249	9040.655524969101
250	8429.616916418076
251	8889.038787603378
252	9438.01125717163
253	47351.47298955917
254	47351.47298955917
255	7021.685969591141
256	9246.47982096672
257	7063.4326095581055
258	11886.572481155396
259	14444.416330575943
260	10851.901093959808
261	7519.976843118668
262	11083.627384901047
263	10763.083428621292
264	1584613218.5849395
265	8265.934707164764
266	8783.33191370964
267	8505.06945180893
268	8505.06945180893
269	8505.06945180893
270	10707.700871706009
271	7477.045681715012
272	5702.7866044044495
273	4269.517685413361
274	9341.590060949326
275	8876.0506336689
276	8876.0506336689
277	6715.351557731628
278	6715.351557731628
279	7255.040671348572
280	7255.040671348572
281	6918.941905498505
282	0.0
283	0.0
284	7189.317058801651
285	2015.0619671344757
286	2015.0619671344757
287	6514.815132141113
288	1747.5020546913147
289	4652.134099960327
290	20863.08062362671
291	2264.7652468681335
292	6425.97287774086
293	2958.241275072098
294	4534.253380537033
295	82568.55512213707
296	82568.55512213707
297	15595.883954048157
298	5658.759557008743
299	5658.759557008743
300	6413.606606006622
301	2051.3576703071594
302	2370.9821860790253
303	1004.2643373012543
304	1144.2932932376862
305	2984.8087878227234
306	2050.160665512085
307	1913.1537301540375
308	1363.1900868415833
309	2134.010431289673
310	1946.007821559906
311	2971.4677228927612
312	2498.6783266067505
313	1363.5735507011414
314	1572.375967502594
315	1197.1788885593414
316	1386.7862422466278
317	1921.9118885993958
318	1796.7986543178558
319	2844.826788663864
320	1584.5635166168213
321	1740.9423761367798
322	2763.1812047958374
323	1222.0794899463654
324	1299.9971361160278
325	1709.6437146663666
326	1319.4475119113922
327	1303.270849943161
328	1468.7623977661133
329	1732.6663665771484
330	1572.368032693863
331	1255.9087500572205
332	1143.447731256485
333	1698.447637796402
334	3055.9056100845337
335	1433.5401346683502
336	1904.468887090683
337	1261.4893655776978
338	2778.477920293808
339	1414.1928741931915
340	1015.6645274162292
341	9417.778462171555
342	1647.8166899681091
343	3022.4377546310425
344	12917.929186105728
345	12917.929186105728
346	5705.025990009308
347	8591.63610959053
348	2496.9454691410065
349	2759.53310918808
350	2759.53310918808
351	2389.624757528305
352	2450.2937211990356
353	1707.6372756958008
354	1754.101449728012
355	1116.81392121315
356	2076.1394879817963
357	2380.5258708000183
358	1676.408766746521
359	1629.5949964523315
360	1216.2997477054596
361	2066.6830744743347
362	2150.6073775291443
363	6019.49506020546
364	6264.131149053574
365	2049.9051434993744
366	3581.068053007126
367	1389.880671262741
368	4022.849276781082
369	2802.9699387550354
370	2802.9699387550354
371	2034.0121400356293
372	1491.5871903896332
373	3952.951581954956
374	9448.888822078705
375	9227.579950332642
376	2516.2630145549774
377	4579.519649028778
378	2267.48756814003
379	2452.5913274288177
380	2178.1319093704224
381	1822.7530117034912
382	3116.8020927906036
383	2337.697412967682
384	1687.6833431720734
385	1724.17227602005
386	1779.6753284931183
387	3478.246513605118
388	2194.8338329792023
389	3515.9479026794434
390	3045.4698362350464
391	3045.4698362350464
392	1702.5819890499115
393	2019.4126241207123
394	3346.9349007606506
395	2075.9066393375397
396	2283.3311128616333
397	2283.3311128616333
398	1678.452811717987
399	5760.171180963516
400	3737.330563545227
401	3737.330563545227
402	3623.499699115753
403	4572.854380369186
404	4960.6227016448975
405	5121.403091907501
406	2562.0939133167267
407	2562.0939133167267
408	4691.50918507576
409	6074.405635356903
410	6074.405635356903
411	6074.405635356903
412	6074.405635356903
413	5703.184870004654
414	6778.140146970749
415	3372.312846660614
416	4334.45233631134
417	8492.571868419647
418	6127.39272403717
419	5992.825469970703
420	4502.660897731781
421	4470.969666004181
422	4003.7359895706177
423	4003.7359895706177
424	4003.7359895706177
425	6267.982634544373
426	3658.15753865242
427	3658.15753865242
428	2384.231742620468
429	3181.3870062828064
430	2145.0534834861755
431	3337.380502462387
432	6210.478725194931
433	1474.4351599216461
434	3021.240005970001
435	2267.9132957458496
436	4059.9896154403687
437	2506.612553358078
438	3523.7650310993195
439	3269.8092455863953
440	5505.50449514389
441	2753.482267141342
442	3674.851233482361
443	4314.06174659729
444	5602.877057552338
445	3988.1471269130707
446	3988.1471269130707
447	3988.1471269130707
448	6511.337025165558
449	4069.989563703537
450	12017.229281663895
451	5148.8780772686005
452	4419.636486530304
453	3696.3563315868378
454	4118.967755794525
455	8212.836678266525
456	5523.298270702362
457	2285.803652048111
458	4583.868805646896
459	3467.1434202194214
460	4575.6877727508545
461	5387.201145887375
462	3130.1527082920074
463	7319.334304094315
464	4589.988984584808
465	3202.10263466835
