Step	Time_elapsed
1	0.0
2	1582678566.5505018
3	794.8221690654755
4	650.5885553359985
5	939.1726944446564
6	810.5235207080841
7	774.2467224597931
8	774.2467224597931
9	1008.5356891155243
10	830.3489272594452
11	875.9769706726074
12	975.6608669757843
13	1011.9501450061798
14	1177.4125382900238
15	1274.7777614593506
16	1274.7777614593506
17	1113.8642075061798
18	1182.6046040058136
19	736.8381886482239
20	837.9167771339417
21	893.169291973114
22	813.7145218849182
23	845.9649488925934
24	897.8805556297302
25	926.6175520420074
26	840.2060699462891
27	697.7637128829956
28	738.5047500133514
29	651.1500673294067
30	798.9570615291595
31	824.0726726055145
32	472.3568639755249
33	952.2685754299164
34	836.6484036445618
35	558.4328682422638
36	909.4265766143799
37	1187.897023677826
38	1696.9224350452423
39	1162.2606241703033
40	1605.1936774253845
41	1260.6777563095093
42	1181.0828471183777
43	1378.9824559688568
44	1378.9824559688568
45	2363.671343564987
46	2363.671343564987
47	2266.903584241867
48	1368.8174064159393
49	1332.952833890915
50	1332.952833890915
51	1325.712914943695
52	1325.712914943695
53	1526.8226735591888
54	1721.7450284957886
55	1774.9681584835052
56	1297.213461637497
57	1327.202714920044
58	1196.9127261638641
59	1133.2334401607513
60	1116.898553609848
61	1365.1385850906372
62	1296.9819808006287
63	1663.7349407672882
64	1399.4776546955109
65	1379.6454451084137
66	1113.601888179779
67	1268.992199897766
68	1429.6070835590363
69	1006.452957868576
70	931.0204629898071
71	1734.5024683475494
72	1320.3519530296326
73	1151.7594368457794
74	762.7382488250732
75	1106.6678793430328
76	1327.074210882187
77	1124.6497287750244
78	843.1730115413666
79	872.8730568885803
80	1162.7219121456146
81	877.9148931503296
82	1871.4452333450317
83	1114.6863136291504
84	738.9862167835236
85	1122.9368360042572
86	933.1238529682159
87	853.0394032001495
88	867.8804488182068
89	917.3386569023132
90	828.3203325271606
91	828.3203325271606
92	781.4077234268188
93	653.5578420162201
94	653.5578420162201
95	978.6636338233948
96	581.2712624073029
97	738.1245498657227
98	509.8986473083496
99	787.8456237316132
100	786.9147641658783
101	607.6341969966888
102	960.2867953777313
103	809.462073802948
104	598.4555113315582
105	642.8694479465485
106	521.0775465965271
107	720.1246325969696
108	750.0499293804169
109	749.2865319252014
110	830.7840940952301
111	908.3907647132874
112	685.7228302955627
113	656.7715582847595
114	627.3926243782043
115	433.25824904441833
116	445.6686387062073
117	530.8838438987732
118	458.42292642593384
119	698.0307281017303
120	574.2387535572052
121	799.0107276439667
122	389.64082074165344
123	720.9813823699951
124	517.7781677246094
125	517.7781677246094
126	811.0525879859924
127	564.6245512962341
128	395.26497650146484
129	615.9062120914459
130	435.87226605415344
131	766.7501327991486
132	589.4585971832275
133	648.0542023181915
134	403.60282707214355
135	651.6942095756531
136	747.9840822219849
137	363.49381613731384
138	449.1382088661194
139	563.6166384220123
140	502.8288502693176
141	349.05280470848083
142	397.2278754711151
143	514.2231955528259
144	658.4664125442505
145	550.5903458595276
146	473.074848651886
147	486.9902009963989
148	416.7458131313324
149	384.82128047943115
150	705.5166664123535
151	678.7104253768921
152	676.9534206390381
153	667.7745547294617
154	652.0789451599121
155	769.9709866046906
156	521.4739983081818
157	678.9216237068176
158	675.5749280452728
159	422.5052492618561
160	846.8589432239532
161	467.73684000968933
162	370.60923290252686
163	434.4053349494934
164	401.7016408443451
165	434.4973587989807
166	350.3378460407257
167	274.66921043395996
168	332.70606303215027
169	339.96176075935364
170	428.39511728286743
171	647.4983956813812
172	736.6418735980988
173	776.6136202812195
174	780.2883777618408
175	633.9560587406158
176	327.24772357940674
177	568.2114908695221
178	628.3781027793884
179	513.8669903278351
180	712.4751987457275
181	515.3850150108337
182	756.7023601531982
183	554.5423715114594
184	651.2079045772552
185	412.66418051719666
186	628.2774293422699
187	498.6771197319031
188	714.6301350593567
189	728.5792100429535
190	910.514545917511
191	786.5222427845001
192	685.472151517868
193	827.9630892276764
194	740.5356171131134
195	762.9999694824219
196	757.7906534671783
197	672.6112208366394
198	669.7792963981628
199	799.6563849449158
200	754.005065202713
201	640.7369451522827
202	641.2703020572662
203	621.6408627033234
204	589.1324162483215
205	966.2265846729279
206	1037.0319075584412
207	1087.4662685394287
208	834.4759314060211
209	1629.34774684906
210	1003.8815903663635
211	1023.8273468017578
212	632.178685426712
213	1162.4063882827759
214	1378.6477637290955
213	1583052879.3172266
214	1502.667515039444
215	1376.4818456172943
216	1352.302413702011
217	1241.0038599967957
218	1241.0038599967957
219	1241.0038599967957
220	2559.2762739658356
221	1828.6624536514282
222	1515.632717370987
223	1305.702365398407
224	1295.56525182724
225	1455.4167170524597
226	1376.5609271526337
227	1275.238960981369
228	1127.1489403247833
229	1221.537038564682
230	1061.4231011867523
231	999.4951269626617
232	1099.5283467769623
233	1381.445790052414
234	1075.250964164734
235	1164.724793434143
236	1164.724793434143
237	907.2363204956055
238	1295.4262030124664
239	821.613258600235
240	807.2061748504639
241	793.3284776210785
242	385.8467233181
243	441.0925555229187
244	581.8791854381561
245	897.7470443248749
246	476.3833432197571
247	629.7748820781708
248	592.0830636024475
249	514.6306054592133
250	914.0122017860413
251	655.1320111751556
252	548.4662368297577
253	768.0650999546051
254	1009.4548027515411
255	1061.6596941947937
256	1009.8340404033661
257	735.6268813610077
258	823.3596487045288
259	1107.735028743744
260	1048.6600251197815
261	1099.375822544098
262	1099.375822544098
263	1887.8494210243225
264	1887.8494210243225
265	1161.6329417228699
266	1151.463798046112
267	1052.7157626152039
268	884.4714684486389
269	720.0999109745026
270	1387.5235407352448
271	921.2047140598297
272	1018.9415609836578
273	1018.9415609836578
274	1042.734769821167
275	885.3866460323334
276	1089.331167459488
277	899.3926527500153
278	889.9143359661102
279	1010.5847160816193
280	647.9049203395844
281	814.9893388748169
282	1110.5863938331604
283	602.6779165267944
284	1106.75457239151
285	976.795325756073
286	1091.8297472000122
287	854.4254615306854
288	759.2098362445831
289	1039.5099964141846
290	804.2671504020691
291	1014.5575685501099
292	1047.4856836795807
293	848.2538511753082
294	879.3268694877625
295	1015.4146780967712
296	997.5505039691925
297	783.8478283882141
298	1001.1984443664551
299	836.9100046157837
300	836.9100046157837
301	759.7145130634308
302	1090.653864145279
303	1614.9267251491547
304	1220.974663734436
305	1163.091604232788
306	1163.091604232788
307	1195.851554632187
308	1122.6140735149384
309	1013.1879947185516
310	1308.832686662674
311	1347.7757122516632
312	1394.0402791500092
313	1098.2957291603088
314	1345.3957669734955
315	1345.3957669734955
316	1548.1752314567566
317	1548.1752314567566
318	1248.045429468155
319	2735.527387857437
320	1470.3259825706482
321	1661.2161293029785
322	1661.2161293029785
323	1513.6922512054443
324	1579.4987137317657
325	1579.4987137317657
326	1579.4987137317657
327	1321.7010695934296
328	1743.9502491950989
329	1220.6272542476654
330	1220.6272542476654
331	1016.9046885967255
332	1928.0258209705353
333	1157.868501663208
334	1157.868501663208
335	1416.0642175674438
336	1350.1337599754333
337	1084.1891567707062
338	1741.608636379242
339	1314.7106685638428
340	1408.2338073253632
341	1469.0509071350098
342	1060.1799612045288
343	1356.086837530136
344	1153.2344028949738
345	1153.2344028949738
346	1299.5015168190002
347	2068.321449995041
348	1826.7566893100739
349	1212.817596912384
350	1212.817596912384
351	1821.313621044159
352	1843.2849843502045
353	1799.2378656864166
354	1274.4375653266907
355	1514.994861125946
356	1404.1232767105103
357	2222.8634996414185
358	1402.7383263111115
359	1385.1452174186707
360	1309.7663242816925
361	1351.3561494350433
362	1160.5832452774048
363	1200.9903457164764
364	1479.496143579483
365	1479.496143579483
366	1085.8346059322357
367	1546.807459115982
368	1346.7442336082458
369	1073.4891493320465
370	1335.6077494621277
371	1099.7035729885101
372	987.5594635009766
373	1190.70658493042
374	1234.330111503601
375	851.5761339664459
376	1104.3400552272797
377	1104.3400552272797
378	1104.3400552272797
379	1583453887.520216
380	1039.889600276947
381	1122.3485250473022
382	1726.8168683052063
383	1726.8168683052063
384	1950.9765810966492
385	1389.8116655349731
386	1300.1266655921936
387	1532.9978156089783
388	1313.5915899276733
389	1813.308823108673
390	1356.5539240837097
391	2622.557918071747
392	2622.557918071747
393	1530.537693977356
394	1667.3218612670898
395	1411.9773321151733
396	1411.9773321151733
397	1749.0720601081848
398	1431.7432532310486
399	1419.4760859012604
400	1720.458426475525
401	1260.5766005516052
402	1260.5766005516052
403	2482.247890472412
404	1276.418245792389
405	1347.7849295139313
406	1394.8291187286377
407	1415.1964399814606
408	1420.6420710086823
409	1029.9140276908875
410	1422.259920835495
411	1032.7622382640839
412	1449.3071656227112
413	1432.6863975524902
414	1384.040053844452
415	1555.3641738891602
416	1079.3510100841522
417	2164.8569004535675
418	1630.9953169822693
419	1380.049395084381
420	1704.492380619049
421	1515.3941023349762
422	1515.3941023349762
423	1488.2662162780762
424	2033.3219475746155
425	1338.8919394016266
426	1406.253408908844
427	1219.897174358368
428	1333.7437705993652
429	1471.0206129550934
430	1471.0206129550934
431	3209.679494380951
432	1639.3751330375671
433	1833.330502986908
434	1392.6464321613312
435	1444.5803174972534
436	1444.5803174972534
437	1846.3232095241547
438	1423.831256866455
439	1351.4605798721313
440	1351.4605798721313
441	2232.2059099674225
442	1316.5198421478271
443	1316.5198421478271
444	1316.5198421478271
445	1453.9281513690948
446	1516.998881816864
447	1448.4618468284607
448	1602.8157238960266
449	2039.0290915966034
450	1486.36714220047
451	2003.0499639511108
452	1392.825314283371
453	2561.984919309616
454	1531.470225095749
455	1457.6926724910736
456	1457.6926724910736
457	1457.6926724910736
458	1386.5114665031433
459	1386.5114665031433
460	1334.236089706421
461	1148.9476354122162
462	1438.9171628952026
463	1265.205028295517
464	1580.5659873485565
465	1354.4252681732178
466	1354.4252681732178
467	1615.5660121440887
468	1415.185366153717
469	1952.6820561885834
470	1612.694757938385
471	1612.694757938385
472	1369.1834290027618
473	1369.1834290027618
474	1369.1834290027618
475	1936.6035668849945
476	1412.9354395866394
477	1528.7311086654663
478	1396.943325996399
479	1340.3387596607208
480	1390.4728848934174
481	1608.4692068099976
482	1118.9985280036926
483	1300.0443127155304
484	1564.4439597129822
485	1596.190333366394
486	1953.9851899147034
487	1953.9851899147034
488	1953.9851899147034
489	1953.9851899147034
490	2927.7624096870422
491	1814.9936122894287
492	1783.4053308963776
493	1767.1056337356567
494	1521.4416403770447
495	1521.4416403770447
496	1521.4416403770447
497	2139.5063400268555
498	2139.5063400268555
499	1400.7711362838745
500	1853.9981195926666
501	1749.3413729667664
502	1749.3413729667664
503	1749.3413729667664
504	1749.3413729667664
505	1749.3413729667664
506	2557.3967802524567
507	1479.154458284378
508	1783.0605461597443
509	1548.1805908679962
510	1610.8215174674988
511	1939.4893815517426
512	1768.5734951496124
513	1768.5734951496124
514	1768.5734951496124
515	1621.4159677028656
516	1621.4159677028656
517	1584050061.7936327
518	1856.1390776634216
519	1506.421234369278
520	2467.421079158783
521	2063.0839915275574
522	1644.676959514618
523	1644.676959514618
524	1630.8700275421143
525	1582.0228943824768
526	1582.0228943824768
527	1515.1642043590546
528	1574.2502241134644
529	1574.2502241134644
530	1322.0348098278046
531	1748.8416752815247
532	1313.2650809288025
533	1321.93842959404
534	1321.93842959404
535	1268.839055299759
536	1268.839055299759
537	1176.6659638881683
538	1827.5879771709442
539	1675.1722955703735
540	707.2835023403168
541	1355.9179751873016
542	1366.3760433197021
543	1030.9490373134613
544	1316.3413774967194
545	1441.4047808647156
546	1323.8935546875
547	1439.0578005313873
548	1439.0578005313873
549	1648.0865607261658
550	1648.0865607261658
551	1655.7317633628845
552	1673.5431394577026
553	1673.5431394577026
554	1673.5431394577026
555	1800.6415293216705
556	1306.444019794464
557	1318.1512398719788
558	1957.2113285064697
559	1957.2113285064697
560	1957.2113285064697
561	1995.3411507606506
562	1795.9285078048706
563	1795.9285078048706
564	1534.008186340332
565	1534.008186340332
566	1534.008186340332
567	1614.2096416950226
568	1847.314638376236
569	1847.314638376236
570	1560.8518650531769
571	1560.8518650531769
572	1985.8768272399902
573	1647.3897864818573
574	1647.3897864818573
575	1647.3897864818573
576	1512.328318119049
577	1793.6063261032104
578	1747.82381772995
579	2740.685192346573
580	1170.600376367569
581	1170.600376367569
582	1170.600376367569
583	1170.600376367569
584	2403.458625793457
585	1549.102946281433
586	1549.102946281433
587	1678.6922252178192
588	1748.1727764606476
589	1700.0734643936157
590	1700.0734643936157
591	1700.0734643936157
592	1406.0714662075043
593	1999.9261527061462
594	1538.0745315551758
595	1751.4078283309937
596	1140.6175935268402
597	1133.3009927272797
598	1040.9364569187164
599	1014.8277912139893
600	863.6805193424225
601	897.7415211200714
602	482.537237405777
603	465.905024766922
604	666.5041310787201
605	637.8804543018341
606	631.5637333393097
607	779.231271982193
608	640.5813200473785
609	720.1588499546051
610	681.2671837806702
611	680.8725347518921
612	649.1716713905334
613	735.3635714054108
614	660.0560712814331
615	732.7401876449585
616	640.5914809703827
617	562.5547330379486
618	664.2908051013947
619	667.9936854839325
620	852.097692489624
621	408.8766670227051
622	702.0619068145752
623	552.4870069026947
624	437.264363527298
625	538.3150470256805
626	559.5947651863098
627	731.4356412887573
628	491.45468306541443
629	818.4976847171783
630	728.3771367073059
631	684.7109596729279
632	620.9062466621399
633	628.0999262332916
634	560.8733582496643
635	588.3294017314911
636	772.5160324573517
637	722.1778979301453
638	683.3599720001221
639	578.8270647525787
640	648.8328177928925
641	719.9612340927124
642	607.8399958610535
643	557.4154114723206
644	638.2094190120697
645	621.2401041984558
646	584.4937896728516
647	692.4232649803162
648	634.4394814968109
649	686.2569663524628
650	547.2855181694031
651	547.2855181694031
652	595.4231503009796
653	569.876558303833
654	547.7558290958405
655	569.0269885063171
656	667.3561208248138
657	575.0640716552734
658	675.5079543590546
659	453.9329369068146
660	541.1902897357941
661	602.8258085250854
662	507.6445689201355
663	510.59283351898193
664	623.9048216342926
665	387.23025345802307
666	732.0964591503143
667	437.615088224411
668	517.3032891750336
669	421.80236077308655
670	457.70432591438293
671	709.9148061275482
672	458.22313141822815
673	622.1011781692505
674	442.57355523109436
675	678.7535662651062
676	720.1851778030396
677	675.3180642127991
678	721.0514497756958
679	872.276417016983
680	464.1902713775635
681	317.6827483177185
682	427.68103790283203
683	352.6347887516022
684	419.3301692008972
685	408.4946188926697
686	376.59677028656006
687	463.5261745452881
688	405.8544011116028
689	416.2957363128662
690	479.13550090789795
691	308.67435336112976
692	495.73272919654846
693	504.5338900089264
694	499.19969272613525
695	435.1679480075836
696	564.3215007781982
697	432.38366532325745
698	586.6921856403351
699	552.0745735168457
700	269.7119505405426
701	582.8881697654724
702	528.3586037158966
703	491.6540458202362
704	591.850335597992
705	762.3863561153412
706	545.134036064148
707	766.1227178573608
708	872.0933110713959
709	548.5509555339813
710	1015.7728941440582
711	889.2251441478729
712	857.8580226898193
713	990.3799860477448
714	954.5158131122589
715	568.6745936870575
716	612.7550024986267
717	891.6596343517303
718	638.9208428859711
719	605.3549916744232
720	826.4446589946747
721	656.9041299819946
722	932.5455617904663
723	930.7887473106384
724	588.3242366313934
725	809.0529391765594
726	933.5452270507812
727	1584812473.4443617
728	898.8568034172058
729	882.3508813381195
730	811.4597721099854
731	687.2067317962646
732	710.175333738327
733	695.5619196891785
734	716.3120012283325
735	681.0011827945709
736	770.7867186069489
737	725.3002388477325
738	854.2838056087494
739	723.7036187648773
740	575.2939732074738
741	525.7578394412994
742	588.7963383197784
743	619.8769795894623
744	550.2079691886902
745	541.3744416236877
746	585.3747968673706
747	850.5296602249146
748	677.2353549003601
749	479.1434166431427
750	513.3499083518982
751	609.1551184654236
752	640.7816624641418
753	669.3420975208282
754	621.0041882991791
755	802.1144263744354
756	788.5908577442169
757	672.612137556076
758	821.1856198310852
759	390.96915555000305
760	595.893963098526
761	675.9769778251648
762	667.021448135376
763	602.4826786518097
764	663.1929347515106
765	382.6447813510895
766	395.33837270736694
767	364.8238961696625
768	488.21718406677246
769	539.4661390781403
770	646.2868123054504
771	543.3873336315155
772	484.0869438648224
773	521.969705581665
774	456.46736454963684
775	635.7796125411987
776	600.3692429065704
777	544.8461680412292
778	584.0966625213623
779	445.38937425613403
780	597.1262903213501
781	638.9175703525543
782	656.6511697769165
783	428.1474504470825
784	670.2251291275024
785	657.014240026474
786	594.2872297763824
787	428.45853447914124
788	767.6752254962921
789	342.83291244506836
790	361.9416711330414
791	307.76950764656067
792	546.8545432090759
793	469.0815398693085
794	399.763790845871
795	343.53231835365295
796	451.61583638191223
797	306.5311803817749
798	500.46986389160156
799	654.8363173007965
800	282.7467086315155
801	537.8288950920105
802	299.90664410591125
803	335.62643122673035
804	555.6115682125092
805	582.2105627059937
806	657.052544593811
807	357.53958535194397
808	609.212340593338
809	726.0381219387054
810	768.6994988918304
811	570.7977986335754
812	470.9960594177246
813	243.7302532196045
814	318.646897315979
815	366.0721881389618
816	553.3255848884583
817	664.5176115036011
818	598.5543978214264
819	678.2437450885773
820	613.3852734565735
821	680.2752687931061
822	680.2693946361542
823	636.407815694809
824	739.6925015449524
825	468.0179064273834
826	728.1166808605194
827	720.0491733551025
828	407.99836683273315
829	669.6790027618408
830	817.9593999385834
831	726.4769394397736
832	749.2397077083588
833	1127.731101512909
834	548.3561410903931
835	733.7858638763428
836	743.5413947105408
837	834.3282041549683
838	730.7518684864044
839	556.8568966388702
840	776.8399958610535
841	757.0839600563049
842	818.5008597373962
843	689.8322715759277
844	709.4089181423187
845	798.7985243797302
846	759.9508767127991
847	801.694019317627
848	571.3628387451172
849	674.4405279159546
850	792.5529677867889
851	692.5624976158142
852	781.8626084327698
853	771.9464604854584
854	638.8871800899506
855	609.6033883094788
856	605.3985922336578
857	526.0950925350189
858	657.3197336196899
859	643.0118389129639
860	621.0513987541199
861	671.0433535575867
862	512.7971947193146
863	587.8375039100647
864	461.3942303657532
865	648.1991081237793
866	735.6863663196564
867	754.9538502693176
868	574.2981832027435
869	517.6890997886658
870	347.48857259750366
871	556.1095118522644
872	392.09884548187256
873	614.4501903057098
874	366.9572448730469
875	460.9547245502472
876	539.3632061481476
877	253.02754426002502
878	711.3057904243469
879	695.2716128826141
880	701.1417367458344
881	742.3939590454102
882	743.4088730812073
883	750.835010766983
884	803.8500273227692
885	715.8181412220001
886	618.5133910179138
887	688.2405066490173
888	585.5479500293732
889	595.4181594848633
890	452.4709324836731
891	710.379715681076
892	521.4318947792053
893	623.9141240119934
894	480.6544487476349
895	465.8107998371124
896	473.6925551891327
897	527.5896956920624
898	785.2861187458038
899	626.4519236087799
900	845.1076610088348
901	516.3409271240234
902	411.25355100631714
903	716.4512977600098
904	927.8296835422516
905	757.7108373641968
906	712.8650188446045
907	768.584757566452
908	803.6537766456604
909	572.7031543254852
910	390.24119782447815
911	852.425961971283
912	798.9696228504181
913	585.7307579517365
914	509.5725109577179
915	797.8199350833893
916	640.6074562072754
917	838.4560978412628
918	573.4830930233002
919	976.1838483810425
920	574.1563467979431
921	965.9081830978394
922	445.0850203037262
923	672.2229371070862
924	463.7686219215393
925	694.9721555709839
926	854.4300298690796
927	577.131044626236
928	856.6905808448792
929	636.2073857784271
930	617.8019487857819
931	724.9813895225525
932	785.0954608917236
933	403.40597891807556
934	601.1238877773285
935	827.4397106170654
936	542.2825412750244
937	871.4332001209259
938	474.11477184295654
939	607.9090235233307
940	870.8749644756317
941	574.4248836040497
942	538.5864083766937
943	648.0078880786896
944	641.1452143192291
945	619.4200837612152
946	611.0165867805481
947	611.0165867805481
948	919.3379509449005
949	752.6679592132568
950	952.3737506866455
951	917.264407157898
952	955.421448469162
953	1127.7474749088287
954	724.1071412563324
955	724.1071412563324
956	1112.2614669799805
957	887.0347940921783
958	1437.2673745155334
959	944.6931164264679
960	584.0794363021851
961	461.66061210632324
962	943.5035820007324
963	638.9242146015167
964	648.6970875263214
965	475.3896474838257
966	496.5633387565613
967	971.1787588596344
968	1077.8070349693298
969	793.003838300705
970	693.5792043209076
971	1001.3416135311127
972	672.8774847984314
973	766.9401860237122
974	722.9465596675873
975	956.8807990550995
976	595.3649182319641
977	647.2721321582794
978	689.4640107154846
979	1005.7799470424652
980	573.0576949119568
981	693.7901260852814
982	820.488477230072
983	696.5460979938507
984	608.248331785202
985	649.8313603401184
986	629.093076467514
987	559.2363891601562
988	555.8968780040741
989	600.6124076843262
990	586.1056098937988
991	721.2642691135406
992	667.5296170711517
993	399.90290212631226
994	629.0849807262421
995	638.2803359031677
