Step	Time_elapsed
1	0.0
2	1582678841.378994
3	832.0465273857117
4	587.3400070667267
5	1644.9620914459229
6	1070.0949442386627
7	848.6417765617371
8	1023.1494464874268
9	1147.4261512756348
10	1203.2559814453125
11	876.64195728302
12	799.6793594360352
13	1192.5714671611786
14	1499.8463525772095
15	1057.782675743103
16	1057.782675743103
17	922.3287167549133
18	1214.2480227947235
19	1433.145029783249
20	1478.8433637619019
21	1188.209680557251
22	1529.8238384723663
23	998.7363317012787
24	998.7363317012787
25	1462.5317242145538
26	1112.982831478119
27	1112.9639782905579
28	1517.6804268360138
29	1469.6368517875671
30	1453.2557754516602
31	1831.7286467552185
32	990.7310163974762
33	1385.8096904754639
34	1116.209685087204
35	1342.0050313472748
36	1293.252301454544
37	1293.252301454544
38	1526.8278272151947
39	1526.8278272151947
40	1526.8278272151947
41	1526.8278272151947
42	1526.8278272151947
43	1400.7729892730713
44	1384.481897354126
45	1457.9895267486572
46	1020.9625027179718
47	1048.9316809177399
48	1037.8893857002258
49	1457.023413181305
50	1096.8780450820923
51	1230.4655661582947
52	1319.693855047226
53	927.2547862529755
54	1725.3450639247894
55	1389.4370784759521
56	1027.1308233737946
57	1558.248239994049
58	1331.6110110282898
59	1331.6110110282898
60	1331.6110110282898
61	1328.350087404251
62	1272.9545996189117
63	1339.2785675525665
64	1263.1229312419891
65	1191.7440865039825
66	1191.7440865039825
