Iteration_step	Porb	eccentricity	Wdisk	logQ	primary_mass	age	feh	secondary_mass	posterior_probability	acceptance_ratio	inital_orbital_period	initial_eccentricity	current_orbital_period	current_eccentricity	current_spin	delta_e	delta_p	bad_solution_flag	gsl_flag	
1	8.817	0.046	4.1	7.6483648364836485	0.777759227528392	4.035499446704708	-0.4718029155268471	0.7209050279960665	14.824899804269178	0.0	8.864950880313579	0.046588673272799246	8.81699999995168	0.04600000000632218	10.239683180837476	-4.832045874536561e-11	6.322178891515762e-12	False	False
9	8.817010015897221	0.05156874345947459	4.200238502434543	7.762313643799157	0.7954847767698098	4.278011437075916	-0.38890355603013904	0.7373348395879367	10.725581947204898	0.723484279071904	8.86029707266775	0.05215998239184995	8.817010015132825	0.051568743467616834	10.68296977887149	-7.643965460601976e-10	8.142243823616724e-12	False	False
20	8.817016643244854	0.049886490639192343	3.9039541771228636	7.684309961567213	0.7476614183597928	5.338016804960661	-0.4710431140590062	0.693007368677692	7.790954427677183	0.726389902760243	8.874683025052315	0.05062839783608901	8.817016643199555	0.04988649062338108	11.037560599713716	-4.529887576154579e-11	-1.581126202188088e-11	False	False
25	8.817011902416315	0.06109697093313452	3.1784303353776044	7.618093769650401	0.7563476688024294	6.363693570249683	-0.2172877974964944	0.7010586542129718	8.708478459090752	1.1177678601422807	8.908329172274081	0.06250595693655557	8.81701190243684	0.06109697093708962	10.120454367029616	2.0525803279269894e-11	3.955100136288081e-12	False	False
33	8.817025527366187	0.05182962973327797	3.2532328863502284	7.6358548911453665	0.8406905747345715	5.655228666517795	0.02051230147576044	0.7792360937214743	4.1453790336525325	0.4760164537497575	8.915077487412457	0.053147161961153995	8.81702552723192	0.051829629673084736	8.81702552723192	-1.3426770806290733e-10	-6.019323234296436e-11	False	False
37	8.816984565846608	0.04877105507328745	3.5224337076866394	7.387107491836246	0.8065048353199514	4.522475433674363	-0.1785648978188274	0.7475493318580629	2.5420063759076292	0.6132144624825401	8.914149568347675	0.05028782196605162	8.81698456512075	0.048771054863580694	8.816984565120752	-7.258584844294091e-10	-2.0970675890241708e-10	False	False
41	8.817033902939352	0.05449553120876051	3.293475898514025	7.766763084436333	0.7803920988547203	5.545270937607406	-0.46054380679361695	0.7233454364284402	3.844412451736887	1.5123535834422253	8.874471849577994	0.05529969531691294	8.817033902471383	0.05449553124955776	10.784454018281702	-4.679687748421202e-10	4.0797254463598165e-11	False	False
55	8.817048081878019	0.05427124014493256	3.697817286708051	7.470301305973845	0.7324762491801096	5.317956964716292	-0.5573858086731348	0.6789322353650435	1.2901654560439837	0.3355949634022991	8.904941395922895	0.05549411385361841	8.817048081902113	0.05427124012145851	9.703040264374552	2.4094504169624997e-11	-2.3474049093419325e-11	False	False
60	8.81703004795616	0.054901692977383836	2.7871683295184297	7.419768697070541	0.7731726484723639	5.624315038261403	-0.47870369466255713	0.716653727869034	0.8239776906734191	0.6386604809587526	8.939741823499176	0.056674426391964856	8.81703004781477	0.054901692896183234	8.81703004781477	-1.4139089898890234e-10	-8.120060179805932e-11	False	False
66	8.817015528961928	0.053477182875287056	3.2298956387294457	7.707863864791937	0.701635913748559	6.821918045712139	-0.7144888551561848	0.6503463284535393	0.3910398230009123	0.47457574085692045	8.877188924623683	0.05428792668546284	8.817015528940706	0.053477182875118455	12.334422424576996	-2.1222135160314792e-11	-1.6860124407713784e-13	False	False
68	8.817022132597481	0.058938106685467395	2.618529274832497	7.384066833687699	0.7825994709720363	5.552013488808125	-0.463683095091997	0.7253914496439804	0.745124587776591	1.905495409798333	8.945822254793123	0.061075301339695465	8.817022132699682	0.05893810670854683	8.817022132699684	1.0220091439805401e-10	2.307943419710412e-11	False	False
69	8.817016614824542	0.05853762180157524	2.7765859362775833	7.865214596911986	0.7788670201001686	6.732388247963736	-0.6344776567621099	0.7219318409308463	3.8852429495112886	5.21421922353231	8.875971312567872	0.05940851470693444	8.817016614704128	0.058537621776755894	11.213236815895987	-1.2041390107242478e-10	-2.481934796572105e-11	False	False
71	8.817028284431075	0.057116556176300355	2.7556479619764205	7.352101817880581	0.7569709381702087	6.792188187238991	-0.5090034520294286	0.7016363625899664	0.9049703043054071	0.23292502323934217	8.982833368243291	0.05965985916206033	8.817028284417788	0.05711655617853134	8.81702828441779	-1.3287149158713873e-11	2.230986229090348e-12	False	False
73	8.817022133848361	0.053744704063638266	3.234767306118439	7.494749676925383	0.7658280398593933	4.934046789053252	-0.40508911370791834	0.7098460101456716	2.798590370557905	3.092466523203665	8.904471866945016	0.0549608134620158	8.817022134008225	0.05374470408927916	9.1909609433865	1.5986323376182554e-10	2.5640892187261954e-11	False	False
78	8.816998114202889	0.05280012501087723	2.9090133565891376	7.578945345359922	0.763895555562388	5.3955751624716735	-0.43048302300196656	0.7080547904507773	10.964015321553077	3.9176920770178225	8.897112683602687	0.053887873704052056	8.816998114362837	0.05280012501647943	9.76896959551464	1.5994849889011675e-10	5.602199260046348e-12	False	False
79	8.817031401652283	0.052260992887229255	2.703104748387332	6.291012070657208	0.7280723782211723	5.570689637220102	-0.6752780583247824	0.6748502873732046	1.0223134860315417	0.09324261742154595	8.95072749069543	0.0753583151665294	8.81703140184244	0.05226099299313219	8.817031401842442	1.901572233009574e-10	1.0590293225698488e-10	False	False
82	8.817019878227674	0.03962773157543999	2.0342549477804512	6.3909209910620985	0.7364101526076595	5.716241580504416	-0.5843271705184753	0.6825785704520395	1.568355231629684	1.5341235864135858	8.941762632126254	0.05420990733187085	8.817019878039806	0.03962773151264725	8.817019878039805	-1.878674993349705e-10	-6.279273628839732e-11	False	False
83	8.81704834479953	0.050526394707085046	1.2008754838325215	6.7174766057558095	0.7410419299885312	5.949561139900977	-0.5323558464788771	0.6868717649063696	0.347579076339421	0.22162012108586535	8.969099216095591	0.05921679914665832	8.817048345119394	0.05052639474112156	8.817048345119396	3.198650233571243e-10	3.4036516660673755e-11	False	False
84	8.81703508041439	0.03722652280563923	1.170954283987944	6.124280566094923	0.731981369703222	7.6924778761628945	-0.7670887133495206	0.6784735315779165	1.1178450012007706	3.216088301325603	9.041411681200298	0.08230796104325892	8.817033981882183	0.037226334610809014	8.817033981882187	-1.098532207421954e-06	-1.8819483021265127e-07	False	False
85	8.817023248905487	0.028885252769758184	0.9743594122134235	6.753835741912157	0.7493491111225817	6.476775667530111	-0.6229381500561322	0.694571691099521	0.45445452884545073	0.40654520828673313	8.9757310135177	0.03402177572277934	8.817023249893005	0.028885253054403287	8.817023249893005	9.875176232299054e-10	2.8464510262726783e-10	False	False
86	8.81704273371575	0.03305136870248673	2.4423800642349307	6.842541299906141	0.6966844634142064	5.950098027869011	-0.6780108496303411	0.6457568291386279	0.2789886635441869	0.6138978618014045	8.984800240049726	0.036276196599144966	8.817042734084337	0.0330513685657189	8.817042734084337	3.6858693874819437e-10	-1.3676783316984853e-10	False	False
87	8.817052779043266	0.04783832134911829	2.3816318557371425	6.563919346410363	0.760494049463602	6.039336720602332	-0.4366748378093446	0.7049019344478127	0.27411566357104766	0.9825333405621787	8.952414981240842	0.0615638191761208	8.81705278027286	0.04783832101043175	8.81705278027286	1.2295942042328534e-09	-3.3868654408797383e-10	False	False
Iteration_step	Porb	eccentricity	Wdisk	logQ	primary_mass	age	feh	secondary_mass	posterior_probability	acceptance_ratio	inital_orbital_period	initial_eccentricity	current_orbital_period	current_eccentricity	current_spin	delta_e	delta_p	bad_solution_flag	gsl_flag	
1	8.817	0.046	4.1	7.6483648364836485	0.777759227528392	4.035499446704708	-0.4718029155268471	0.7209050279960665	14.824899804269178	0.0	8.864950880313579	0.046588673272799246	8.81699999995168	0.04600000000632218	10.239683180837476	-4.832045874536561e-11	6.322178891515762e-12	False	False
6	8.816994943956868	0.057558748756896	3.9656231712452366	7.7687752811851585	0.8250079722476045	5.6356539466718045	-0.20362492767198898	0.7646998894763045	11.065048426408609	0.7463826786351816	8.886837937414613	0.058592844055974036	8.81699494399958	0.05755874876288215	9.829741467565512	4.271250020337902e-11	5.98615601532515e-12	False	False
18	8.817000381563757	0.042948262793978176	3.9842059099393565	7.580291270567106	0.8051673850826315	5.175403253303518	-0.29755403076212994	0.7463096492330911	3.9112679098875573	0.35347951126473653	8.90438787078714	0.043929298714708666	8.817000381430567	0.04294826276602347	8.960105430495368	-1.3318945946139138e-10	-2.7954707992883243e-11	False	False
21	8.81702954913426	0.05935775902547996	4.368423568729002	7.159333936143091	0.7790220534725218	5.975180183509384	-0.3501671469369253	0.7220755413636805	0.6183186242420233	0.15808649228014632	8.960207717204101	0.06342740019301998	8.817029549023362	0.05935775898489429	8.817029549023362	-1.1089795748375764e-10	-4.0585673710680226e-11	False	False
24	8.817009376959293	0.05512344796732348	4.07125488363169	6.537887890683341	0.7948976214256382	6.2125117818110045	-0.44069721670552264	0.7367906052994241	1.834040964807071	2.9661745464247695	8.950399843167213	0.07617166571348558	8.817009376808553	0.055123447904652234	8.817009376808555	-1.5073986503466585e-10	-6.267124319503381e-11	False	False
27	8.817019238796734	0.05947292052122124	4.411254309920781	6.323813607011072	0.7682240233170107	5.571239232874253	-0.6368034381345058	0.7120668472125371	0.8009394554107805	0.436707505873531	8.939728657095754	0.08812275441995612	8.81429421346884	0.05863016813548848	8.81429421346884	-0.002725025327894315	-0.0008427523857327604	False	False
29	8.816967747989224	0.05597404120965714	4.076597054378745	6.830957156080923	0.749067080811707	6.47131458782933	-0.6304522427042503	0.6943102772043712	0.7883889868962018	0.9843303155690566	8.980999893585693	0.0641001610244348	8.81696774848737	0.05597404133050298	8.81696774848737	4.981455248298516e-10	1.208458402790491e-10	False	False
30	8.816971265954948	0.05739517055954579	3.179374651107122	6.362109591517681	0.749067080811707	6.47131458782933	-0.6304522427042503	0.6943102772043712	0.8110592946642589	1.0287552314211128	8.986942136323357	0.08647206204978244	8.816971264857191	0.057395170554052466	8.81697126485719	-1.0977565523262456e-09	-5.493321075800139e-12	False	False
33	8.816956193876116	0.0389481962087454	4.154329058070748	6.1642814333499745	0.7388313182360656	5.814757958752696	-0.6681903214841192	0.6848227488730092	0.4516171789569237	0.5568238745650186	8.926827068315474	0.06658972820661692	8.816956192452498	0.03894819615016358	8.816956192452498	-1.4236185563731851e-09	-5.858181995055389e-11	False	False
36	8.816980637353026	0.05488493953101775	3.412914659629857	6.38126789232294	0.7388313182360656	5.814757958752696	-0.6681903214841192	0.6848227488730092	1.4273517485882998	3.160534663196335	8.957328939844146	0.07606723196909773	8.816980637416986	0.05488493957112927	8.816980637416988	6.395950435944542e-11	4.011151827354453e-11	False	False
37	8.816973435814054	0.05610341311379909	3.871377975653063	6.491141392511684	0.786703267702678	4.29637286956494	-0.5061124007014309	0.7291952588336121	0.7353358822427452	0.515174961581837	8.885292241186322	0.07001652733144968	8.816973434683922	0.05610341285050635	8.816973434683922	-1.1301324320811545e-09	-2.6329274177561146e-10	False	False
38	8.81699020049699	0.05901984312814886	3.730965213176448	6.453064739241442	0.763895555562388	5.3955751624716735	-0.43048302300196656	0.7080547904507773	1.0167012028779434	1.3826351024473948	8.935019187390806	0.07904750655106713	8.816990201439305	0.05901984319814065	8.816990201439307	9.423146707376873e-10	6.999179014144374e-11	False	False
40	8.817002592905267	0.03991674198948379	2.97004482112346	6.4438524271691175	0.8331070620426585	4.9137610665857565	-0.34580970696552205	0.7722069358073401	2.1192942731952757	2.084480934217701	8.875223421187197	0.05702168443529295	8.817002593289892	0.039916741979124676	8.817002593289898	3.8462566465113923e-10	-1.0359116342506525e-11	False	False
42	8.816995104259165	0.05465397531947794	2.973902442659562	5.945644600201616	0.8102089758836987	4.192141887578199	-0.5846865913650233	0.7509826997466003	1.5560265421726402	0.7342191982742479	8.933799839350336	0.1292399219124846	8.81699510447062	0.05465397534406168	8.816995104470623	2.1145396544852701e-10	2.4583744762107784e-11	False	False
44	8.817003346523359	0.05206674552191712	2.3357746180541765	5.973531858416232	0.8151153241279151	3.3522619311842208	-0.4675166220267938	0.7555303939341644	1.616009833675101	1.0385490156348538	8.801080083898194	0.0926055037184744	8.79493076472443	0.048524238065283685	8.79493076472443	-0.02207258179892868	-0.0035425074566334327	False	False
45	8.817009334540817	0.0487907258128709	2.3593475279868246	5.699899410992417	0.765108011148196	3.6918668173965212	-0.5904737725271436	0.7091786155332629	2.0391374549785786	1.2618348060056097	8.975562537414206	0.1458642628952503	8.817009334015136	0.04879072578836488	8.817009334015138	-5.256808321973949e-10	-2.450602221149012e-11	False	False
50	8.816976286337374	0.03440926513241544	2.9966670506707196	5.546851382920315	0.76152023479028	3.223374892776522	-0.6900508612777874	0.7058531056271105	0.840785781750366	0.4123242303737678	8.79809957156367	0.10616475549036933	8.814807376409039	0.02910756181316644	8.81480737640904	-0.002168909928334628	-0.005301703319249	False	False
51	8.816990643496535	0.02752633310554192	3.385410614639787	6.527980231091645	0.73195793363824	1.9639719474119874	-0.6002753250683515	0.6784518086892847	0.3811922581795053	0.4533761945711439	8.82337590254735	0.02928356226100967	8.816990643488904	0.02752633304882203	8.816990643488905	-7.631228982063476e-12	-5.6719889202083706e-11	False	False
52	8.816965816909372	0.023738981264290693	2.959416673752714	6.5410122126927215	0.8101948798859637	2.0111958433777795	-0.5456645866696684	0.7509696341662997	0.06574412604455003	0.17246973052005374	8.803284320564225	0.02582672062635772	8.816965817502027	0.023738981840758094	8.81696581750203	5.926548141133026e-10	5.764674015917848e-10	False	False
53	8.816982725443696	0.031220244286634887	3.440424387778926	6.357280722829063	0.788127037620866	1.1159263845799279	-0.3311008755127226	0.7305149511707807	0.5304692481745976	8.068694195054583	8.758306086127826	0.033041052603426574	8.816982725097526	0.031220244259502334	8.81698272509753	-3.461693154349632e-10	-2.7132553148678795e-11	False	False
54	8.816982458771733	0.027951715701852495	2.3888376398521487	5.592726118433068	0.8208936473471632	1.0150747162913052	-0.2730052789966383	0.7608863217260855	0.3250707297707651	0.6127984438105863	8.620394194465185	0.043890860668675806	8.816982814378099	0.02795123900410154	8.816982814378097	3.5560636568732207e-07	-4.76697750953492e-07	False	False
60	8.81700242282929	0.034405379352681204	2.6733962761523364	5.4009507012944376	0.8197778924603438	2.001427520943015	-0.40979234213980836	0.7598521285214926	0.9914157923555279	3.0498463920595347	8.686250348334223	0.07936167399440928	8.823662913352232	0.018660710548081643	8.823662913352234	0.006660490522941487	-0.01574466880459956	False	False
Iteration_step	Porb	eccentricity	Wdisk	logQ	primary_mass	age	feh	secondary_mass	posterior_probability	acceptance_ratio	inital_orbital_period	initial_eccentricity	current_orbital_period	current_eccentricity	current_spin	delta_e	delta_p	bad_solution_flag	gsl_flag	
1	8.817	0.046	4.1	7.6483648364836485	0.777759227528392	4.035499446704708	-0.4718029155268471	0.7209050279960665	14.824899804269178	0.0	8.864950880313579	0.046588673272799246	8.81699999995168	0.04600000000632218	10.239683180837476	-4.832045874536561e-11	6.322178891515762e-12	False	False
9	8.817036659655193	0.05121397135499625	4.419636448591667	7.804787995036815	0.8162193073178148	5.302526250374474	-0.389844612134436	0.7565536759528825	5.063247068204428	0.34153668052085906	8.874013822763532	0.05197219517254521	8.817036659718061	0.051213971373970504	10.232388479297688	6.286882126005366e-11	1.897425272456843e-11	False	False
13	8.817022394207061	0.05387992677165937	4.249571861552902	7.154118887045264	0.801259443015511	5.290536821695916	-0.6205466104546731	0.7426873777310771	1.2536375488780298	0.24759557098259583	8.931310439667937	0.057373514305914114	8.817022394671682	0.05387992688785254	8.817022394671682	4.646203421998507e-10	1.1619317313860122e-10	False	False
14	8.817019584575565	0.0656777346278586	3.6036054188822635	7.7297762057764485	0.7280723782211723	5.570689637220102	-0.6752780583247824	0.6748502873732046	0.1986204543781131	0.1584353105535749	8.867433363119712	0.06651430328630543	8.817019583708557	0.06567773480901046	11.922623866388692	-8.67007798888153e-10	1.8115185740352757e-10	False	False
16	8.817009517017594	0.06259955631193288	4.261144108008514	7.633304780745709	0.6925206325943087	7.328647640061926	-0.930591481956941	0.6418973743516647	1.032128973195942	5.196488833073967	8.889046048320775	0.06372201447596314	8.817009517067307	0.0625995563170131	11.889109660581443	4.971312250745541e-11	5.0802140272310226e-12	False	False
18	8.817023842307263	0.05824898450645211	4.1926314522929955	7.469501098170616	0.7036332492168219	8.216986832556502	-0.928953163994695	0.6521976586990722	12.539125007949687	12.148796646142815	8.943265610180312	0.0600827331877924	8.817023842297159	0.058248984507026265	9.964127525602816	-1.0103917702508625e-11	5.741518371848997e-13	False	False
19	8.817026997025009	0.05019985948988645	3.7155536373526594	7.267382342366605	0.6750459457239351	10.303795549421988	-0.921424414325321	0.6257000870915154	6.507124889720777	0.5189456908353112	9.047431968983009	0.05309231276071205	8.817018584629515	0.050199814388553636	8.967146384948819	-8.412395493095914e-06	-4.510133281426798e-08	False	False
20	8.817032807698572	0.0638805973347561	3.4532611802395135	7.235083927214292	0.6750459457239351	10.303795549421988	-0.921424414325321	0.6257000870915154	0.740068726699397	0.11373206127770412	9.069973340942607	0.06787634104903127	8.817032807741985	0.06388059733495301	8.817032807741988	4.341238479810272e-11	1.9691193120507933e-13	False	False
24	8.817023624123015	0.06733724265557427	3.9917413360938787	7.465107418476039	0.6678236898836984	9.655919588801396	-0.8542505530157283	0.6190057781532	2.7023579619038585	3.6514959549175883	8.955412949138347	0.06962273417312137	8.81702362410565	0.06733724265446717	10.733640068333823	-1.736566446197685e-11	-1.1071005223683983e-12	False	False
33	8.816963130033344	0.04816497171460131	3.3452080422508264	7.503033725113859	0.735834546853774	9.15488869145266	-0.8005894871827152	0.6820450414787631	3.051005747465515	1.1290161371945069	8.976803244220338	0.05009852465038135	8.816963130098044	0.04816497172873201	9.00102675355667	6.470024516147532e-11	1.4130703551717971e-11	False	False
35	8.81696872491634	0.03247442919245827	3.690934042821308	7.427025427799651	0.7030859803222446	8.778966989970566	-0.7727986888059746	0.6516903951606885	4.466333294071017	1.463888849695292	8.968148790204987	0.03372073523834393	8.816968724906934	0.032474429062836166	9.59133488599516	-9.405809464624326e-12	-1.2962210471645363e-10	False	False
50	8.816990545824295	0.033315592470068586	3.875185456453614	7.215412518118529	0.6805575869887831	8.931066770744584	-0.626179313905593	0.6308088273799031	2.293720376422198	0.5135578169831332	9.050281307708595	0.035300307760087093	8.816990545929217	0.03331559247408789	8.816990545929219	1.049222930760152e-10	4.019305721580935e-12	False	False
51	8.816997074378474	0.03840173775435043	3.5897266934533283	7.64049558672425	0.7228223554534593	8.99310662152779	-0.40010490353205536	0.6699840412698114	30.45185201293984	13.276183237487473	8.92883969297665	0.03948704791644913	8.81699707437067	0.03840173775403492	10.746602398786793	-7.8035355954853e-12	-3.1550456691675777e-13	False	False
62	8.816981280369866	0.04741605421166665	4.0877616281363185	7.560303687143923	0.6930747942901936	8.549891084968195	-0.9033745815714196	0.6424110268275804	22.3780570903873	0.7348668672394126	8.91908261532667	0.048630985328202515	8.816981280381892	0.04741605421369081	10.99235461632964	1.2025935802739696e-11	2.0241586184965854e-12	False	False
73	8.816983249726231	0.038509989415000515	3.7670790711211732	7.691116641976566	0.720436455435339	9.166884742066808	-0.820450794208662	0.6677725505430157	16.9324171451429	0.7566526922668534	8.912322239934461	0.039435581210563904	8.816983249618804	0.03850998940966365	11.002057878588383	-1.0742695621956955e-10	-5.336862896054839e-12	False	False
78	8.816954142694767	0.054574013058914135	2.9973264851441117	7.508163998670379	0.7211037734812258	9.667299262681343	-0.6141556556288736	0.6683910876397482	2.8751611883019055	0.1698021708097743	8.98081217063426	0.056802359132576356	8.816954142344622	0.054574012979966564	9.471885496003747	-3.5014480204154097e-10	-7.894757070303626e-11	False	False
79	8.816952008752422	0.05410663500230128	3.1771151362647942	7.656123543848378	0.6989010148991713	10.799000847657629	-0.7449480676022532	0.6478113507100419	3.4055481589467944	1.1844720820532988	8.936986078587251	0.05571562157906522	8.816952008593889	0.054106635043621294	11.0746572340445	-1.5853274248911475e-10	4.132001685253073e-11	False	False
Iteration_step	Porb	eccentricity	Wdisk	logQ	primary_mass	age	feh	secondary_mass	posterior_probability	acceptance_ratio	inital_orbital_period	initial_eccentricity	current_orbital_period	current_eccentricity	current_spin	delta_e	delta_p	bad_solution_flag	gsl_flag	
1	8.817	0.046	4.1	7.6483648364836485	0.777759227528392	4.035499446704708	-0.4718029155268471	0.7209050279960665	14.824899804269178	0.0	8.864950880313579	0.046588673272799246	8.81699999995168	0.04600000000632218	10.239683180837476	-4.832045874536561e-11	6.322178891515762e-12	False	False
18	8.81700236365152	0.03829281446507364	2.912283245674641	7.737671915940946	0.8529907032354476	3.995833330467703	-0.029196658226943395	0.7906370828289363	13.162207621091717	0.8878446259246454	8.86727736836184	0.03881684734356504	8.817002268795203	0.03829281470618209	9.500004256104532	-9.485631657923932e-08	2.41108452647687e-10	False	False
38	8.816955842969115	0.04531247569824884	3.0208211790800577	7.32122055985332	0.825534809179024	3.446636427886255	-0.2595433956487847	0.7651882146280373	0.4592528269987797	0.034891778052706914	8.880494160095171	0.04658743823572891	8.816955842919976	0.045312475693974286	8.816955842919976	-4.913935924832913e-11	-4.274552933836162e-12	False	False
39	8.816939361790594	0.028073465725166672	3.7756341166476597	7.768155809448059	0.8054402387724144	3.362674975224861	-0.5357875152058714	0.7465625573181509	0.11748943724554879	0.2558273576960714	8.847200709092437	0.028311299505524197	8.816939361262271	0.028073465740188007	10.69618754649196	-5.283222748175831e-10	1.5021334870413128e-11	False	False
42	8.816945565952254	0.030097020763657993	3.450944378388434	7.475588003037044	0.7679905439125282	3.4289547818660697	-0.42123708952915695	0.7118504351525223	0.13721558099159376	1.1678971676817043	8.872026794694099	0.030551055970107235	8.816945565917573	0.030097020751269226	9.288098205466047	-3.468159093245049e-11	-1.2388767095528053e-11	False	False
43	8.816942128130721	0.03519763200140755	3.3764244174856763	7.214221615562655	0.765108011148196	3.6918668173965212	-0.5904737725271436	0.7091786155332629	0.07640563494400629	0.5568291471847292	8.898214296589645	0.03624048689261665	8.816942128094938	0.03519763199541428	8.81694212809494	-3.5782932172878645e-11	-5.993268381576655e-12	False	False
44	8.816973549724036	0.043727066368351476	3.2389767021628337	7.683949665809505	0.7419318549498678	2.4735054832154155	-0.7625225205161933	0.6876966363530325	1.2841028809873498	16.80638976337808	8.835266260620406	0.04395862131953948	8.816973549870191	0.04372706640542626	11.884990883813293	1.461550880321738e-10	3.7074780745438574e-11	False	False
46	8.816961442201361	0.049482400097754446	3.082195967537518	7.107088475288989	0.7813588360238564	2.215657296315603	-0.7299491481532917	0.7242415051105124	0.7943670454589065	0.6186163563842453	8.850674012447362	0.05053172286851165	8.816961442180107	0.04948240009176848	8.816961442180109	-2.1254109583423997e-11	-5.985968665189745e-12	False	False
47	8.81699247755569	0.05761009048081275	3.797489345758262	6.986194896896704	0.7419318549498678	2.4735054832154155	-0.7625225205161933	0.6876966363530325	1.5519411714796338	1.9536827217990598	8.863442161085192	0.059214206006804875	8.816992476289778	0.057610090261865414	8.81699247628978	-1.2659118198143915e-09	-2.1894733942540157e-10	False	False
48	8.816980489820564	0.054431076326062	3.7460881027011927	5.808981262498847	0.765604283629093	3.0504560452730507	-0.5391153076743432	0.7096386104958063	1.0887630262774588	0.701549160680764	8.803666030328044	0.10639917319951168	8.816934697853625	0.05406389130243004	8.816934697853625	-4.5791966938324435e-05	-0.00036718502363195654	False	False
49	8.817012623720974	0.05647764756496897	3.542197854326213	5.643213367276706	0.7291832149424097	3.1024085728615773	-0.5300926604070232	0.6758799219301195	1.0760885547874637	0.9883588336634375	8.871505038280702	0.1383037388187463	8.816997456415882	0.056300045538219545	8.816997456415884	-1.5167305091878802e-05	-0.000177602026749428	False	False
50	8.817025434906382	0.03152269100747186	3.6373617952061634	6.793358170941715	0.7891071788095941	4.055501991867814	-0.47157964530339636	0.7314234440386128	0.4405837981006298	0.4094308002259616	8.884865485537732	0.03488087450409147	8.81702543498012	0.03152269105235785	8.817025434980122	7.37383487603438e-11	4.4885990757581595e-11	False	False
52	8.817008781280071	0.04743513796229787	3.461147818355287	7.114619860663375	0.819495982851922	3.7227441131030963	-0.45092811408501876	0.7595908265054465	1.9623921123210926	4.454072348509012	8.883113922879337	0.04980462490827436	8.817008780856362	0.04743513780984717	8.817008780856366	-4.2370906783162354e-10	-1.524506978989315e-10	False	False
53	8.817003701975196	0.05758210398269187	3.6632682013884525	7.033766820086286	0.8179916690436795	4.1775839391523455	-0.2973425498235927	0.7581964780365865	1.2364146569644836	0.630054844391964	8.894830102127717	0.06166164950139066	8.8170037017967	0.057582103944422126	8.8170037017967	-1.7849544065029477e-10	-3.8269741542418245e-11	False	False
54	8.817006635062649	0.042637810460750276	4.04117287510101	6.744158984392555	0.7495966051803344	5.284847501686351	-0.40133474813273456	0.694801093341652	2.349005877271143	1.899852823678245	8.935319556453182	0.0487899273527053	8.817006634178066	0.042637810487475884	8.817006634178068	-8.845830734571791e-10	2.6725607837896348e-11	False	False
57	8.817014320120686	0.04548317740720199	4.296784539487948	7.138567525563757	0.8132867545336666	4.765880246210073	-0.4170159700897209	0.7538354927772556	1.982196764976763	0.8438449576292654	8.912182804736982	0.04832933983836866	8.817014320312662	0.045483177443133474	8.81701432031266	1.9197621270450327e-10	3.5931486952467395e-11	False	False
58	8.816991006806678	0.054388672287957636	3.939930295787536	7.036366974176654	0.8034602808379482	4.55926422600481	-0.3619395918694863	0.7447273343086941	1.5697248793099075	0.7919117350230915	8.908628149949667	0.05838516134940315	8.816991006944342	0.054388672310443816	8.816991006944342	1.376641023398406e-10	2.2486179585001764e-11	False	False
59	8.816947931534957	0.05881203875998264	2.987934448434847	7.1723061103223555	0.7658280398593933	4.934046789053252	-0.40508911370791834	0.7098460101456716	0.109763259562009	0.06992515759211501	8.935841828274455	0.06172034579056008	8.816947931262535	0.058812038669700945	8.816947931262536	-2.724220848904224e-10	-9.028169878355641e-11	False	False
60	8.816940424552733	0.05534470377442502	3.204642319951455	6.301147565644558	0.7731726484723639	5.624315038261403	-0.47870369466255713	0.716653727869034	0.08571351554086705	0.7808944074993015	8.941672141542218	0.0870399825994745	8.81694042490628	0.05534470373667305	8.81694042490628	3.5354652538899245e-10	-3.775196821820259e-11	False	False
61	8.816948089750829	0.06170650014140611	3.0570782577475537	5.509406954407252	0.7989049792813633	5.548248491776134	-0.39113541056205875	0.7405050252958956	0.08285702389957411	0.9666739647386065	8.907244598694424	0.13256977132794537	8.817482213962066	0.005594207083374557	8.817482213962068	0.000534124211236886	-0.05611229305803156	False	False
62	8.816952848479596	0.06125206665703181	1.784725110645294	6.010155681310386	0.8123161827813954	5.568354896784452	-0.3447735196771988	0.7529358698200753	0.13952947113286046	1.6839787934210082	8.977173301476313	0.11790393850967097	8.8158268628501	0.041073271128137724	8.815826862850102	-0.0011259856294962844	-0.020178795528894088	False	False
63	8.816949361120916	0.05426257072063937	2.1743232183160406	6.395880345019485	0.7841725583925102	5.1159808276194925	-0.3610545394176899	0.7268495443740177	0.21481819202245933	1.5395900971910708	8.915431051685273	0.0765238473689431	8.816949361522623	0.05426257070862594	8.81694936152262	4.0170711201881204e-10	-1.2013431915924855e-11	False	False
66	8.81697833796279	0.0452536566601362	1.9835138182742786	6.501535529158004	0.8054380888050688	5.4959160433332	-0.39324705102595814	0.7465605645134182	1.8147233222217969	8.44771713762523	8.916066176372265	0.06220987796640384	8.816978338218247	0.04525365669798504	8.816978338218249	2.554561007173106e-10	3.784884211599504e-11	False	False
67	8.817008040051736	0.04650733533955651	2.4863447159981087	7.120686460356857	0.7523419356967243	4.342030493289375	-0.4638603181677071	0.6973457401972937	2.0956452312186906	1.1548015091650203	8.920075987188168	0.04858361527482131	8.817008040136743	0.04650733534854498	8.817008040136747	8.500755654949899e-11	8.988469690773826e-12	False	False
68	8.817005977297592	0.041628460261473925	2.557272685450391	7.781582128167642	0.7831678373132613	3.6579614045969504	-0.48477880814754903	0.7259182684056619	5.255104293660049	2.507630688331738	8.84854777425529	0.041984843180198655	8.817005977058365	0.041628460228142074	11.303080399014394	-2.3922730463254993e-10	-3.3331851168050264e-11	False	False
71	8.817006090897467	0.06392945026997703	1.9031017391916887	6.8481306253504615	0.7429139933921789	3.8924858357384444	-0.4705230014824613	0.6886069804752106	0.41602848783976354	0.07916655209710596	8.906885503088969	0.06874742939621399	8.817006090995788	0.06392945034254058	8.817006090995788	9.832135106080386e-11	7.256355238904888e-11	False	False
73	8.817015130328723	0.06563936715931487	2.0820338600096995	6.41865833884239	0.8481670938080913	3.24593695371631	-0.3519466038137048	0.7861660792507198	0.25360299468714287	0.609580839052589	8.842882340814466	0.08427679468964892	8.817002506635445	0.06562403696203714	8.817002506635445	-1.262369327825752e-05	-1.5330197277729773e-05	False	False
74	8.81702235738624	0.06600217980039211	2.3545944260980716	6.2623660393751	0.7419318549498678	2.4735054832154155	-0.7625225205161933	0.6876966363530325	0.28389653557773137	1.1194526150133208	8.831364059667555	0.07741571292384815	8.817023095319604	0.0660023522359704	8.817023095319605	7.379333641921448e-07	1.7243557828838796e-07	False	False
81	8.817008537241009	0.041123450949025066	1.7491270468045206	6.64546776214838	0.8151787802235797	1.9349154743998032	-0.5923749752354132	0.755589211389236	1.8594879634446546	6.549879024274051	8.8160940504473	0.043898860971403594	8.817008537284014	0.041123450891347606	8.817008537284016	4.3005599081880064e-11	-5.7677460030269856e-11	False	False
86	8.817009825922833	0.027953730422973822	1.6630210407118382	6.692609469864268	0.8134126819788537	3.4088739653357107	-0.3498297870639681	0.7539522149261995	0.3878047310662128	0.20855457991124304	8.856968305200622	0.03145160562690319	8.817009825515152	0.027953730444830634	8.817009825515152	-4.076810000697151e-10	2.1856811499576523e-11	False	False
91	8.817021580262326	0.025399510903682004	2.0457131987597963	6.924399516926452	0.7742889771239829	2.682525273088783	-0.6059268519894399	0.7176884528962197	0.18591303900351241	0.4793985841595369	8.859153795803163	0.02647715218091384	8.817021596072301	0.025399510991133443	8.817021596072301	1.5809975550951094e-08	8.745143845190206e-11	False	False
92	8.817021035363185	0.035710974564397306	2.640840441480261	6.566659725337197	0.7598299367755086	3.584546152569268	-0.5914451067469462	0.7042863683972189	0.9257250657828168	4.979344486780872	8.870537807289601	0.04071411528275714	8.817021035472822	0.03571097463501356	8.817021035472822	1.0963674412778346e-10	7.061625589832587e-11	False	False
93	8.817002440133235	0.043835573221196016	3.3760237070954795	5.937341533728737	0.73733161072044	4.360577713999252	-0.48664311081679457	0.6834326699767758	2.1590771713812553	2.332309290507851	8.864522214712864	0.08642813626535041	8.817002441550512	0.04383557317157205	8.817002441550512	1.4172769624565262e-09	-4.9623964659684106e-11	False	False
94	8.816987245103268	0.04643056343915835	3.7673648975027545	6.298292293445546	0.7372483338889099	3.5980583166770996	-0.683802833781304	0.6833554806816305	2.2788390304063664	1.05546900343006	8.860425447654285	0.05798755890104869	8.816987232422886	0.04643056424862841	8.816987232422887	-1.2680382965868375e-08	8.094700604255323e-10	False	False
95	8.816992855097345	0.043252199488873766	4.23860101804965	5.887965336714059	0.7665820183049472	2.8649717135913884	-0.4181393907254922	0.7105448727668555	1.859479222214945	0.8159765553442182	8.748236034175912	0.07351101561160271	8.816992849425368	0.043252199518858274	8.816992849425368	-5.671976666121736e-09	2.9984507932123705e-11	False	False
97	8.817007062411937	0.033235725664097784	3.9483798434566375	5.78684364496065	0.8481670938080913	3.24593695371631	-0.3519466038137048	0.7861660792507198	0.9211164032055821	0.49536256829392333	8.767213700879523	0.10842223971618845	8.826832542465601	0.036915786787686845	8.826832542465603	0.009825480053663682	0.003680061123589061	False	False
101	8.817004537953483	0.03291506406188928	3.3931966181858555	5.461807846671751	0.8239074966950889	2.581746493435808	-0.3691253437381852	0.7636798586866779	0.8284667383593328	0.8994158995282044	8.798833882404649	0.1387298139162864	8.815191510564444	0.026094074702148504	8.815191510564444	-0.0018130273890388793	-0.006820989359740775	False	False
Iteration_step	Porb	eccentricity	Wdisk	logQ	primary_mass	age	feh	secondary_mass	posterior_probability	acceptance_ratio	inital_orbital_period	initial_eccentricity	current_orbital_period	current_eccentricity	current_spin	delta_e	delta_p	bad_solution_flag	gsl_flag	
1	8.817	0.046	4.1	7.6483648364836485	0.777759227528392	4.035499446704708	-0.4718029155268471	0.7209050279960665	14.824899804269178	0.0	8.864950880313579	0.046588673272799246	8.81699999995168	0.04600000000632218	10.239683180837476	-4.832045874536561e-11	6.322178891515762e-12	False	False
4	8.816991250890247	0.04378474902121755	3.31050580004083	7.6436980494818	0.7062233984058341	4.449193712177091	-0.7118475501101577	0.6545984679823676	1.1003654455659253	0.07422414047270992	8.857733938657955	0.04425137851472199	8.816991250771647	0.0437847490130664	12.06800660687297	-1.1860024073939712e-10	-8.15115336338934e-12	False	False
5	8.817012197202954	0.04145872536917433	2.9323141319437513	7.620421032874262	0.7498934652312936	4.087127483378778	-0.738680483347971	0.695076252922886	13.233526717598805	12.02648335689305	8.861635188906353	0.04195129050817303	8.817012197198817	0.04145872536769859	10.756144920331185	-4.137135078963183e-12	-1.4757431388012776e-12	False	False
11	8.816982400473579	0.034052743823072724	2.5898740282100525	7.846917085867655	0.7906416160452417	5.739103337929137	-0.5344782472559251	0.7328457139123346	3.8494307185234393	0.29088472035230156	8.867820195464558	0.03450341387536315	8.816982400385394	0.03405274379793895	11.10767907707724	-8.818545893518603e-11	-2.5133777004082702e-11	False	False
15	8.817015020132791	0.03778959102217665	1.6877721411770596	7.508651229405445	0.7728314767737446	4.688021244056752	-0.6605739005691231	0.7163374958215839	3.4599770978350994	0.8988282556134103	8.894587883229011	0.03856101455312421	8.81701502011952	0.037789591017346184	9.172661396128822	-1.3271161947159271e-11	-4.83046241894769e-12	False	False
17	8.817009808829017	0.047303668834788475	1.886500647799053	7.6413250769806575	0.7177138990971036	5.26604182825917	-0.5951825257943218	0.6652490130731052	4.340591960279386	1.2545146506880884	8.872121063112724	0.04797452059877431	8.817009808799218	0.047303668827202744	11.513216520704566	-2.97983859809392e-11	-7.585730654735556e-12	False	False
18	8.817008833674679	0.054630398608689804	1.7837894930349851	7.517535444619826	0.7574651252856298	5.2949176974921555	-0.37745808196151825	0.7020944246272502	5.367468492267037	1.2365752278455484	8.817008833674679	0.054630398608689804	8.724641953522733	0.05335193805043996	9.354378224214663	-0.09236688015194616	-0.0012784605582498443	False	False
21	8.816978285122424	0.042464077822564575	2.0764171539923435	7.831703280298447	0.8067597009984188	5.608388964421134	-0.34616254954400605	0.7477855668554343	11.004682512453234	2.050255633229666	8.872327703226862	0.04307470577804849	8.816978285234681	0.04246407782977652	10.697547176562702	1.1225687046589883e-10	7.211946317919882e-12	False	False
22	8.816992131052405	0.03444868782283196	2.240536737180535	7.1675832277230125	0.7827376604302895	5.291826983919653	-0.41029912347544545	0.7255195374528353	1.248691448606361	0.11346910255641665	8.936959703170096	0.03644045362802069	8.81699213049903	0.03444868775057446	8.81699213049903	-5.533760116804842e-10	-7.225749859562924e-11	False	False
23	8.817008542426887	0.052621911541090444	2.1569779056404412	7.12297749024207	0.787294528625147	5.008853571491402	-0.4996441837540002	0.7297432985826487	1.7982839121563292	1.4401347219630256	8.929346512884496	0.055876733429479825	8.817008542330962	0.05262191150617959	8.817008542330964	-9.592504568445293e-11	-3.4910851987035585e-11	False	False
24	8.816969954006245	0.06411075870258025	2.670218913680043	7.629466930149123	0.7628597585064651	5.009773206521561	-0.4535371274828896	0.7070947101596425	1.4915643230385514	0.829437617139115	8.88274172755082	0.06518901017026053	8.8169699540733	0.06411075871169414	10.21916461309631	6.705569433052005e-11	9.113890198086949e-12	False	False
25	8.816942112346153	0.06849355649825205	2.5443535277077065	7.420910720920566	0.7082704850046035	5.517474410158998	-0.7232093800436765	0.656495912550767	0.08611903186992334	0.05773739056354292	8.910463346070767	0.07010277545149353	8.81694211221125	0.06849355648779751	9.886977427807247	-1.3490364381141262e-10	-1.0454540011473057e-11	False	False
26	8.816954575069596	0.07360004417818287	3.3073300833038397	7.603693677944543	0.749067080811707	6.47131458782933	-0.6304522427042503	0.6943102772043712	0.07807839434741852	0.9066334427139214	8.908096082241116	0.07526657257150375	8.816954575206841	0.07360004420274381	10.01315175412376	1.3724488212574215e-10	2.456093661784564e-11	False	False
28	8.816951295571506	0.0708010217701891	3.596156112810932	7.675052863180447	0.6990140892108816	6.079523236177832	-0.4872240621072489	0.6479161592895661	0.007415329376414197	0.09497287230855263	8.877594873555426	0.07187041611348748	8.816951295579386	0.07080102177034031	12.080503932384481	7.879918939579511e-12	1.5121237595394632e-13	False	False
33	8.816982250281265	0.07751961226957013	3.93035028757857	7.510040232827245	0.7442902032714983	6.196960464837065	-0.41030769353761837	0.6898825894123517	0.06592157676483991	8.889905413307124	8.925875799866368	0.07961218910522384	8.81698225038566	0.07751961229489869	9.515796441306648	1.0439471509471332e-10	2.5328558694859282e-11	False	False
35	8.817008632578275	0.06982042584173187	4.462803437293781	7.344370685152907	0.7419076077997973	6.515150454926488	-0.4865649889687617	0.687674161669632	0.1710776201535109	2.595168813449215	8.975933826341766	0.07266332333253354	8.817008632826102	0.0698204259095877	8.817008632826104	2.4782664809208654e-10	6.78558320643674e-11	False	False
58	8.817024016488709	0.06389128571707797	3.9531329413712273	7.093674389910233	0.7388313182360656	5.814757958752696	-0.6681903214841192	0.6848227488730092	0.36081497568253407	2.1090717497634612	8.971149444882892	0.0678757729501704	8.817024016528185	0.06389128572247937	8.817024016528183	3.9475978041991766e-11	5.40140154825508e-12	False	False
59	8.817006228934385	0.047289479573925756	3.621972935404477	7.619706321855291	0.6928623777493405	5.690146773613739	-0.6439344866210043	0.6422141379358637	2.179871415395079	6.041521450908557	8.817006228934385	0.047289479573925756	8.758401972046748	0.046586628408286916	11.852204336376442	-0.05860425688763726	-0.0007028511656388403	False	False
61	8.81701586656649	0.03616390836058568	3.5619878271540464	7.720960910124643	0.7645608027485488	6.527691933085628	-0.48435312954612875	0.7086714080676298	9.585799181284935	4.397414963830611	8.889151495972914	0.03683507971439346	8.817015866710792	0.03616390836274824	10.651553092868046	1.4430234784867935e-10	2.162561796303919e-12	False	False
70	8.81698421072783	0.04267873336396746	3.2425534886721645	7.95344506410233	0.8232049959152754	5.978156354473461	-0.29581705212939563	0.7630287107138687	8.474392239867962	0.8840569345968716	8.865514650004636	0.04321558373224266	8.816984210706336	0.04267873335206903	11.22756356129271	-2.149391775674303e-11	-1.1898426688361496e-11	False	False
74	8.816968856901273	0.046332588632523174	2.3855874096085423	7.792937602336435	0.8020282767166381	5.233741135471178	-0.4147506519702571	0.7434000096886518	7.344191562737522	0.866633423950642	8.871168050415385	0.046986751402183176	8.81696885765725	0.04633258854672951	10.530772580096892	7.559766146414404e-10	-8.579366383987264e-11	False	False
76	8.816980331045356	0.04677609981045393	2.4534533468316204	7.671615919249789	0.81321896641062	4.66807736470877	-0.63492467408211	0.7537726599660036	5.276329198771791	0.7184356717412552	8.880499694878655	0.04756034338646024	8.816980331096934	0.04677609982357802	9.310703141115528	5.157829718882567e-11	1.3124092090865958e-11	False	False
86	8.817003201299945	0.05408844988180714	2.6736931313680583	6.865221734329083	0.7054452509140717	3.421403276414228	-0.70058452581018	0.653877203072253	1.9376440327783393	0.3672333472349259	8.901592119395103	0.05677631122873228	8.817003201270508	0.05408844986431291	8.81700320127051	-2.943778554254095e-11	-1.7494228288228442e-11	False	False
87	8.816997204174312	0.052923810595077586	2.849794384681366	6.814804181878869	0.7598299367755086	3.584546152569268	-0.5914451067469462	0.7042863683972189	1.7814581676370902	0.919393932786871	8.887270443619176	0.05694938255869033	8.81699720425214	0.052923810622163496	8.816997204252141	7.782752220464317e-11	2.708590990385673e-11	False	False
89	8.816992570051333	0.037836606168960105	3.1013795957228636	7.040348257126744	0.8357121298360461	2.734610052493961	-0.48275044657540034	0.7746215731450311	1.3911386915544797	0.7808988820656245	8.850223128224313	0.039464733346454395	8.816992569984363	0.037836606172480206	8.816992569984361	-6.697042920222884e-11	3.520100877452137e-12	False	False
92	8.817007373703794	0.04090432200683317	2.7922506236464923	7.676932244431534	0.8082691275747269	3.7407687030577854	-0.5015597625027102	0.7491846543490144	9.851928080551158	7.081916519439527	8.862295409226462	0.041407694748296434	8.817007373804124	0.040904322011450486	9.789941882261516	1.0033041064616555e-10	4.6173134760074674e-12	False	False
93	8.816972625446336	0.0528768935571695	3.447791366085966	7.546276447077423	0.7552540745856573	3.381624855800951	-0.4934450870478237	0.7000450017334457	5.8048510877563935	0.5892096491463269	8.861656239161166	0.053514085944886616	8.81697262548591	0.052876893563826875	10.066910126626135	3.957367766815878e-11	6.657376039331808e-12	False	False
103	8.81699411005343	0.04610230815302394	2.664847199195478	7.060715774169152	0.9109022476730735	2.968623501837683	-0.16068636020952054	0.8443152933681718	2.5943351441440825	0.4469253568995182	8.843045967398503	0.048991652830920614	8.816994111206379	0.04610230847410829	8.81699411120638	1.1529479593264114e-09	3.210843466106006e-10	False	False
104	8.81701044460699	0.05341393248258506	2.536742913182112	7.0645669146094	0.7862717571097089	3.4647904144742427	-0.3827694057549356	0.7287952916649891	1.4636016485465528	0.5641528820400038	8.884124638547515	0.055837459262821076	8.817010444496107	0.053413932465349805	8.817010444496107	-1.1088197027220303e-10	-1.7235254889946816e-11	False	False
106	8.817015989824407	0.04671131489834398	2.6931111161775294	7.639176252346312	0.7896525006234651	3.0253615731111	-0.5589563855914044	0.7319289028278898	11.633570963354096	7.948591049283767	8.851105996840067	0.04715550043869883	8.817015989462748	0.04671131480891523	10.094430729749442	-3.616591470745334e-10	-8.942874912820642e-11	False	False
108	8.817033883256835	0.0489964598108226	2.7306437136981043	7.395870950391455	0.8656434715485871	1.5424234136162254	-0.19306782588142407	0.8023649337783854	0.8110832497269425	0.06971919905606504	8.829447607377018	0.049454713999202295	8.81703388321218	0.04899645979286473	8.81703388321218	-4.4655834585682896e-11	-1.7957871301099715e-11	False	False
111	8.817004403493181	0.05554853235598803	2.3077991066640826	7.951968370219141	0.8193060722540072	2.7766123860396132	-0.2403910164911221	0.7594147983722392	0.49742595523831007	0.6132859424797299	8.833716213520697	0.05581448250157991	8.817004403486761	0.05554853235393155	12.132208550923282	-6.419753617592505e-12	-2.0564799863009853e-12	False	False
113	8.817041377767262	0.05011963477001723	2.9562686082846303	7.8120044527647625	0.8696433768100847	2.585245238994612	-0.18929092280191603	0.8060724459652675	3.052497191946319	6.136586078392128	8.84107513601941	0.05047689675617079	8.817041377710165	0.05011963475580792	9.858503595541357	-5.709743788884225e-11	-1.4209307341861432e-11	False	False
120	8.817052132455435	0.04296792092196589	2.8566784986275735	7.158906261562461	0.8301227177688871	1.7654030464735626	-0.2480308211347873	0.7694407470999814	0.20166770377860416	0.06606646660009463	8.832451171738388	0.043737255694335196	8.817052132446864	0.042967920918128906	8.817052132446866	-8.570921750106208e-12	-3.836986284255772e-12	False	False
122	8.817050587171204	0.04595813665820771	3.1800993527926527	7.084671666532586	0.8749920139632432	1.8609412406745505	-0.12570284015766603	0.8110300977425301	0.29564367968271843	1.4659941782611035	8.824231968410748	0.04719956176664807	8.817050587205987	0.04595813674930191	8.817050587205989	3.4782843272296304e-11	9.109420162634052e-11	False	False
123	8.816992014924939	0.039903018027391886	2.9302818840036053	7.225519452055583	0.8657266076766177	1.2884104512493284	-0.35121606513536513	0.8024419926554569	1.5475707749173766	5.234580954269723	8.817499404428784	0.040329653940332916	8.816992014586779	0.03990301793647321	8.816992014586779	-3.381597224461075e-10	-9.091867536614728e-11	False	False
125	8.816969234313227	0.04415072715855167	1.738648669377241	6.474522333017699	0.7939305960246436	1.176369267764982	-0.528603547736742	0.7358942694552421	0.9633676909718579	0.6225031556461715	8.785615074229598	0.04633361418053267	8.816969234473659	0.044150727193458174	8.816969234473659	1.6043166795043362e-10	3.4906501300557835e-11	False	False
126	8.81697706079805	0.04469342428405577	1.7999745412414336	7.44889983734374	0.7731207471412359	1.849517191402572	-0.7046936949315057	0.7166056205252115	5.39062582145402	5.595605781646971	8.83982065167134	0.04501633084531162	8.81697706079934	0.044693424283896395	9.331219867648668	1.2896350654045818e-12	-1.5937251518494122e-13	False	False
136	8.816962808150997	0.043426346902788834	1.752193363443746	7.420821115380056	0.8000635113926615	1.0316816420615065	-0.6057876224583594	0.7415788687098579	0.7608972836231165	0.141151938350987	8.82302264825151	0.04358456594594472	8.816962815143786	0.04342634689208	8.816962815143786	6.992788570414632e-09	-1.0708836595263449e-11	False	False
137	8.816971157129107	0.046090427586552095	1.8487035003284857	6.402554068558335	0.8345949836336375	0.7845821287726724	-0.3951618703547318	0.7735860903300186	1.0922038350365921	1.4354156054230003	8.754419457437674	0.047872395057924275	8.81697115717652	0.04609042760804092	8.816971157176521	4.7412740400432085e-11	2.1488824608617563e-11	False	False
138	8.816968892953392	0.04830934776914559	1.4795780929031326	6.7236570950786465	0.8496518656508658	1.1369825697305946	-0.33543321377774127	0.7875423142717874	0.87215811216497	0.7985305344910733	8.794679471939963	0.04986344076750043	8.816968893014339	0.048309347416008216	8.81696889301434	6.094680315982259e-11	-3.5313737350994856e-10	False	False
142	8.816980170655327	0.05006265714605081	0.9448638513104956	5.765477814985105	0.8369651358781961	0.6717005986579698	-0.34392415496776296	0.7757829844454999	1.5183502684760737	1.7409117077487843	8.768231121288341	0.06470630335992865	8.816980170704117	0.05006265714629593	8.816980170704117	4.878941695096728e-11	2.4512336604942675e-13	False	False
145	8.816969358288393	0.055294897955248	1.1925212143938022	6.528928309713791	0.7988875313482142	1.1884464653495754	-0.7157329928364788	0.7404888528066598	0.914944344971806	0.6025910911124022	8.797802199608642	0.057814382082718885	8.816969356041389	0.05529489799717478	8.81696935604139	-2.2470043603561862e-09	4.192678149106399e-11	False	False
