Iteration_step	Porb	eccentricity	Wdisk	logQ	primary_mass	age	feh	secondary_mass	posterior_probability	acceptance_ratio	inital_orbital_period	initial_eccentricity	current_orbital_period	current_eccentricity	current_spin	delta_e	delta_p	bad_solution_flag	gsl_flag	
1	9.122	0.252	4.1	7.125744153362705	1.024563030621552	4.049835253026934	-0.050893971247255754	0.7884012520632843	433.44995078198326	0.0	9.466590171665628	0.2859287412305069	9.121999999674225	0.25199999998268807	7.95847959744721	-3.2577496256180893e-10	-1.731192966758499e-11	False	False
68	9.122028078683842	0.25192630597612553	4.169421606026188	7.19986525949933	1.081230536339926	2.9290714471465704	0.04671569837891011	0.832006897713573	224.0162332453922	0.5168214527219266	9.306396661388806	0.2735769356877298	9.122028078087453	0.2519263059350817	8.012568564344178	-5.963887161897219e-10	-4.104383499736741e-11	False	False
97	9.122015459328631	0.2513220035115011	3.789367203996615	6.847335581689468	1.0127955019498998	2.625633469984124	-0.07836108359259047	0.7793461387504478	108.19617200019404	0.4829836232523097	9.400534573678762	0.2802901839622147	9.121993205967527	0.24717505635608325	7.738722912885568	-2.2253361104063174e-05	-0.0041469471554178294	False	False
101	9.122039804995724	0.250639519481407	3.059104444666638	7.235176050429943	1.1174890857011295	2.4320391126060676	0.11452290329725832	0.8599078514470191	43.527501386390334	0.40230167649842796	9.251194729176307	0.2677473729485435	9.122039805104052	0.2506395194881231	8.140264681774813	1.0832756913714547e-10	6.7160721428649595e-12	False	False
113	9.122018503132336	0.2515111562936636	3.071972250906042	7.170629109670097	1.0566071085928537	2.74136228966513	0.006313425480078544	0.8130591700622009	79.13527740802206	1.8180523780941202	9.287406609834676	0.27113805632805793	9.122020734419204	0.25151125762050947	8.374027329830593	2.231286867271365e-06	1.01326845858285e-07	False	False
151	9.122032754929558	0.2516475947844006	2.8248310176008085	7.22666800840544	1.0736318833653675	3.5816154526199995	0.0509830946291793	0.8261597342496503	177.95371128985258	2.2487279645501457	9.377193108702933	0.27840272178587366	9.122032755082278	0.25164759479353965	8.09366217264898	1.5272050291059713e-10	9.139078382958132e-12	False	False
211	9.121975900949407	0.252880091020574	3.38652140388317	6.907021678509601	0.9633107037585648	3.303241184009035	-0.1436416000245312	0.7412675865422156	137.81215233416714	0.7744269638169978	9.461642251548293	0.2869812856749513	9.121975900117148	0.2528800909409034	7.841484586001022	-8.322587063958053e-10	-7.96706034478234e-11	False	False
257	9.12197869447469	0.25246862185722063	3.339152940599057	7.103878481074606	1.0246191783820568	2.404764624826244	-0.09684531630874679	0.7884444577649927	78.92695195092666	0.5727140213262504	9.260980553224174	0.26986275043272795	9.121978693166115	0.252468621785523	8.364192854885122	-1.3085745820262673e-09	-7.16976478187803e-11	False	False
272	9.121973610943416	0.2521892086207559	2.681987454052115	7.000785392245366	0.9728900659448226	3.5120366309966338	-0.10463942070459079	0.748638905744541	87.8551989600068	1.113120382687923	9.424728081295532	0.28281448467809084	9.121973610742838	0.2521892086420033	8.354230586228079	-2.0057733252087928e-10	2.1247392734125015e-11	False	False
324	9.122003896295364	0.25347902702095954	2.4000488412211745	7.036286587829496	0.9948845995633236	2.9993004801376193	-0.12717138564455124	0.7655636993639775	139.2114136405633	1.5845552145859318	9.359476900507167	0.2788235739131113	9.122003905030239	0.2534790274661437	8.081574372721317	8.734874157312333e-09	4.451841673080992e-10	False	False
342	9.122007800519592	0.25349405264978364	2.7456582155030502	7.018324367656174	0.9404081565856597	3.7652946731999672	-0.26644970851795846	0.723644076492665	4.57089026313279	0.032834163116356195	9.422388218958512	0.28284046027859244	9.122007801251252	0.2534940526843215	8.627822274944112	7.316600658668904e-10	3.4537872561912764e-11	False	False
364	9.122012782089659	0.2527143389985237	3.1317803804447135	7.1320781420527	1.0243445022927558	3.4400415290784894	-0.024370659437726296	0.7882330945142755	187.18399313588327	40.95132071877643	9.374662901810828	0.2790902970988566	9.12201278189182	0.2527143389946809	8.237875897517577	-1.978381902745241e-10	-3.842814955135054e-12	False	False
366	9.122033569486577	0.25225617836861325	3.876320082361059	7.094496735301556	1.0162944629442296	3.6962842474285695	-0.09255431357877168	0.7820385892355847	178.7673762763717	0.955035595092783	9.43308863348516	0.28374422860591314	9.122033569793391	0.2522561783699086	7.962432754292722	3.0681412965805066e-10	1.2953527139814014e-12	False	False
371	9.122027237717072	0.2519889851907819	4.395787280725272	7.268902220213151	1.0830329060009445	3.8561449824281757	0.12596795169636976	0.8333938211677268	190.92004889252857	1.0679803713031455	9.37420760169967	0.2783462596494628	9.122027238435066	0.2519889852665954	8.222908222749199	7.179945527013842e-10	7.581352212682191e-11	False	False
426	9.122044486878806	0.2521127702642173	4.183990933525878	7.179423273468086	1.0562307707405942	3.4700133428108164	0.03884841594766819	0.8127695780848873	433.4142839904359	2.2701349937031	9.367252536819073	0.2783548782677589	9.12204448511842	0.25211277012019084	8.104245144724922	-1.7603856150572028e-09	-1.4402645742706e-10	False	False
491	9.12201826375942	0.25162744609911264	4.206495187732795	7.436129795894369	1.1537514410438692	3.687448930427277	0.20677856331702943	0.8878117338832573	2896.9876206245995	6.6841073947819565	9.319651643222024	0.2732673768458238	9.122018265980056	0.25162744620736915	8.219705959820418	2.220636119432129e-09	1.0825651486356946e-10	False	False
622	9.12200334006664	0.2518369378083665	3.694744044752958	7.497900565605851	1.1872343937869603	0.9749530970358121	0.22409873147547843	0.9135768660190658	6635.11205711875	2.2903487781173877	9.101664707050594	0.25357040311975104	9.122003340385904	0.25183693780226885	7.8933562185231265	3.19264614745407e-10	-6.097677918148747e-12	False	False	False
655	9.122021471141085	0.2525290932101963	3.4595566934818716	7.098924890103159	1.1521757020583223	1.1807533669657844	0.16350915483783124	0.8865992027338789	2534.323115877574	0.3819563398569165	9.120086301743658	0.2532903737213891	9.121854129490403	0.2455707582103568	7.9960651807542105	-0.00016734165068221785	-0.0069583349998394994	False	False	False
687	9.121971498339928	0.25202116722758344	4.364999676764035	7.513167785590815	1.1680264615186917	3.752429412851305	0.18936728984855794	0.8987963621386332	3176.688583508991	1.2534662859707935	9.307294584956457	0.2722188802985026	9.121971498498503	0.25202116727147367	8.257319393770343	1.5857537505326036e-10	4.389022478790139e-11	False	False	False
692	9.122037577989987	0.2521544364034466	4.043446373497033	7.415363139604078	1.1256902733948764	4.046373954250094	0.08697074935064268	0.8662186653773574	1556.767083957432	0.4900597093586734	9.371463547203337	0.2778424282472316	9.122037577500658	0.25215443635590057	7.936279471432195	-4.893294658359082e-10	-4.7546022674538335e-11	False	False	False
707	9.122020884980339	0.2514593343985521	3.955001524159419	7.32874883252518	1.1201639318507854	2.46170748761439	0.060651354571348834	0.8619661455591794	450.6411686920359	0.2894724415334299	9.226131456570968	0.26570191791734354	9.122018758994964	0.251459234364369	8.437209726053299	-2.125985375300843e-06	-1.0003418310366996e-07	False	False	False
730	9.122034281745947	0.25164738806237996	4.128815115966035	7.546197547884468	1.1022276003418316	0.7766291718075039	0.04725931207692412	0.8481641384630394	457.7815984289217	1.015845045310908	9.102238442217393	0.25215677422360283	9.122034281057163	0.25164738801491016	7.7163280627259025	-6.887841408342865e-10	-4.746980586389782e-11	False	False	False
759	9.122040084760895	0.2510863036773858	3.2289320108635846	7.01474303928917	1.0772455902238733	1.295435928733069	0.09363706922361476	0.8289404816772705	131.52251218992362	0.28730406080388726	9.153352960691658	0.2606822058377085	9.122040085324057	0.2510863036831177	7.711861045291514	5.631619615087402e-10	5.731859431534758e-12	False	False	False
783	9.122076257761666	0.251583267616787	3.557208957214657	7.455688875872336	1.0936059444260207	0.8614094407783198	0.015740193157337018	0.8415297742358229	22.40826020084824	0.17037585298317479	9.105153058058129	0.25276451908835634	9.122076322559423	0.2515832708635362	8.203596401182102	6.479775649381736e-08	3.246749202823196e-09	False	False	False
818	9.122000413013682	0.2509810822027807	4.029921833046025	7.309985525817631	1.1348213520653054	1.0352140598045527	0.15854072820390808	0.8732450304142525	1814.5145223809593	80.97525225596375	9.106800896770617	0.2540743829845607	9.122000412945091	0.25098108217795234	8.175436285249205	-6.859046663976187e-11	-2.4828361588902226e-11	False	False	False
847	9.122009094156086	0.2516492849156725	4.365731234647854	7.20299014561223	1.1346883846950777	1.6667831501820465	0.23462568408689657	0.8731427120228623	4163.904927817002	2.294776303224751	9.16671696775873	0.2616499210693849	9.122009095124577	0.2516492850094587	8.007332767614738	9.684910651230894e-10	9.378620102751256e-11	False	False	False
1206	9.122012503867449	0.2509707855883029	2.8609902341521485	7.123184709810305	1.064505690730623	0.9041809841326038	-0.05097635021599538	0.8191371290172144	1109.3554933350565	0.26642190745614713	9.107317633592483	0.2546031069178459	9.12201750817769	0.2509710614847515	7.992876616482949	5.004310240863674e-06	2.7589644863157403e-07	False	False	False
1230	9.121980139722767	0.25081376266879735	1.6675841772380482	7.022822035011017	1.0550923675395039	1.0201036154700394	-0.056239574176887894	0.8118935768216482	714.4588759575595	0.6440305927630836	9.13751067478119	0.2576671779621557	9.121980140568656	0.2508137626941678	7.935974728929284	8.458886924245235e-10	2.537042798067546e-11	False	False	False
1281	9.121952972753709	0.2515410511647166	2.8166628448722735	7.426601345426225	1.0740415471351354	0.6665577499150221	0.023530831473470508	0.8264749705204867	70.87151573812835	0.09919607429208883	9.101312950636284	0.25210377773179965	9.121952972845692	0.2515410511494116	7.650357540860056	9.198330985782377e-11	-1.5304979505970095e-11	False	False	False
1306	9.122033457789264	0.25160429753119357	2.234111909341231	7.159779397050391	1.1224864596397033	2.681837214575077	0.17187902393437118	0.8637533306927516	24.173229490802473	0.34108526167442266	9.325240515893398	0.2754636739386075	9.122033735230396	0.25160430995135485	7.444405661797578	2.774411314021563e-07	1.2420161288329012e-08	False	False	False
1308	9.122024955897796	0.25274763235031084	1.5607102993039512	7.232090832926675	1.1187473610527408	1.6256407603481053	0.0006014168327125868	0.8608760943300839	1854.6837778690328	76.72469988235169	9.188303121623155	0.26357981986817636	9.122024956074048	0.25274763236159464	7.872088424278602	1.7625190196213225e-10	1.128380722192901e-11	False	False	False
1360	9.12196983878943	0.2522604041550261	1.4783628873382026	7.294923798426729	0.9776814417053086	6.026956516070049	-0.27097860454224215	0.7523258693922349	495.6917539998207	0.26726483507035	9.568149618733845	0.29049048180520687	9.121969838879247	0.25226040415924617	8.402166024507215	8.981615451375546e-11	4.2200687389026825e-12	False	False	False
