Step	Time_elapsed
1	0.0
2	1582678770.6418283
3	1582678770.6418283
4	1233.1047818660736
5	719.2970285415649
6	1034.1053771972656
7	740.8758862018585
8	673.0069012641907
9	896.4579980373383
10	775.6757309436798
11	756.335773229599
12	559.2273154258728
13	742.881753206253
14	857.4781382083893
15	677.6943695545197
16	1213.26673746109
17	1140.5524649620056
18	969.3365435600281
19	1145.557783126831
20	780.028085231781
21	763.4456503391266
22	725.4481883049011
23	857.8923895359039
24	644.1736512184143
25	888.541337966919
26	804.4495625495911
27	1280.0563669204712
28	898.9734044075012
29	725.298731803894
30	961.9505794048309
31	562.1425883769989
32	657.3741540908813
33	485.2311224937439
34	465.1108601093292
35	451.83604669570923
36	629.5818796157837
37	276.0187704563141
38	586.6557142734528
39	744.9908709526062
40	740.2274284362793
41	477.8514382839203
42	450.27071809768677
43	577.7258985042572
44	296.9485149383545
45	425.35392212867737
46	565.2238583564758
47	414.7188754081726
48	364.10874819755554
49	698.4812986850739
50	379.5895299911499
51	432.20831418037415
52	532.0791749954224
53	660.2812442779541
54	500.9247169494629
55	763.3374607563019
56	558.4469785690308
57	586.0482044219971
58	279.1527669429779
59	414.6656732559204
60	490.9008800983429
61	453.5910050868988
62	754.2909502983093
63	284.7459146976471
64	532.8459932804108
65	451.4800479412079
66	367.97030997276306
67	357.8100371360779
68	610.493834733963
69	369.77489948272705
70	538.3827939033508
71	659.777898311615
72	138.12005972862244
73	308.3932740688324
74	344.64485216140747
75	383.85622119903564
76	377.2859401702881
77	906.2358362674713
78	278.87267112731934
79	420.01798820495605
80	321.22987031936646
81	185.1820650100708
82	380.6487774848938
83	310.93450117111206
84	170.05973887443542
85	117.43695092201233
86	117.43695092201233
87	160.8798851966858
88	406.5638334751129
89	171.4636425971985
90	171.4636425971985
91	230.69477248191833
92	173.9417564868927
93	65.04755401611328
94	124.53282618522644
95	27.803780555725098
96	115.03170657157898
97	341.43813586235046
98	341.43813586235046
99	341.43813586235046
100	246.1289246082306
101	242.02796483039856
102	99.21356678009033
103	410.1515374183655
104	172.40710759162903
105	67.99448585510254
106	108.44484996795654
107	233.17808365821838
108	93.96710109710693
109	22.81755495071411
110	71.68211150169373
111	165.69334411621094
112	242.84299755096436
113	197.54519772529602
114	310.0290241241455
115	305.1981270313263
116	380.7730631828308
117	317.20080614089966
118	197.51308679580688
119	79.3501079082489
120	409.65102910995483
121	18.252777814865112
122	106.05048489570618
123	165.50578904151917
124	706.9149606227875
125	285.7084560394287
126	176.12213253974915
127	233.21104979515076
128	233.21104979515076
129	134.32911801338196
130	356.8154082298279
131	378.8024694919586
132	338.72893357276917
133	407.2479238510132
134	523.8064143657684
135	391.90103459358215
136	1202.0152382850647
137	472.1225063800812
138	290.0755820274353
139	406.75628662109375
140	609.1837644577026
141	778.1013391017914
142	638.66082239151
143	636.7161784172058
144	757.6339473724365
145	543.4372982978821
146	505.8881096839905
147	507.3273708820343
148	314.5832431316376
149	669.6364800930023
150	271.8484287261963
151	136.7796597480774
152	371.72170782089233
153	156.2352910041809
154	145.28667664527893
155	145.28667664527893
156	145.28667664527893
157	444.14336133003235
158	237.91716027259827
159	372.29077434539795
160	551.0964300632477
161	241.57438397407532
162	117.76514863967896
163	78.76085376739502
164	259.38275933265686
165	201.22838401794434
166	207.0483317375183
167	442.81884241104126
168	94.02515721321106
169	126.81680512428284
170	140.905503988266
171	253.49402451515198
172	273.44028091430664
173	207.91227889060974
174	191.49511742591858
175	378.3798382282257
176	287.90144395828247
177	395.8707275390625
178	141.68076992034912
179	165.66208243370056
180	345.5400104522705
181	406.15332651138306
182	406.15332651138306
183	577.7120933532715
184	423.80170345306396
185	438.9658269882202
186	297.0211007595062
187	231.21804428100586
188	110.2496566772461
189	492.90117597579956
190	300.39952754974365
191	97.17662310600281
192	157.62111377716064
193	113.57635021209717
194	160.63174962997437
195	162.43469333648682
196	216.54083132743835
197	153.43570351600647
198	191.59832787513733
199	211.04552459716797
200	170.83684158325195
201	155.2172303199768
202	141.9990212917328
203	115.77166938781738
204	291.3480863571167
205	218.46707272529602
206	400.39578127861023
207	71.09511017799377
208	187.79551720619202
209	112.47495198249817
210	309.1487400531769
211	51.420817852020264
212	267.1659276485443
213	120.26464223861694
214	172.91457104682922
215	279.8212847709656
216	115.11754631996155
217	181.04472160339355
218	231.5420470237732
219	227.06397414207458
220	232.42703819274902
221	169.12032794952393
222	243.94708395004272
223	155.77846431732178
224	256.14610385894775
225	75.02253270149231
226	125.52439546585083
227	111.18146896362305
228	149.3065767288208
229	179.54657125473022
230	151.30363082885742
231	146.83718299865723
232	203.32890605926514
233	110.2080557346344
234	262.295202255249
235	97.86490154266357
236	211.9852397441864
237	181.694682598114
238	182.94856524467468
239	125.24827837944031
240	148.56742429733276
241	105.30450987815857
242	121.94870948791504
243	135.10206747055054
244	161.22970604896545
245	161.22970604896545
246	187.50611853599548
247	169.49460196495056
248	187.35808205604553
249	128.5308277606964
250	78.89897561073303
251	156.23098397254944
252	118.48369765281677
253	139.10754299163818
254	169.76081013679504
255	273.8572630882263
256	119.30793142318726
257	50.91645908355713
258	161.6801986694336
259	161.6801986694336
260	161.6801986694336
261	112.96740746498108
262	241.62302422523499
263	176.96232867240906
264	289.7795374393463
265	213.9792811870575
266	283.23762488365173
267	126.21259760856628
268	152.60743975639343
269	328.470933675766
270	108.54096341133118
271	182.41765975952148
272	201.9723620414734
273	111.06481051445007
274	85.39989876747131
275	117.17796015739441
276	148.12556385993958
277	78.94538044929504
278	168.35443806648254
279	160.09214234352112
280	100.85670566558838
281	139.6849763393402
282	88.9573564529419
283	88.9573564529419
284	100.45931911468506
285	246.21640348434448
286	130.39235854148865
287	258.6925721168518
288	111.62330794334412
289	252.15817022323608
290	157.16767001152039
291	79.7882444858551
292	30.791794776916504
293	393.8724970817566
294	235.47931957244873
295	127.94299507141113
296	289.46694350242615
297	191.6068353652954
298	180.07336926460266
299	221.1225848197937
300	258.5588734149933
301	233.17089986801147
302	151.0673532485962
303	204.4487943649292
304	136.940269947052
305	169.3418562412262
306	87.08184742927551
307	222.10792660713196
308	118.56525230407715
309	206.93001508712769
310	165.05531454086304
311	239.66678071022034
312	401.8289077281952
313	199.5589725971222
314	95.11429023742676
315	130.81009984016418
316	386.3826162815094
317	184.43454480171204
318	173.4607012271881
319	216.04843974113464
320	339.0015368461609
321	142.34024906158447
322	180.42480444908142
323	561.5767688751221
324	296.67158222198486
325	260.18534994125366
326	289.88727259635925
327	464.2822198867798
328	561.7487149238586
329	182.71374320983887
330	324.81747460365295
331	207.8868727684021
332	385.15762209892273
333	490.5147051811218
334	472.9629464149475
335	305.6698577404022
336	448.52762055397034
337	317.80615973472595
338	458.8695707321167
339	390.8821647167206
340	222.1024136543274
341	332.34501791000366
342	379.9788432121277
343	377.13171100616455
344	315.40645718574524
345	434.26796650886536
346	429.9727394580841
347	275.8636734485626
348	339.57674384117126
349	1468.9543752670288
350	750.0348286628723
351	750.0348286628723
352	378.94621324539185
353	378.94621324539185
354	616.5004048347473
355	1020.3851194381714
356	839.9201290607452
357	767.1930446624756
358	1083.6064467430115
359	23096.643778562546
360	799.5722897052765
361	828.8114659786224
362	906.8938183784485
363	1413.349853515625
364	1777.5626213550568
365	702.2655630111694
366	921.7138905525208
367	1062.2643220424652
368	22221.817415237427
369	1582968115.0099018
370	1582968115.0099018
371	1582968115.0099018
372	199.75602841377258
373	943.2962422370911
374	1892.5900921821594
375	4367.707077026367
376	1982.2895789146423
377	3486.1561636924744
378	2288.4816722869873
379	2088.2313573360443
380	2242.341989517212
381	1725.0870728492737
382	979.4465429782867
383	1475.9011795520782
384	1475.9011795520782
385	1520.6650557518005
386	1717.7199227809906
387	2116.9398567676544
388	2340.0757644176483
389	1887.461963891983
390	3064.7607781887054
391	2703.757586956024
392	1180.9211883544922
393	2394.6661987304688
394	2061.4906589984894
395	5010.698747634888
396	1595.0806140899658
397	2718.030769586563
398	4311.914466381073
399	2528.9674026966095
400	1782.1774797439575
401	1244.5510849952698
402	1910.1681973934174
403	1444.6784162521362
404	2106.6721148490906
405	2904.6733553409576
406	2946.1231939792633
407	2131.140273809433
408	3219.857167005539
409	2281.090103626251
410	1631.1786875724792
411	1370.8126797676086
412	1003.2419118881226
413	2374.2653980255127
414	1177.9746444225311
415	899.2863101959229
416	809.8157887458801
417	810.3466300964355
418	890.7373898029327
419	786.6509983539581
420	1242.199417591095
421	1117.2671999931335
422	870.9690444469452
423	942.4647374153137
424	1689.159120798111
425	1022.8679392337799
426	943.1700465679169
427	918.0215439796448
428	566.1219494342804
429	1170.9109904766083
430	913.0483992099762
431	1216.5564134120941
432	1238.232191324234
433	1192.3574526309967
434	1423.584406375885
435	986.3752014636993
436	1225.1783356666565
437	2112.291067123413
438	773.9184145927429
439	1298.84996175766
440	1298.84996175766
441	1105.2936692237854
442	1317.1024899482727
443	1440.977444410324
444	3190.5541446208954
445	1436.5418787002563
446	1464.3397693634033
447	2788.222034215927
448	2895.281430006027
449	37712.496450424194
450	37712.496450424194
451	1583452980.333152
452	2065.628604888916
453	2382.468186855316
454	30316.10341477394
455	39906.568870306015
456	28865.08415389061
457	28865.08415389061
458	3027.083426475525
459	3027.083426475525
460	2596.901180267334
461	6689.10405921936
462	4614.225870370865
463	3881.390904188156
464	3881.390904188156
465	3137.114914417267
466	1913.396548986435
467	1364.8862886428833
468	4128.878051519394
469	25306.777928590775
470	0.0
471	3756.3097138404846
472	5637.499527215958
473	5637.499527215958
474	6137.285321235657
475	6137.285321235657
476	2517.143830537796
477	2517.143830537796
478	2595.404431581497
479	4086.017577648163
480	1965.4487607479095
481	3900.0784599781036
482	3928.6395938396454
483	6006.391155004501
484	1301.4836988449097
485	4664.488293647766
486	4664.488293647766
487	2124.388581752777
488	0.0
489	0.0
490	4250.607244491577
491	5874.772173404694
492	3653.8336622714996
493	8949.78193306923
494	8949.78193306923
495	60566.655581235886
496	60566.655581235886
497	2887.771668434143
498	5259.623069524765
499	5259.623069524765
500	4099.698388814926
501	4099.698388814926
502	4099.698388814926
503	2158.301109790802
504	2920.6096770763397
505	1349.3615074157715
506	2122.0442855358124
507	6339.855317354202
508	2136.1010143756866
509	4640.169278144836
510	6745.985681772232
511	6880.022587299347
512	2055.98667883873
513	4434.378539562225
514	3386.7222933769226
515	2875.586415052414
516	2111.62908244133
517	1763.9216499328613
518	9593.425962924957
519	1462.66521859169
520	1479.4235146045685
521	0.0
522	661.8185179233551
523	2993.5240471363068
524	584.2420880794525
525	300.4969036579132
526	7638.121237277985
527	604.6487126350403
528	1098.1524376869202
529	1098.1524376869202
530	1098.1524376869202
531	768.0449376106262
532	1029.9577753543854
533	755.4236927032471
534	24431.83670425415
535	1495.3327357769012
536	626.4598424434662
537	943.4238958358765
538	972.1092526912689
539	444.7814483642578
540	623.4144997596741
541	1504.885202884674
542	1398.2145583629608
543	1247.8333978652954
544	702.1581003665924
545	716.4102401733398
546	1026.9753527641296
547	452.26715874671936
548	778.7032482624054
549	332.15124225616455
550	435.0982458591461
551	435.0982458591461
552	276.0856454372406
553	420.99783992767334
554	420.99783992767334
555	609.1191554069519
556	472.4895029067993
557	728.350394487381
558	121.43440222740173
559	824.945966720581
560	225.77156519889832
561	394.4772698879242
562	44.70976901054382
563	223.09290218353271
564	339.4748136997223
565	383.050354719162
566	351.8100006580353
567	217.26358771324158
568	287.26153445243835
569	117.51548361778259
570	207.45997262001038
571	222.24320673942566
572	474.36047101020813
573	119.77003002166748
574	245.31306982040405
575	120.07632160186768
576	92.42303586006165
577	92.42303586006165
578	451.6798634529114
579	552.557630777359
580	154.1003315448761
581	191.22294092178345
582	165.29806804656982
583	478.0398714542389
584	328.87347507476807
585	285.94753408432007
586	214.52866053581238
587	277.0141348838806
588	495.1793076992035
589	361.65342807769775
590	585.8619384765625
591	464.60746693611145
592	167.47714161872864
593	372.12802958488464
594	489.38667035102844
595	184.0495731830597
596	450.3024764060974
597	621.2302811145782
598	265.3670082092285
599	242.96114301681519
600	326.3739514350891
601	207.6769983768463
602	162.05228662490845
603	245.5064823627472
604	192.32460808753967
605	55.50155210494995
606	55.50155210494995
607	171.79530501365662
608	148.6292588710785
609	140.80172991752625
610	127.70620656013489
611	127.70620656013489
612	283.6751627922058
613	142.33264255523682
614	142.33264255523682
615	308.4007365703583
616	250.0138909816742
617	291.74779295921326
618	573.4039115905762
619	129.16181755065918
620	173.90214443206787
621	131.3498649597168
622	149.2862024307251
623	501.84089374542236
624	501.84089374542236
625	501.84089374542236
626	125.63398694992065
627	492.1271872520447
628	298.3960177898407
629	750.3867104053497
630	694.0537803173065
631	1018.7610516548157
632	1266.5783684253693
633	518.8265042304993
634	879.2214696407318
635	701.6829173564911
636	514.1449418067932
637	892.9836792945862
638	870.2322778701782
639	405.176283121109
640	291.6280403137207
641	338.38023233413696
642	532.0792191028595
643	354.7812705039978
644	372.82539081573486
645	210.4604208469391
646	393.37401247024536
647	474.36738896369934
648	208.3832836151123
649	200.5937602519989
650	341.3920819759369
651	106.13974213600159
652	240.28498148918152
653	234.45640993118286
654	299.6341428756714
655	333.7721018791199
656	333.7721018791199
657	333.7721018791199
658	166.58373093605042
659	139.23728919029236
660	343.87655210494995
661	429.9381048679352
662	317.30193519592285
663	296.9486770629883
664	148.4167914390564
665	240.54712462425232
666	205.60961031913757
667	273.11684560775757
668	120.37459826469421
669	329.93442964553833
670	113.9331443309784
671	387.1055383682251
672	245.0782287120819
673	591.0344150066376
674	274.6669385433197
675	230.6898102760315
676	409.07179284095764
677	331.77479696273804
678	470.82796931266785
679	159.23797059059143
680	196.89755368232727
681	182.17763710021973
682	186.0045828819275
683	116.92375087738037
684	225.70993995666504
685	415.60848903656006
686	287.59779047966003
687	137.49252128601074
688	348.79148268699646
689	129.24035549163818
690	328.3086094856262
691	236.39040684700012
692	323.090176820755
693	394.76043176651
694	452.21811509132385
695	323.7442924976349
696	724.0204272270203
697	281.0569853782654
698	585.7374970912933
699	301.65826082229614
700	530.7097516059875
701	166.91607522964478
702	230.08993077278137
703	166.74217987060547
704	163.33054852485657
705	189.11695098876953
706	136.06855535507202
707	318.2635443210602
708	575.5306067466736
709	201.2402424812317
710	156.48193311691284
711	231.27851247787476
712	93.45787620544434
713	250.48028874397278
714	302.8380012512207
715	220.20270490646362
716	604.7484843730927
717	251.7910099029541
718	310.0531368255615
719	587.892927646637
720	352.34596157073975
721	75.62640428543091
722	301.2647976875305
723	336.4085283279419
724	313.2624547481537
725	714.9303867816925
726	885.9620792865753
727	467.03531432151794
728	581.6003167629242
729	277.9392976760864
730	348.865341424942
731	348.865341424942
732	740.75936460495
733	740.75936460495
734	522.5185205936432
735	521.5571525096893
736	873.7507886886597
737	603.5675237178802
738	757.6460864543915
739	392.1446764469147
740	262.3232228755951
741	50.575122356414795
742	50.575122356414795
743	50.575122356414795
744	129.72101759910583
745	49.758609771728516
746	327.24122977256775
747	311.43885612487793
748	24234.74982380867
749	1219.5234649181366
750	5406.9983086586
751	13584.469830513
752	1357.2221128940582
753	809.5564455986023
754	809.5564455986023
755	809.5564455986023
756	1878.1689627170563
757	0.0
758	0.0
759	9231.66840171814
760	9231.66840171814
761	9231.66840171814
762	13826.584283590317
763	13826.584283590317
764	544.9843280315399
765	544.9843280315399
766	12756.214453697205
767	12756.214453697205
768	12756.214453697205
769	1991.465317249298
770	1991.465317249298
771	12151.81899857521
772	12151.81899857521
773	6997.4443991184235
774	6997.4443991184235
775	12931.479553222656
776	8924.37828540802
777	8924.37828540802
778	8924.37828540802
779	1386.837510585785
780	1060.9863517284393
781	474.2703948020935
782	1071.6519436836243
783	1642.2745788097382
784	15058.023000955582
785	12303.295612335205
786	1723.4078028202057
787	520.5327949523926
788	434.3017930984497
789	440.1314103603363
790	785.8628489971161
791	661.5317618846893
792	869.2005317211151
793	13318.991612672806
794	22588.53909754753
795	628.6636002063751
796	200.92222833633423
797	150.3153042793274
798	150.3153042793274
799	212.83941459655762
800	800.4616844654083
801	800.4616844654083
802	800.4616844654083
803	0.0
804	2351.640287399292
805	3367.3238339424133
806	3367.3238339424133
807	326.18925857543945
808	2248.791062116623
809	2248.791062116623
810	4253.790608167648
811	926.8086905479431
812	485.27227902412415
813	485.27227902412415
814	489.7109227180481
815	343.8013229370117
816	349.7752411365509
817	677.8498103618622
818	492.4441125392914
819	939.0038990974426
820	871.9917299747467
821	1066.39301943779
822	832.0249743461609
823	1776.6783878803253
824	33106.15748810768
825	30897.387515068054
826	25338.85892033577
827	345.59913182258606
828	261.8166735172272
829	183.3088915348053
830	391.5986967086792
831	523.9464571475983
832	201.60436749458313
833	174.47501301765442
834	246.46601843833923
835	204.1489851474762
836	332.54559206962585
837	461.6308853626251
838	230.60620093345642
839	155.7306010723114
840	155.7306010723114
841	155.7306010723114
842	365.5929796695709
843	335.04972553253174
844	203.50124764442444
845	435.7276289463043
846	320.697048664093
847	248.9905927181244
848	248.9905927181244
849	482.9639775753021
850	195.58724284172058
851	242.35936760902405
852	242.35936760902405
853	189.5819149017334
854	199.94998836517334
855	109.41585969924927
856	412.758855342865
857	85.18781757354736
858	324.1406753063202
859	212.52650785446167
860	254.90979099273682
861	142.0563657283783
862	75.02067041397095
863	128.84069538116455
864	165.40743494033813
865	244.88319754600525
866	108.94612717628479
867	131.51200485229492
868	180.97661757469177
869	353.37665939331055
870	106.85206079483032
871	443.40549993515015
872	334.9772779941559
873	589.51313829422
874	231.38968873023987
875	287.7169358730316
876	199.45741605758667
877	500.01551365852356
878	223.19443607330322
879	174.6715385913849
880	229.37321972846985
881	358.1983823776245
882	261.03238892555237
883	338.10704469680786
884	338.10704469680786
885	248.9772675037384
886	82.3958387374878
887	101.27754878997803
888	268.56480956077576
889	215.36059165000916
890	215.36059165000916
891	38.33529853820801
892	175.57940769195557
893	454.5613114833832
894	115.19981575012207
895	283.4962739944458
896	304.62025141716003
897	160.26582884788513
898	124.70646405220032
899	124.70646405220032
900	98.30460786819458
901	98.30460786819458
902	217.5692377090454
903	217.5692377090454
904	84.7936680316925
905	51.57013392448425
906	69.65201234817505
907	122.5902738571167
908	20.318111419677734
909	94.98398804664612
910	244.2130982875824
911	180.17201471328735
912	170.12086749076843
913	222.67711210250854
914	222.67711210250854
915	222.67711210250854
916	222.67711210250854
917	86.97072076797485
918	293.6373598575592
919	213.57551956176758
920	313.3223383426666
921	313.3223383426666
922	175.26953959465027
923	175.26953959465027
924	150.3577058315277
925	365.2535605430603
926	321.1416163444519
927	288.6507179737091
928	271.3438823223114
929	271.3438823223114
930	467.48952651023865
931	467.48952651023865
932	467.48952651023865
933	109.0512146949768
934	218.17112231254578
935	238.5703685283661
936	106.1944305896759
937	373.0138554573059
938	447.9404881000519
939	173.51927971839905
940	188.81999611854553
941	72.26772928237915
942	166.36763787269592
943	197.7938849925995
944	198.81031727790833
945	77.30886054039001
946	109.14425992965698
947	223.04611897468567
948	170.18504166603088
949	227.9731719493866
950	324.9445960521698
951	348.4022717475891
952	368.1231143474579
953	295.97748160362244
954	295.97748160362244
955	872.0883188247681
956	148.91298246383667
957	546.9026038646698
958	18511.33226776123
959	259.89938521385193
960	133.18892359733582
961	158.32885479927063
962	270.74125051498413
963	251.69483828544617
964	846.7756454944611
965	502.2270436286926
966	395.13303661346436
967	348.16926431655884
968	384.2641851902008
969	98.022451877594
970	826.8771271705627
971	1050.3120267391205
972	1020.9577360153198
973	1074.446163892746
974	1184.8391931056976
975	1030.0761613845825
976	699.0176718235016
977	899.8686785697937
978	580.7426021099091
979	323.61468410491943
980	399.3065218925476
981	561.508593082428
982	432.1515769958496
983	297.18271470069885
984	758.6012971401215
985	871.1377205848694
986	292.7481052875519
987	219.73856592178345
988	219.73856592178345
989	219.73856592178345
990	219.73856592178345
991	366.6826403141022
992	345.92606806755066
993	1028.8165805339813
994	310.49810123443604
995	310.49810123443604
996	93.37488341331482
997	426.48173546791077
998	297.2365097999573
999	327.37142634391785
1000	331.0922122001648
1001	229.29460215568542
1002	317.0530445575714
1003	358.99675035476685
1004	247.21404576301575
1005	442.41500544548035
1006	292.7011151313782
1007	468.3225431442261
1008	159.0523669719696
1009	134.79345083236694
1010	263.3406217098236
1011	76.35992431640625
1012	212.34095549583435
1013	115.9844822883606
1014	79.13324475288391
1015	278.3550384044647
1016	385.0923080444336
1017	385.0923080444336
1018	354.29314661026
1019	354.29314661026
1020	354.29314661026
1021	354.29314661026
1022	252.79006481170654
1023	622.3408448696136
1024	685.4026808738708
1025	109.42745900154114
1026	616.6013069152832
1027	616.6013069152832
1028	336.00855803489685
1029	453.0021405220032
1030	287.40742087364197
1031	298.6951684951782
1032	271.15618324279785
1033	187.52684926986694
1034	157.79549074172974
1035	116.45313930511475
1036	210.4135069847107
1037	171.00371599197388
1038	184.4738109111786
1039	135.24554562568665
1040	172.83464980125427
1041	316.1212749481201
1042	4223.391802310944
1043	560.3684196472168
1044	197.93341708183289
1045	12798.358687639236
1046	218.10324215888977
1047	5572.231098651886
1048	392.42714190483093
1049	24089.94053030014
1050	26017.61261320114
1051	1692.0482623577118
1052	21145.375559091568
1053	1812.7894294261932
1054	23885.768366098404
1055	1016.4712970256805
1056	1016.4712970256805
1057	1016.4712970256805
1058	1016.4712970256805
1059	4323.596681594849
1060	3243.412338733673
1061	1764.9170105457306
1062	37525.670624017715
1063	37490.8903400898
1064	35711.1312456131
1065	1405.7491896152496
1066	8218.312550067902
1067	1298.5830948352814
1068	1103.5537621974945
1069	0.0
1070	14572.405957221985
1071	14572.405957221985
1072	9884.45170378685
1073	19693.359936714172
1074	2085.8678472042084
1075	2085.8678472042084
1076	1651.4844739437103
1077	1651.4844739437103
1078	1651.4844739437103
1079	5891.345783948898
1080	2516.3432338237762
1081	2516.3432338237762
1082	0.1888585090637207
1083	11505.038452148438
1084	574.5206165313721
1085	9638.560498714447
1086	0.178816556930542
1087	12445.714700460434
1088	10098.08080291748
1089	17084.805037260056
1090	518.8178067207336
1091	518.8178067207336
1092	11319.038503408432
1093	322.74111914634705
1094	126.17678809165955
1095	297.30858063697815
1096	328.0634355545044
1097	1002.2991523742676
1098	1002.2991523742676
1099	1116.5450267791748
1100	0.17810368537902832
1101	565.2716333866119
1102	287.27826476097107
1103	1217.644252538681
1104	811.434788942337
1105	402.84273386001587
1106	4437.673180341721
1107	1029.3942456245422
1108	25457.462160348892
1109	6494.780251502991
1110	21462.736626148224
1111	21462.736626148224
1112	13503.86356306076
1113	221.92424702644348
1114	0.18802523612976074
1115	399.7046654224396
1116	0.18769264221191406
1117	726.014101266861
1118	588.815169095993
1119	0.18821167945861816
1120	424.1628053188324
1121	440.7018630504608
1122	522.5880649089813
1123	714.1003460884094
1124	540.892664194107
1125	346.2365324497223
1126	409.99570059776306
1127	1060.3686065673828
1128	1320.439754486084
1129	1320.439754486084
1130	893.2119274139404
1131	578.8223197460175
1132	525.8833165168762
1133	442.10105443000793
1134	622.8882296085358
1135	729.6542258262634
1136	1328.2790009975433
1137	1132.5269663333893
1138	1021.9091484546661
1139	832.5096864700317
1140	1194.4363486766815
1141	704.9142398834229
1142	835.7194535732269
1143	0.17768120765686035
1144	849.0041472911835
1145	0.1773509979248047
1146	1258.8655605316162
1147	1024.5730390548706
1148	969.6560497283936
1149	1123.2751109600067
1150	1086.0444023609161
1151	1066.8229684829712
1152	1132.421150445938
1153	1066.253454208374
1154	1745.9305794239044
1155	2136.2172753810883
1156	4719.74865436554
1157	2240.9635877609253
1158	1638.8608736991882
1159	3344.502417564392
1160	0.1863234043121338
1161	0.1863234043121338
1162	0.18624377250671387
1163	0.18486857414245605
1164	1568.6461818218231
1165	948.9606947898865
1166	580.1930530071259
1167	1036.9836955070496
1168	848.2695467472076
1169	637.4745404720306
1170	456.3117997646332
1171	987.6310243606567
1172	606.5525283813477
1173	651.4154925346375
1174	488.1753017902374
1175	799.3578419685364
1176	801.9048011302948
1177	708.149411201477
1178	600.9876000881195
1179	1333.7614512443542
1180	744.3232324123383
1181	3296.507871389389
1182	1224.2325115203857
1183	735.3339138031006
1184	649.8418281078339
1185	783.4675242900848
1186	1150.9733209609985
1187	713.2905600070953
1188	1308.8101692199707
1189	1829.6118321418762
1190	1585.9705715179443
1191	1425.7320339679718
1192	1585.1694281101227
1193	1140.6054394245148
1194	1296.834368467331
1195	591.0537836551666
1196	698.0054001808167
1197	768.9024937152863
1198	850.9654760360718
1199	562.2310426235199
1200	922.2784910202026
1201	431.5962405204773
1202	728.9009630680084
1203	466.7539095878601
1204	586.4253931045532
1205	748.6151049137115
1206	548.4751713275909
1207	1080.8067350387573
1208	0.1746997833251953
1209	1134.377203464508
1210	0.21168184280395508
1211	1244.2740321159363
1212	1244.2740321159363
1213	1244.2740321159363
1214	0.1769249439239502
1215	0.1769249439239502
1216	1377.085215330124
1217	2165.115472316742
1218	884.2588219642639
1219	1201.0381572246552
1220	780.6992447376251
1221	780.6992447376251
1222	780.6992447376251
1223	780.6992447376251
1224	1814.821581363678
1225	1814.821581363678
1226	786.000568151474
1227	1033.245928287506
1228	1480.7630224227905
1229	1471.021376132965
1230	1138.175933122635
1231	1041.0045988559723
1232	1388.9516806602478
1233	898.0326511859894
1234	759.4881386756897
1235	1223.9087617397308
1236	837.4060754776001
1237	822.6624336242676
1238	962.2370207309723
1239	1164.753922700882
1240	1886.8904297351837
1241	1034.638766527176
1242	1264.0362708568573
1243	1312.998924255371
1244	1185.5450837612152
1245	0.8805685043334961
1246	1137.423701763153
1247	1106.569706916809
1248	1085.1017303466797
1249	1295.0877165794373
1250	1220.0519285202026
1251	907.2104625701904
1252	2034.8143997192383
1253	1625.8234453201294
1254	1198.9553661346436
1255	1198.9553661346436
1256	1956.1541893482208
1257	1222.788988828659
1258	1100.1879270076752
1259	1072.5032451152802
1260	750.1261396408081
1261	1129.1698338985443
1262	1129.1698338985443
1263	1022.9969291687012
1264	958.9496796131134
1265	1360.335104227066
1266	1071.0384175777435
1267	1380.3105726242065
1268	971.3657727241516
1269	0.17470455169677734
1270	1187.6727740764618
1271	841.597588300705
1272	740.9268751144409
1273	0.1727151870727539
1274	0.17637395858764648
1275	0.1731407642364502
1276	0.17337894439697266
1277	0.1739494800567627
1278	0.17361164093017578
1279	0.17242145538330078
1280	0.17374968528747559
1281	1038.934139251709
1282	0.1785728931427002
1283	0.1785728931427002
1284	1126.485225200653
1285	0.17457818984985352
1286	833.8168597221375
1287	1103.089504957199
1288	0.1728065013885498
1289	1148.6027212142944
1290	1179.1002268791199
1291	0.1749579906463623
1292	1087.8333423137665
1293	1630.2574336528778
1294	1247.389568567276
1295	1811.544808626175
1296	1598.1042518615723
1297	3653.4436507225037
1298	1893.5866405963898
1299	2200.7311272621155
1300	1820.3032803535461
1301	1903.5926756858826
1302	2128.0723283290863
1303	1417.3945245742798
1304	1731.559787273407
1305	2329.1681468486786
1306	1795.3129665851593
1307	2263.6266388893127
1308	1293.0235259532928
1309	747.7601840496063
1310	1188.7096495628357
1311	1074.9127106666565
1312	1763.1828315258026
1313	1333.7634365558624
1314	1333.7634365558624
1315	1395.8878569602966
1316	1209.8118767738342
1317	1043.468908071518
1318	1325.9930851459503
1319	0.18579792976379395
1320	33535.42902421951
1321	0.1802845001220703
1322	0.1802845001220703
1323	1380.777819633484
1324	2956.751973628998
1325	1012.5219419002533
1326	940.0378649234772
1327	1058.8513314723969
1328	1334.4551949501038
1329	1334.4551949501038
1330	1423.9747557640076
1331	1254.1364123821259
1332	693.4973948001862
1333	0.18653130531311035
1334	0.18649840354919434
1335	0.18672609329223633
1336	1557.4351773262024
1337	1090.8286101818085
1338	989.8810389041901
1339	1518.5279324054718
1340	13076.680811405182
1341	0.18028831481933594
1342	0.17882132530212402
1343	0.1792924404144287
1344	5204.849643468857
1345	1624.0148332118988
1346	1624.0148332118988
1347	15196.887487411499
1348	994.7773549556732
1349	0.15428781509399414
1350	0.15762901306152344
1351	1693.0897541046143
1352	1499.8356983661652
1353	1499.8356983661652
1354	10403.433202505112
1355	10403.433202505112
1356	13402.391753196716
1357	0.15916109085083008
1358	1901.418787240982
1359	0.17063546180725098
1360	1929.8216993808746
1361	0.219620943069458
1362	0.219620943069458
1363	2261.993792295456
1364	0.18549251556396484
1365	1642.6631772518158
1366	1611.712208032608
1367	1130.0430161952972
1368	1653.3634121418
1369	1959.8282990455627
1370	0.23529648780822754
1371	1227.3060297966003
1372	718.7854924201965
1373	943.3638997077942
1374	872.2707757949829
1375	998.7197263240814
1376	833.9341993331909
1377	718.9180889129639
1378	1143.943763256073
1379	709.3424170017242
1380	1187.2844452857971
1381	679.1031651496887
1382	571.1508977413177
1383	811.2653625011444
1384	435.47118043899536
1385	274.57406091690063
1386	878.5691945552826
1387	239.67400693893433
1388	208.50000596046448
1389	351.4130449295044
1390	244.5522060394287
1391	92.29980492591858
1392	473.8051998615265
1393	287.9815995693207
1394	276.7531967163086
1395	351.0742862224579
1396	428.8257784843445
1397	401.29504227638245
1398	305.95802092552185
1399	308.60859298706055
1400	347.26787972450256
1401	328.39730310440063
1402	205.53653025627136
1403	249.3685483932495
1404	618.3913562297821
1405	217.46869444847107
1406	457.722749710083
1407	929.3558723926544
1408	467.3876338005066
1409	452.1853494644165
1410	614.1627116203308
1411	593.939502954483
1412	0.15592741966247559
1413	399.6488800048828
1414	360.8780617713928
1415	320.65490221977234
1416	498.38337564468384
1417	354.36089634895325
1418	474.41500210762024
1419	403.609219789505
1420	298.271023273468
1421	377.9587321281433
1422	527.0651803016663
1423	554.2455861568451
1424	345.6305799484253
1425	542.0110650062561
1426	403.3779036998749
1427	361.4879410266876
1428	560.8901810646057
1429	242.76594185829163
1430	250.64728307724
1431	259.3628969192505
1432	527.8849093914032
1433	135.79222512245178
1434	231.88325095176697
1435	331.1093668937683
1436	171.6044578552246
1437	156.669438123703
1438	436.4337692260742
1439	110.74639010429382
1440	136.02923464775085
1441	149.10569643974304
1442	90.84914016723633
1443	191.11764979362488
1444	204.16750502586365
1445	255.21538949012756
1446	540.2857053279877
1447	564.6145112514496
1448	273.19500756263733
1449	506.588995218277
1450	293.57078742980957
1451	240.01892638206482
1452	139.36628317832947
1453	424.97586727142334
1454	293.6747314929962
1455	315.2872941493988
1456	154.09986400604248
1457	10258.02263212204
1458	524.792142868042
1459	562.2921242713928
1460	517.5092871189117
1461	1995.0280239582062
1462	0.18580865859985352
1463	302.78625893592834
1464	0.18506145477294922
1465	2863.7091450691223
1466	0.16475987434387207
1467	20513.508160829544
1468	36880.13628959656
1469	0.24279046058654785
1470	0.16408133506774902
1471	310.0663106441498
1472	960.0711715221405
1473	448.95398902893066
1474	1499.662675857544
1475	406.5861601829529
1476	131.45536828041077
1477	312.05929470062256
1478	341.44294595718384
1479	166.44536185264587
1480	0.1550004482269287
1481	267.3173248767853
1482	139.69486498832703
1483	119.81597590446472
1484	358.0526213645935
1485	3452.6332457065582
1486	1957.7594783306122
1487	797.9113214015961
1488	1187.326164007187
1489	2274.213663339615
1490	876.8169872760773
1491	691.8291518688202
1492	864.2107734680176
1493	711.1262352466583
1494	508.1443281173706
1495	384.70558762550354
1496	785.4078619480133
1497	909.5877742767334
1498	999.9108848571777
1499	643.4177331924438
1500	796.8025012016296
1501	865.6193952560425
1502	729.6104829311371
1503	252.15758442878723
1504	195.81412982940674
1505	165.03775072097778
1506	231.16557455062866
1507	133.03740167617798
1508	12401.595378637314
1509	60.87114071846008
1510	968.5766468048096
1511	488.1389310359955
1512	488.1389310359955
1513	4980.302966833115
1514	501.4163315296173
1515	19.268434762954712
1516	235.68726992607117
1517	262.1818130016327
1518	262.1818130016327
1519	565.9139287471771
1520	0.16138601303100586
1521	0.16218280792236328
1522	1140.5804028511047
1523	1140.5804028511047
1524	1140.5804028511047
1525	1140.5804028511047
1526	1140.5804028511047
1527	1140.5804028511047
1528	1140.5804028511047
1529	1140.5804028511047
1530	1140.5804028511047
1531	1140.5804028511047
1532	1140.5804028511047
1533	0.17183685302734375
1534	4946.28329372406
1535	3010.7522439956665
1536	0.17272615432739258
1537	0.1721634864807129
1538	0.1721634864807129
1539	0.1721634864807129
1540	0.1721634864807129
1541	0.1721634864807129
1542	427.2234516143799
1543	0.17211198806762695
1544	0.1715545654296875
1545	0.1715545654296875
1546	5137.330763101578
1547	0.18408203125
1548	784.3014826774597
1549	1404.4507911205292
1550	0.1762080192565918
1551	0.1731250286102295
1552	0.17312884330749512
1553	0.173445463180542
1554	24664.20666027069
1555	0.15476155281066895
1556	0.15442538261413574
1557	1710.518503189087
1558	282.34155774116516
1559	328.7425870895386
1560	839.1787390708923
1561	444.4081892967224
1562	13814.3444647789
1563	0.15533995628356934
1564	216.49435019493103
1565	252.1360309123993
1566	12971.888439893723
1567	0.17414283752441406
1568	317.5805640220642
1569	177.6881308555603
1570	12172.640695095062
1571	0.15331459045410156
1572	0.16148138046264648
1573	15401.138589382172
1574	230.92754578590393
1575	0.17263126373291016
1576	0.172041654586792
1577	870.8342084884644
1578	2979.3831040859222
1579	73.38357663154602
1580	459.2243022918701
1581	0.20468997955322266
1582	418.81434750556946
1583	0.1744706630706787
1584	0.17464900016784668
1585	11503.297464847565
1586	238.45330095291138
1587	11121.259850502014
1588	0.15329813957214355
1589	0.15395879745483398
1590	0.15296673774719238
1591	285.50348138809204
1592	4685.304907083511
1593	237.12606549263
1594	0.172715425491333
1595	0.17254424095153809
1596	553.4243397712708
1597	0.17264366149902344
1598	546.4081356525421
1599	546.4081356525421
1600	546.4081356525421
1601	546.4081356525421
1602	250.54087376594543
1603	175.62317872047424
1604	31.594714403152466
1605	234.93040227890015
1606	545.6858611106873
1607	676.7196817398071
1608	500.07008242607117
1609	1310.7111129760742
1610	134.32358717918396
1611	0.154616117477417
1612	1331.6435110569
1613	764.2949357032776
1614	814.9072489738464
1615	0.1706399917602539
1616	649.8793482780457
1617	902.7923028469086
1618	6092.1260759830475
1619	18613.142695188522
1620	0.1583232879638672
1621	0.17532944679260254
1622	917.2842195034027
1623	3344.2082645893097
1624	555.1991970539093
1625	324.42064237594604
1626	441.6823220252991
1627	2039.9072909355164
1628	531.134036064148
1629	598.7979462146759
1630	0.18940520286560059
1631	412.3252055644989
1632	441.3900496959686
1633	470.057532787323
1634	470.057532787323
1635	470.057532787323
1636	0.1782093048095703
1637	0.17319059371948242
1638	273.29421639442444
1639	578.222996711731
1640	154.63124299049377
1641	2427.155564069748
1642	144.12781596183777
1643	144.12781596183777
1644	7081.30947136879
1645	0.15952181816101074
1646	0.15888023376464844
1647	0.1576838493347168
1648	0.16016912460327148
1649	0.15888571739196777
1650	189.4628038406372
1651	0.15923833847045898
1652	396.813050031662
1653	234.0107228755951
1654	234.0107228755951
1655	321.2244682312012
1656	162.34822416305542
1657	8670.471138954163
1658	222.4914207458496
1659	0.17763948440551758
1660	12659.744003295898
1661	0.192291259765625
1662	0.192291259765625
1663	4022.146167755127
1664	1724.1616740226746
1665	129.86746382713318
1666	0.17724013328552246
1667	439.7490408420563
1668	60.74037218093872
1669	19155.71525645256
1670	733.8213262557983
1671	0.17817306518554688
1672	236.4393653869629
1673	285.5153877735138
1674	180.88338541984558
1675	180.88338541984558
1676	180.88338541984558
1677	16531.04628920555
1678	929.3137068748474
1679	25326.922723531723
1680	21032.381455898285
1681	0.17678499221801758
1682	589.2065467834473
1683	1228.430572271347
1684	2243.326956510544
1685	1020.0786924362183
1686	383.4877827167511
1687	912.7734034061432
1688	784.33495926857
1689	930.1491508483887
1690	1350.258778333664
1691	1088.382224559784
1692	542.7735342979431
1693	728.7465641498566
1694	1061.2890832424164
1695	590.6869547367096
1696	624.4409260749817
1697	300.68518352508545
1698	586.7830965518951
1699	747.3197507858276
1700	7216.452496051788
1701	623.9045186042786
1702	1170.4529252052307
1703	0.16483473777770996
1704	0.1639246940612793
1705	1269.8235189914703
1706	459.0965509414673
1707	1064.555938243866
1708	937.1041123867035
1709	648.2443287372589
1710	752.1554319858551
1711	571.2019805908203
1712	744.4909329414368
1713	798.5905284881592
1714	770.4060127735138
1715	671.747750043869
1716	579.3377492427826
1717	552.0540442466736
1718	640.6619491577148
1719	459.74644136428833
1720	1105.2029767036438
1721	646.7668886184692
1722	1040.748764514923
1723	1040.748764514923
1724	693.2409744262695
1725	885.554187297821
1726	586.2550811767578
1727	703.33283162117
1728	1059.2359628677368
1729	948.4058883190155
1730	622.7490854263306
1731	979.3830561637878
1732	914.836630821228
1733	822.1305184364319
1734	959.6641511917114
1735	657.0030863285065
1736	695.8903088569641
1737	879.3377156257629
1738	621.9951136112213
1739	717.138756275177
1740	676.6232423782349
1741	907.47705078125
1742	658.3366997241974
1743	539.9376397132874
1744	647.4287972450256
1745	1139.5962345600128
1746	2254.404986143112
1747	1298.7623925209045
1748	1096.7440674304962
1749	675.277688741684
1750	1138.8346762657166
1751	798.2687227725983
1752	714.6833016872406
1753	1269.0040850639343
1754	1133.651496887207
1755	805.6956512928009
1756	1952.2982051372528
1757	816.4684326648712
1758	1394.96288895607
1759	1357.889271736145
1760	1297.6215224266052
1761	1028.6710515022278
1762	1376.0471670627594
1763	1295.8193037509918
1764	1276.7729539871216
1765	1411.7817752361298
1766	1358.9502825737
1767	1358.9502825737
1768	2129.887279987335
1769	1277.095351934433
1770	1129.6907064914703
1771	823.2018914222717
1772	1570.5846009254456
1773	1451.5869281291962
1774	1536.3865880966187
1775	992.0710382461548
1776	0.21632885932922363
1777	2249.362820148468
1778	1252.6038615703583
1779	1483.936889886856
1780	1219.7607700824738
1781	2260.7369327545166
1782	1398.3968818187714
1783	1171.2763640880585
1784	1263.5174524784088
1785	0.15532135963439941
1786	1118.8918857574463
1787	1005.1273703575134
1788	3151.885864496231
1789	1460.279910326004
1790	1935.5418355464935
1791	1152.8513362407684
1792	965.7578313350677
1793	1326.1076576709747
1794	1116.5494406223297
1795	1068.387297153473
1796	839.4382200241089
1797	640.9651625156403
1798	640.9651625156403
1799	948.1315958499908
1800	557.9475615024567
1801	802.6985478401184
1802	802.6985478401184
1803	1882.0948505401611
1804	968.2602894306183
1805	649.531040430069
1806	1740.6640276908875
1807	1139.6281287670135
1808	1290.2373847961426
1809	1290.2373847961426
1810	567.1871409416199
1811	1787.2009327411652
1812	551.1515777111053
1813	858.7962393760681
1814	593.9800682067871
1815	654.5687303543091
1816	457.2455883026123
1817	341.65181851387024
1818	695.5674920082092
1819	550.6308257579803
1820	550.6308257579803
1821	550.6308257579803
1822	516.2358913421631
1823	366.4999213218689
1824	409.0236623287201
1825	409.0236623287201
1826	959.4528515338898
1827	1379.8807876110077
1828	1494.6798555850983
1829	1494.6849381923676
1830	1300.6853275299072
1831	1106.743664741516
1832	0.1552431583404541
1833	0.1552431583404541
1834	605.8376235961914
1835	527.4088778495789
1836	379.66691970825195
1837	0.2906925678253174
1838	0.15675020217895508
1839	339.30105781555176
1840	384.5999746322632
1841	337.85077452659607
1842	0.1566143035888672
1843	238.95529770851135
1844	233.51810598373413
1845	316.3408873081207
1846	194.14479684829712
1847	0.15632867813110352
1848	0.15467548370361328
1849	341.092365026474
1850	314.7624776363373
1851	485.6272394657135
1852	0.155717134475708
1853	497.6940336227417
1854	0.16594576835632324
1855	0.16388916969299316
1856	490.6857941150665
1857	220.28286147117615
1858	119.09964513778687
1859	185.08505535125732
1860	253.17513585090637
1861	121.26194429397583
1862	0.18374204635620117
1863	315.71341133117676
1864	240.80425691604614
1865	207.54700446128845
1866	0.15447139739990234
1867	189.42276525497437
1868	160.92300653457642
1869	169.84574151039124
1870	178.51793122291565
1871	146.2531750202179
1872	152.91314220428467
1873	0.15556573867797852
1874	139.73412108421326
1875	0.1550745964050293
1876	275.4114987850189
1877	0.1565999984741211
1878	186.00543546676636
1879	254.73849320411682
1880	273.6510925292969
1881	271.9979741573334
1882	213.0813455581665
1883	0.15557408332824707
1884	148.8917121887207
1885	221.28528881072998
1886	255.22244381904602
1887	104.08307433128357
1888	97.71057462692261
1889	90.19381523132324
1890	0.15627717971801758
1891	128.20946526527405
1892	263.89951038360596
1893	0.15517044067382812
1894	179.37429285049438
1895	201.87235689163208
1896	98.71270418167114
1897	236.54485392570496
1898	225.154554605484
1899	0.1550610065460205
1900	0.15505480766296387
1901	0.15505480766296387
1902	162.8418972492218
1903	106.0567946434021
1904	191.36912417411804
1905	79.71416068077087
1906	0.17021679878234863
1907	0.15547847747802734
1908	107.94892072677612
1909	0.1557013988494873
1910	212.9001624584198
1911	0.15702390670776367
1912	202.1828649044037
1913	169.55276823043823
1914	315.85452151298523
1915	176.46265840530396
1916	241.68175983428955
1917	302.5923705101013
1918	195.74017095565796
1919	122.69070649147034
1920	149.48256635665894
1921	217.14162969589233
1922	155.70733380317688
1923	151.25982642173767
1924	169.34895157814026
1925	230.03707098960876
1926	0.15536069869995117
1927	203.22675824165344
1928	202.56469893455505
1929	177.4871792793274
1930	334.5410146713257
1931	146.87601375579834
1932	115.68300890922546
1933	0.15646004676818848
1934	0.1559154987335205
1935	138.6629765033722
1936	213.7804787158966
1937	299.1370458602905
1938	105.49480104446411
1939	114.81713914871216
1940	132.77233958244324
1941	461.11062145233154
1942	66.71549987792969
1943	173.4500560760498
1944	142.5021777153015
1945	442.60179257392883
1946	414.2461633682251
1947	381.8199872970581
1948	168.18827986717224
1949	180.8687093257904
1950	447.6624083518982
1951	447.6624083518982
1952	179.56443214416504
1953	602.9412112236023
1954	644.1835522651672
1955	492.0888833999634
1956	472.2168879508972
1957	716.4808964729309
1958	716.4808964729309
1959	281.18568301200867
1960	379.8950250148773
1961	710.3956320285797
1962	511.0551116466522
1963	756.9135980606079
1964	400.49768829345703
1965	0.1724228858947754
1966	766.9531862735748
1967	688.4233434200287
1968	0.15479230880737305
1969	1217.1832008361816
1970	704.4844012260437
1971	1434.509952545166
1972	0.15662693977355957
1973	1780.042751789093
1974	1080.2444751262665
1975	1724.3273589611053
1976	0.15749573707580566
1977	31655.032010555267
1978	1190.338119506836
1979	991.1355683803558
1980	1174.9816582202911
1981	1131.3009259700775
1982	1184.8203551769257
1983	1407.451546907425
1984	943.6629712581635
1985	4368.754730463028
1986	908.2133994102478
1987	681.8164219856262
1988	711.1821858882904
1989	882.4855897426605
1990	2681.0885949134827
1991	791.922194480896
1992	1132.280856847763
1993	841.0039072036743
1994	1232.3278720378876
1995	1232.3278720378876
1996	735.8881886005402
1997	0.17616057395935059
1998	1181.9318771362305
1999	0.1868143081665039
2000	0.18704533576965332
2001	0.18704533576965332
2002	0.18656539916992188
2003	0.18656539916992188
2004	0.18620872497558594
2005	0.18620872497558594
2006	0.18620872497558594
2007	906.8760962486267
2008	1204.375732421875
2009	0.17429542541503906
2010	1084.766829252243
2011	1084.766829252243
2012	1084.766829252243
2013	0.1755220890045166
2014	772.2913725376129
2015	0.1646420955657959
2016	0.16315126419067383
2017	1358.8218924999237
2018	2132.2723174095154
2019	839.0385060310364
2020	1482.556904554367
2021	0.16373229026794434
2022	786.5705621242523
2023	0.15772294998168945
2024	1291.9818332195282
2025	0.17526793479919434
2026	1432.5175292491913
2027	1305.0363035202026
2028	1393.5436153411865
2029	1266.7404117584229
2030	0.1879901885986328
2031	0.20975160598754883
2032	1276.067993402481
2033	832.1962902545929
2034	1126.0823674201965
2035	1110.2939848899841
2036	875.014256477356
2037	1199.1083662509918
2038	1033.7087669372559
2039	0.16596651077270508
2040	1155.953353881836
2041	914.816034078598
2042	1354.1250436306
2043	1020.2584412097931
2044	0.17478418350219727
2045	843.5587258338928
2046	0.17626571655273438
2047	0.1757488250732422
2048	1181.0562181472778
2049	1181.0562181472778
2050	1962.777046918869
2051	991.197850227356
2052	1033.90442943573
2053	1363.530365228653
2054	722.7030959129333
2055	893.3967912197113
2056	1338.7402663230896
2057	1210.7439379692078
2058	808.442008972168
2059	1080.7742495536804
2060	1004.5934331417084
2061	982.9872610569
2062	1185.9720199108124
2063	919.4203259944916
2064	1664.8443038463593
2065	3526.561849594116
2066	1445.6438901424408
2067	1290.1243674755096
2068	1646.5304713249207
2069	1740.9817748069763
2070	2610.0797288417816
2071	1716.2889091968536
2072	1586.38223528862
2073	1123.9049260616302
2074	1830.8590114116669
2075	1393.0949454307556
2076	2705.3220703601837
2077	2700.777834415436
2078	0.17524099349975586
2079	0.17524099349975586
2080	2315.026750564575
2081	2151.9814052581787
2082	2043.7535405158997
2083	1903.0481641292572
2084	1903.0481641292572
2085	0.18117570877075195
2086	0.16988396644592285
2087	0.17239093780517578
2088	5205.705237627029
2089	1651.2445719242096
2090	0.15810227394104004
2091	0.1575322151184082
2092	2127.8766531944275
2093	1582.482834815979
2094	0.15595436096191406
2095	0.15560054779052734
2096	2173.4672441482544
2097	0.15564584732055664
2098	3032.91419506073
2099	2318.587657213211
2100	1918.8569395542145
2101	2210.9931030273438
2102	1673.6278848648071
2103	1524.1089396476746
2104	1967.9895923137665
2105	1643.2037272453308
2106	1643.2037272453308
2107	1687.5880308151245
2108	1173.2196035385132
2109	1690.2955205440521
2110	1509.6048946380615
2111	2089.227700948715
2112	1964.9311015605927
2113	1694.9210786819458
2114	1550.5893034934998
2115	3118.7260887622833
2116	2214.0622296333313
2117	1940.7127876281738
2118	1736.618502855301
2119	2327.822211265564
2120	0.17627429962158203
2121	2398.8242061138153
2122	1398.3251056671143
2123	1835.1497256755829
2124	1835.1497256755829
2125	2294.3231234550476
2126	1589.139173746109
2127	1516.63130235672
2128	1243.0921161174774
2129	1454.5203256607056
2130	1223.7653210163116
2131	1636.5111782550812
2132	5561.905720233917
2133	1387.7700712680817
2134	1741.4518928527832
2135	2164.4646615982056
2136	2164.4646615982056
2137	1891.2225558757782
2138	1636.1770300865173
2139	1636.1770300865173
2140	1540.8984467983246
2141	20636.58793616295
2142	4697.628449440002
2143	2325.273858308792
2144	2325.273858308792
2145	30072.643005609512
2146	3650.0278673171997
2147	1845.5117888450623
2148	0.1650693416595459
2149	2422.5249342918396
2150	4713.470033407211
2151	2809.0796296596527
2152	3078.0267720222473
2153	1424.0058274269104
2154	1778.9748063087463
2155	1861.7692494392395
2156	2921.100276708603
2157	3203.5562522411346
2158	3242.924358844757
2159	3376.833359003067
2160	2106.6417088508606
2161	2325.008557319641
2162	0.16357040405273438
2163	2195.864189386368
2164	2599.0217657089233
2165	6979.324618577957
2166	0.29523777961730957
2167	63674.35372519493
2168	25926.54732656479
2169	7041.452740192413
2170	7041.452740192413
2171	7041.452740192413
2172	0.1746056079864502
2173	101501.17350792885
2174	101501.17350792885
2175	0.29610323905944824
2176	3364.0843460559845
2177	2699.5970108509064
2178	2934.95414018631
2179	3420.478260040283
2180	1725.7657496929169
2181	1582.9819984436035
2182	3365.789396762848
2183	2659.666553735733
2184	1870.9434695243835
2185	1928.962556362152
2186	1898.9914770126343
2187	2871.6261644363403
2188	1503.4184720516205
2189	2030.0112171173096
2190	2091.5305795669556
2191	2064.6716527938843
2192	2109.6383199691772
2193	1608.2573585510254
2194	17456.797867059708
2195	1710.705855846405
2196	2664.6665036678314
2197	2904.5804703235626
2198	1495.8199090957642
2199	2619.313574075699
2200	2619.313574075699
2201	2043.4111607074738
2202	1119.0164408683777
2203	2077.083494901657
2204	14796.477277040482
2205	2117.693975687027
2206	3070.8570330142975
2207	1906.0779504776
2208	2134.79492354393
2209	0.1622016429901123
2210	1986.162914276123
2211	1986.162914276123
2212	1986.162914276123
2213	1965.2792973518372
2214	16422.572363615036
2215	3215.7569324970245
2216	2023.6130638122559
2217	70041.66407871246
2218	1882.3418498039246
2219	2218.075337409973
2220	1628.8493962287903
2221	1628.8493962287903
2222	1121.188625574112
2223	4326.709971904755
2224	4326.709971904755
2225	0.16911554336547852
2226	1987.2283968925476
2227	0.17860078811645508
2228	48924.12964105606
2229	48342.978893995285
2230	48342.978893995285
2231	45122.825765132904
2232	1233.0287415981293
2233	2780.1749262809753
2234	702.8933916091919
2235	0.16860508918762207
2236	0.16860508918762207
2237	0.16860508918762207
2238	0.3130781650543213
2239	0.17772245407104492
2240	545.8854277133942
2241	0.22788786888122559
2242	257.4126410484314
2243	430.69128036499023
2244	895.8191041946411
2245	253.1296615600586
2246	346.164258480072
2247	488.3792917728424
2248	484.3825328350067
2249	620.3329479694366
2250	319.78145360946655
2251	0.16036677360534668
2252	488.4574885368347
2253	564.1887097358704
2254	568.5654511451721
2255	856.6795923709869
2256	244.099294424057
2257	780.2963161468506
2258	1074.3208751678467
2259	1110.4422709941864
2260	10302.6702105999
2261	13221.049709796906
2262	872.0803241729736
2263	6587.133521556854
2264	308.8400514125824
2265	463.2233901023865
2266	490.5263011455536
2267	204.50509452819824
2268	212.9297811985016
2269	212.9297811985016
2270	421.17221236228943
2271	186.15998196601868
2272	578.6171367168427
2273	616.5830385684967
2274	467.00733709335327
2275	467.00733709335327
2276	233.47671365737915
2277	233.47671365737915
2278	342.5815849304199
2279	251.36039853096008
2280	7933.23641037941
2281	288.8097405433655
2282	95.729421377182
2283	277.25972509384155
2284	502.9160404205322
2285	210.70356059074402
2286	358.02846693992615
2287	0.15897727012634277
2288	0.15801000595092773
2289	8462.305486917496
2290	0.15894818305969238
2291	5394.260091543198
2292	387.11185216903687
2293	645.2934515476227
2294	1048.2926728725433
2295	0.15675759315490723
2296	378.74361395835876
2297	0.15693974494934082
2298	756.3415887355804
2299	768.5569200515747
2300	768.5569200515747
2301	768.5569200515747
2302	0.1657571792602539
2303	3814.7404708862305
2304	998.5315532684326
2305	502.9959988594055
2306	0.16505932807922363
2307	0.1635301113128662
2308	471.136447429657
2309	551.889753818512
2310	564.7253789901733
2311	200.4355673789978
2312	0.16556501388549805
2313	295.57773447036743
2314	403.5592222213745
2315	253.20994114875793
2316	630.2031497955322
2317	408.0890574455261
2318	3339.7335891723633
2319	715.088784456253
2320	250.9569869041443
2321	957.3965747356415
2322	287.7126724720001
2323	0.18727779388427734
2324	0.18658828735351562
2325	699.7344586849213
2326	17827.892857313156
2327	1155.7222270965576
2328	408.7680883407593
2329	924.5863745212555
2330	670.7690424919128
2331	550.5341575145721
2332	217.07738542556763
2333	377.5398280620575
2334	198.46436214447021
2335	85.11377143859863
2336	85.11377143859863
2337	506.1494872570038
2338	431.53328943252563
2339	176.0946707725525
2340	176.0946707725525
2341	354.6568088531494
2342	126.73620271682739
2343	82.34691143035889
2344	308.9600079059601
2345	508.73705077171326
2346	406.47744607925415
2347	197.15010237693787
2348	197.15010237693787
2349	197.15010237693787
2350	197.15010237693787
2351	548.5427942276001
2352	0.1557459831237793
2353	0.1557459831237793
2354	858.868800163269
2355	512.2679452896118
2356	556.855001449585
2357	1016.3699071407318
2358	1412.8622694015503
2359	1177.3286926746368
2360	1118.4749393463135
2361	1023.3861877918243
2362	853.9416296482086
2363	594.0218269824982
2364	987.097963809967
2365	658.7237002849579
2366	717.1908676624298
2367	1149.181630373001
2368	943.8349838256836
2369	837.6618747711182
2370	832.200097322464
2371	1069.664508342743
2372	1005.3996896743774
2373	1175.8008570671082
2374	713.6602823734283
2375	1170.026799440384
2376	2063.1440613269806
2377	1095.842826128006
2378	782.3956549167633
2379	782.3956549167633
2380	827.3786025047302
2381	827.3786025047302
2382	827.3786025047302
2383	883.9848487377167
2384	883.9848487377167
2385	883.9848487377167
2386	647.5959584712982
2387	582.4200739860535
2388	582.4200739860535
2389	1071.1643526554108
2390	700.4477841854095
2391	700.4477841854095
2392	1022.0741703510284
2393	1372.973299741745
2394	1860.1955618858337
2395	1860.1955618858337
2396	1986.2991690635681
2397	1180.8438637256622
2398	1307.188315629959
2399	1002.3378155231476
2400	918.0322790145874
2401	803.1487996578217
2402	1056.6574018001556
2403	1082.2587897777557
2404	971.9546205997467
2405	1148.4220833778381
2406	858.3985416889191
2407	783.8042523860931
2408	1913.6588971614838
2409	740.8233261108398
