Step	Time_elapsed
1	0.0
2	1582680445.6362917
3	1114.6060864925385
4	1968.714842557907
5	1968.714842557907
6	3676.30535030365
7	2032.4596605300903
8	1602.3665874004364
9	2401.3239500522614
10	3442.4419441223145
11	3442.4419441223145
12	2013.8521552085876
13	1943.0181624889374
14	1202.9121966362
15	1202.9121966362
16	4763.073174238205
17	5307.8863825798035
18	1277.8751347064972
19	5615.693182468414
20	2155.508805036545
21	2090.523022413254
22	10951.669297933578
23	4481.008032798767
24	1993.7892043590546
25	1139.1617772579193
26	1788.047284603119
27	2929.2120378017426
28	1689.6898424625397
29	1689.6898424625397
30	3376.095139980316
31	1941.0666177272797
32	1780.1738560199738
33	1780.1738560199738
34	4329.373615980148
35	1339.3757512569427
36	2839.9506735801697
37	3626.4112849235535
38	1286.8881120681763
