Iteration_step	Porb	eccentricity	Wdisk	logQ	primary_mass	age	feh	secondary_mass	posterior_probability	acceptance_ratio	inital_orbital_period	initial_eccentricity	current_orbital_period	current_eccentricity	current_spin	delta_e	delta_p	bad_solution_flag	gsl_flag	
1	11.083	0.067	4.1	7.653165316531654	0.9593505501443018	2.8437437056283117	-0.1343048716751849	0.5366606977507224	0.037030594012911526	0.0	11.095283637174264	0.0672202472887903	11.083000000119963	0.06700000002242293	11.765898895616507	1.1996270643521711e-10	2.2422924628173746e-11	False	False
3	11.082919788455476	0.06786066259610718	4.087202960191074	7.706281422091289	0.978313159752299	2.3533174401471486	-0.10049267100015175	0.5472683815654361	0.08701999989598655	2.349948798165245	11.089996002127087	0.0680162437003953	11.082919788442247	0.06786066259567305	11.957891581392166	-1.3228529383013665e-11	-4.3412495820405184e-13	False	False
5	11.083051011317314	0.07596429332245462	4.0462559938027285	7.868274252287358	1.0509452409084656	2.161036165425231	0.08422942180494894	0.5878987677641957	0.07232386252697186	0.8311177041303066	11.086681878334026	0.07608925867538321	11.083051011461615	0.07596429334398333	11.92103908558065	1.4430057149183995e-10	2.152870937077722e-11	False	False
11	11.083169533676896	0.07856691325993956	4.453785189742905	7.86768680263211	1.0113232811794421	2.764808263195584	-0.04604744462298608	0.5657342434917799	0.08854261741473363	1.2242517797181156	11.091169877000036	0.07874822285955523	11.083169533672034	0.07856691325715504	12.45909856215664	-4.8618886694384855e-12	-2.7845226124867395e-12	False	False
13	11.083181891343266	0.07433076528140456	3.870641299341549	8.141401687276613	1.1189616018620803	3.2297542821916747	0.24233796959331697	0.6259471200816477	0.3756345490844286	4.242415235196361	11.090228792716674	0.07448459621311415	11.083181891337404	0.07433076528168396	12.800001793057435	-5.8619775700208265e-12	2.7940150193472846e-13	False	False
19	11.083149815360187	0.06905572248924681	3.2114907322381945	8.448922041955532	1.142144931075534	1.7841603762043026	0.2222646751521696	0.6389158744436537	1.1261576378556308	2.998014002174525	11.082550858188032	0.06907985380100469	11.083149815383454	0.06905572249249961	12.913280190316176	2.326672188246448e-11	3.2528008064858227e-12	False	False
28	11.083137715164344	0.06929312878755522	2.8722670349851915	8.076034610493235	1.0685682855367495	1.5731301317632558	0.19542528386898245	0.5977570989292577	0.6917174422552154	0.6142279011421055	11.082447965314229	0.06933024953905303	11.083137715083252	0.06929312877716873	12.523400555497497	-8.109246607546083e-11	-1.0386497217851343e-11	False	False
29	11.083044730280484	0.0709550452228955	2.7258475358288288	8.053420779060758	0.9527450174329559	1.021560394337362	-0.0606079968097645	0.5329655627519956	0.581086425366549	0.8400632828803989	11.081722513773798	0.07096553660563099	11.083044730264941	0.0709550452211169	12.181458550979734	-1.554312234475219e-11	-1.7786050410251164e-12	False	False
33	11.082923422150674	0.07096189373353876	1.8106510713037671	7.697946164737336	0.9514504080707799	1.9873949463854836	-0.07144469765217565	0.5322413582747942	2.2596587255475904	3.888679251321693	11.087661079876467	0.0710823684247179	11.082923422749205	0.07096189373470772	12.627391391189645	5.985310025380386e-10	1.1689677004156351e-12	False	False
53	11.083013728800761	0.05948178915456703	1.7483975490814057	7.732844663965648	0.9655792208521059	2.895386245319074	-0.008384477308118754	0.540145016144668	3.376402192430236	1.494208906086923	11.093749476204694	0.05965071297335866	11.083013728215473	0.059481789065535036	12.607785633849709	-5.852882623003097e-10	-8.903199705256881e-11	False	False
79	11.083018356634382	0.06687163019705507	1.5849730310385672	7.809165808192278	1.0149008889679902	3.0005480067316537	0.019389101526312208	0.5677355572886937	0.21202252920319306	0.0627954008792375	11.094797389567661	0.06707956295189228	11.083018356658318	0.06687163019945937	11.979805017078926	2.3936408410918375e-11	2.404298982128239e-12	False	False
80	11.083023117888283	0.06388130824100476	1.4232747618375057	8.20150061734729	1.1632209402478966	3.2853932794097993	0.33927903738241005	0.6507057939746733	8.265660902048289	38.98482360865926	11.090600332315379	0.06402294028138589	11.083023117800849	0.06388130823584609	12.540709403196512	-8.743405999211973e-11	-5.158665161708598e-12	False	False
90	11.083072480553955	0.06592538762242856	1.451734476519067	7.944381562447795	1.041935342319521	2.8851831144626123	0.15535410726072543	0.58285863049354	5.766091148117491	0.697595899039194	11.090820979052708	0.06607075897201768	11.083072480294609	0.0659253876156628	12.917410819186529	-2.5934632219559717e-10	-6.765754623216935e-12	False	False
96	11.082908471193806	0.06845107837540709	1.3089346053078228	8.08085365497964	1.0512089515069412	1.9534200721091244	-0.05894398128608756	0.5880462874729829	2.8846229980453018	0.5002735690342098	11.084794900109722	0.0685203129097894	11.082908471217948	0.06845107837967673	13.110682310649082	2.4142465804288804e-11	4.269640196952196e-12	False	False
132	11.08288360728525	0.05497041000374975	1.1557641034051755	7.914910470583053	1.0423466569186388	1.952088714277427	0.05330735714246421	0.5830887198802865	0.396524741563117	0.13746154760320944	11.085771498117788	0.05504569410706082	11.082883607319733	0.05497040999493049	12.483660062642047	3.448263896643766e-11	-8.819257824033144e-12	False	False
169	11.083010633457352	0.047685034471157954	1.69077484907235	7.937774666812949	1.0286254476897987	1.9814141473229911	0.026210257377301843	0.5754130754376734	1.0606849101426439	2.674952654811349	11.085492193981317	0.047743219741871123	11.08301063346206	0.04768503446922698	12.888412512335863	4.707345624410664e-12	-1.9309762122610152e-12	False	False
178	11.083051253890273	0.0713748041967458	1.6191639801397675	7.763061700553832	0.9449898427771671	1.9634434028812127	-0.10626971916791542	0.5286273180495473	3.7582297109470266	3.5432103115727456	11.086994989935235	0.07147640114208503	11.08305125398666	0.0713748042078778	13.256673210712902	9.638689846269699e-11	1.1131998101099327e-11	False	False
183	11.082965752218632	0.07595375603498643	2.409163910846617	8.104196017673015	1.0436783148678477	2.0708759378209165	0.04375956683429766	0.583833649337074	1.1381852428226216	0.30285143015800736	11.084831438319947	0.07602386457364836	11.082965752302885	0.07595375605271314	13.61083654116304	8.425260489275388e-11	1.772670898958495e-11	False	False
187	11.083003256407745	0.07091333523847099	2.0819726449080083	7.8596887465755145	1.0141502851924256	2.300878361471491	-0.1569602208658803	0.5673156695366429	0.7981994216711071	0.7012913115018318	11.088570086770572	0.07105020054109071	11.083003256464854	0.07091333524675068	12.220165158738917	5.710987238671805e-11	8.279696372959222e-12	False	False
188	11.082981309633531	0.08045457098373784	1.633960366660995	8.80890228856001	0.991720530878673	1.208799915578435	-0.13582041859151017	0.5547684649735296	2.418497434066196	3.029941351000781	11.082771393405126	0.08045908336298761	11.08298130963371	0.0804545709837331	13.21663453036441	1.794120407794253e-13	-4.746203430272544e-15	False	False
220	11.082979077745874	0.0723856046489964	1.1523496972720149	7.934177069995028	1.0099686829378012	1.3202725709436842	0.022450764193744123	0.564976481235406	2.532993627632409	1.0473418710119164	11.082527804841947	0.07242735360465617	11.082979077750483	0.07238560464838699	12.489001278673395	4.60964599824365e-12	-6.094152960045562e-13	False	False
254	11.08302968371502	0.07869895532796585	1.6007441495337449	7.8863734160003975	0.9821235409172916	1.810994589558605	-0.07212693076803517	0.5493999087891329	2.5674783928292495	1.0136142329063313	11.085321593560252	0.07878338307232377	11.083029683707972	0.07869895532707645	13.234225670953707	-7.048583938740194e-12	-8.893996650272129e-13	False	False
260	11.083041996859196	0.07622025280071766	2.043569162604393	8.215822122025834	0.9470163415476037	1.0660622661211052	-0.24466672559504343	0.5297609414617296	2.8070044971514334	1.0932923544716715	11.082259757064943	0.07623036878603193	11.083041996823606	0.0762202527968236	12.607915006328854	-3.558930927738402e-11	-3.894065625509313e-12	False	False
268	11.082888971681452	0.06862910268661207	2.3914190041075054	7.980961598371425	0.9928759473865503	1.5024606587560418	-0.18788558515206263	0.5554148049680362	2.1716433047834043	0.7736515231761125	11.08274463361523	0.06866925276792048	11.082888971677399	0.06862910268562947	12.918619010078647	-4.0536463075113716e-12	-9.826028879444948e-13	False	False
293	11.08295969799969	0.07090312056112977	2.457554971058601	8.225451015565238	1.0626425414595309	1.5560062181901797	-0.06794342475236728	0.5944422376924615	4.21142729499988	1.9392813201521233	11.082221877201832	0.07091778996014488	11.082959212226319	0.07088893297362547	12.715820545072333	-4.857733717500423e-07	-1.4187587504294052e-05	False	False
302	11.082978071457562	0.06317942552918547	2.5847476683484505	8.639656517957105	1.0698878387236053	1.4090485716747352	0.019607835400401882	0.5984952569819848	5.556028282332957	1.3192744153340812	11.082423004423966	0.06318681337180522	11.082978071504453	0.06317942553378664	12.780500942573676	4.689049148964841e-11	4.601166669893075e-12	False	False
308	11.0830394316675	0.06724448376617505	2.6968419761930282	7.947759188305037	0.9961645360739164	1.7158708811189651	0.08312946748097894	0.5572544414797489	4.432510939299768	0.7977840849720391	11.083851986973352	0.06729557111766024	11.08303943167556	0.06724448376523869	13.327285801267616	8.061107337198337e-12	-9.36362098968857e-13	False	False
332	11.083018066692311	0.07181500256628785	2.329703442453634	8.492834969027099	1.0810348978013022	1.4512878105570446	0.11370264907670971	0.6047309218300485	6.377574796141296	1.4388176100359047	11.082369653918624	0.07182833754488543	11.083018066699394	0.07181500256691062	12.826515631339689	7.082334718688799e-12	6.227657278756737e-13	False	False
335	11.083022449050915	0.06236337380954082	2.0881824191593057	8.643548140429244	0.96268484437732	1.1815552973048873	-0.20483411555624173	0.5385259019446729	4.873682573310246	0.7641905785658573	11.082740115169011	0.06236750317477186	11.083022449020946	0.0623633738006749	13.293699221781349	-2.9968916237521626e-11	-8.86592188553692e-12	False	False
346	11.082947024085303	0.08093881717971796	1.1002148581477258	8.202956350149957	1.030932604821632	1.2142333667669245	-0.0633342993581975	0.576703699137221	0.8154021567876385	0.16730719420526613	11.082079912388522	0.08096158747835576	11.082947024032565	0.08093881717660914	12.471818681667534	-5.2738258204954036e-11	-3.1088187579797477e-12	False	False
357	11.082961595808083	0.0632955297081044	1.2147876013943284	8.812019126296017	1.0043855591551722	1.2233249264697301	-0.0756347554873805	0.5618532817914034	3.951528863489333	4.846110389328367	11.082757766299185	0.06329945707404129	11.082961595809026	0.06329552970794732	13.327392473287578	9.43245481721533e-13	-1.5708268019665184e-13	False	False
359	11.082989551709739	0.07720542220984929	1.4902051720657994	8.932043087087626	0.946301179861633	1.0230629229798627	-0.20887667282272088	0.5293608800145975	4.20864442158503	1.0650673617675805	11.082830364746039	0.07720736708007234	11.082989551710213	0.07720542220987232	12.790450198576817	4.742872761198669e-13	2.3037127760971998e-14	False	False
414	11.08301652319687	0.07017841317146131	1.854382931944719	8.931846786451162	0.9549858735176064	1.182930523845663	-0.21264514624082692	0.534219097645749	1.9963034768774481	0.4743340793151669	11.08289116789761	0.07018089741404088	11.083016523195887	0.07017841317155052	13.599482098485149	-9.823253321883385e-13	8.920642002863133e-14	False	False
421	11.082955761767515	0.06976519926139847	1.3793920956605081	9.31921270353997	1.0018858109472006	1.2429796115752976	-0.02772123241377459	0.5604549226438641	2.2431232884187677	1.123638421913379	11.082893397213336	0.06976653516883075	11.082955761768096	0.06976519926142416	13.511576033888145	5.808686864838819e-13	2.568778523226456e-14	False	False
449	11.082943205648842	0.06383454682616443	1.8289970840668053	8.565130571178635	1.0810348978013022	1.4512878105570446	0.11370264907670971	0.6047309218300485	5.668595348643876	2.5270993252625926	11.082438118523946	0.06384516708754295	11.082943205709947	0.06383454683095767	13.011869134811604	6.110489891852922e-11	4.7932352531532274e-12	False	False
478	11.083068761978206	0.06903923529708758	1.7340642413541754	8.57367206446931	1.0626255212890994	1.3046539635918455	0.06413965664576066	0.5944327166091222	3.1159621094743577	0.5496885767688116	11.082482235904974	0.06904778973125139	11.083068762760526	0.06903923563329628	12.639014196006698	7.823199865697461e-10	3.362086997693581e-10	False	False
485	11.083043116043562	0.070682329483399	1.6441390000727216	8.281167074465293	1.033407036978139	1.5638747347124136	-0.1486102604302122	0.5780878964855709	2.783543734645496	0.8933175811675904	11.082859918391813	0.07070896293515802	11.083043116065713	0.07068232948445713	13.431447430612858	2.2151169787321123e-11	1.058125809194621e-12	False	False
490	11.082998177348115	0.06672443798861402	1.9048982393462766	8.097729838556427	0.9691599008826675	1.2532631607551883	-0.2659753397648341	0.5421480485537642	8.303555400619816	2.9830878161780823	11.082275365188574	0.06674350981643257	11.082998177448424	0.06672443800573137	12.945927977441231	1.0030909436409274e-10	1.7117349204731624e-11	False	False
492	11.08300058602008	0.07168602847276952	1.8275087932540444	8.097446829961736	0.96268484437732	1.1815552973048873	-0.20483411555624173	0.5385259019446729	6.786150430292385	0.8172584035250533	11.08224908495555	0.07170400075267798	11.083000583888523	0.07168602757386967	12.888207013589815	-2.1315571530067245e-09	-8.988998434489304e-10	False	False
514	11.08292964498881	0.0636805565345127	1.793636984871695	8.91134614973922	0.9661360981836737	1.1112933244492733	-0.17203346244601322	0.540456533323947	4.566327483899517	0.6728892220714852	11.08274902499303	0.06368257831123636	11.082929644991326	0.0636805565344313	12.971901464038037	2.5153212845907547e-12	-8.139322549283179e-14	False	False
521	11.083036047026084	0.07151647713232467	2.551793754242045	8.360716444472075	1.0018858109472006	1.2429796115752976	-0.02772123241377459	0.5604549226438641	5.460186291891224	1.195750044459881	11.082388492587562	0.07152705465298806	11.083036047007754	0.07151647713100738	12.857299264452633	-1.8330226225771185e-11	-1.317293496505556e-12	False	False
523	11.083037739944087	0.06344795414579957	1.6178256971652316	7.872636320649979	1.0226327594504543	1.752570974752006	0.06630653228559467	0.5720607656365841	2.5992894727420204	0.4760441006568137	11.084684545322917	0.06351867122422457	11.083037739939375	0.06344795414480765	12.496950145590993	-4.7126746949288645e-12	-9.919148835635383e-13	False	False
542	11.082969605535574	0.06886647267117847	2.1866005320704107	8.432121864960298	1.123615030115284	1.721253838696414	0.162167711848964	0.6285502478464899	7.7402527743940315	2.97783407949125	11.08253769163894	0.06889107701264262	11.082969605515661	0.06886647266904738	13.0653846560025	-1.9912960169676808e-11	-2.1310869735557958e-12	False	False
556	11.083062523307547	0.05892863980846277	2.2440611215582065	8.275355599558408	1.0119537170269308	1.2332316931532776	0.03394947255647854	0.5660869093048652	2.720281785977431	0.35144611749328775	11.082235551458595	0.0589271467990626	11.083077983260637	0.05891660838520105	12.686542185160484	1.5459953090157796e-05	-1.2031423261719965e-05	False	False
570	11.083038303502075	0.07002128118822958	3.2644775147825014	7.874864223058625	0.9870349507309831	1.3627064707686924	-0.1990990609888156	0.552147351438912	0.9413344531672105	0.3460429937882253	11.081956030944077	0.07005940476099365	11.08303830352779	0.07002128118817222	12.257555495587349	2.5714541607158026e-11	-5.735689700969715e-14	False	False
595	11.082986633872768	0.07168724055715876	3.6447270051655165	7.876280618487983	0.9633054047911588	1.7871264332891696	-0.23164317408158486	0.5388730434401743	4.846184430445688	5.148206797424904	11.084467637576024	0.07175370566873937	11.082986633887508	0.07168724055729976	13.28271633074266	1.4740209053343278e-11	1.4099832412739488e-13	False	False
601	11.082950467451674	0.0722809593968543	3.7491647364899894	8.723331356326934	1.0488646480211843	1.4963514891337804	0.16347140135162372	0.5867348841030505	3.3584433665586735	0.6930077496554972	11.082644194462816	0.0722878503461572	11.082950467452205	0.0722809593984108	13.401245020995821	5.311306949806749e-13	1.556491047161046e-12	False	False
606	11.082926004379994	0.062457463516426656	4.034950356576676	9.192778913711233	1.1169604779681	1.7027613527805179	0.17291222439433473	0.6248276913753551	2.0823907585347854	0.6200464117602696	11.08276182728102	0.062460588003444825	11.082926004411556	0.062457463521827135	13.47744665330408	3.156230832246365e-11	5.400478675365861e-12	False	False
607	11.082982622167847	0.06607967565934114	3.3816561300140737	9.53317834213195	1.1169604779681	1.7027613527805179	0.17291222439433473	0.6248276913753551	1.9424893476503546	0.9328169267410367	11.082913069611214	0.06608126060784815	11.082982622173365	0.06607967565958678	13.643062993586343	5.517364343177178e-12	2.456368441983159e-13	False	False
621	11.083046165704275	0.06739253535194199	3.3812311982898655	9.020689268103174	1.0511897520473563	1.5572496061649563	0.1695321414516503	0.5880355472952912	0.5982950230712722	0.30800427492432486	11.082911832242967	0.06739618843303406	11.083046165830192	0.06739253536506001	13.833213339085617	1.2591705456088675e-10	1.3118020558700039e-11	False	False
622	11.08307398503607	0.06591219641025803	3.223416150562702	8.934501638475663	1.0488646480211843	1.4963514891337804	0.16347140135162372	0.5867348841030505	1.6136028404270848	2.697001944197793	11.082887416530927	0.06591616523632123	11.083073985012563	0.06591219641001471	13.567626873306454	-2.3506530055783514e-11	-2.4331925363441087e-13	False	False
640	11.083082264163309	0.05535612613203392	3.064282442782646	9.112388436295303	1.0897150077911357	1.489461510719004	0.1390975078596527	0.6095865753583614	2.245061475088106	1.391334607773675	11.082871586846492	0.05535850757858516	11.083082264180016	0.055356126133812036	13.002294972428025	1.6706636074559356e-11	1.778119318451843e-12	False	False
646	11.082998472674175	0.05843472582477328	2.5820750570748032	8.099086257982814	0.9906783949917427	1.122145289738914	-0.09879927081634553	0.5541854941583809	0.5414304891884337	0.24116510625491253	11.081613905455061	0.05844596418718338	11.082998472676815	0.05843472582526391	12.190598451900641	2.639666263348772e-12	4.906353101574723e-13	False	False
653	11.083041995777121	0.05053454042369923	2.6276085568087058	8.140017421239628	0.9661360981836737	1.1112933244492733	-0.17203346244601322	0.540456533323947	0.6185291073837357	1.1423979988841548	11.081954534259365	0.05054275335500985	11.083041995773744	0.050534540425192856	12.456588846917947	-3.376854351699876e-12	1.4936246683916465e-12	False	False
660	11.083042881474837	0.05342789070929636	2.5975235870411417	8.850636498958162	1.063969674086654	1.4491976415755827	0.01926964232985924	0.5951846356840742	2.161459191070421	3.494514914929381	11.082735948710065	0.05343196238550678	11.083042881472227	0.053427890709024754	13.173386229569145	-2.609468197078968e-12	-2.7160912408064064e-13	False	False
664	11.083009714752565	0.05654237705532486	2.647103759534317	9.074548559369795	0.96268484437732	1.1815552973048873	-0.20483411555624173	0.5385259019446729	3.7114641582037664	1.717110447209385	11.082886697411013	0.05654364525846923	11.083009714753846	0.0565423770553982	13.22620675383368	1.2807532812075806e-12	7.33371696703955e-14	False	False
679	11.083040223832882	0.0607076699129275	1.8344243654321013	8.554159046581539	1.0626425414595309	1.5560062181901797	-0.06794342475236728	0.5944422376924615	2.0562602164692816	0.5540293880850644	11.082691232020602	0.060719876859075275	11.083040223916354	0.060707669915170646	13.486037122381026	8.347278424025717e-11	2.2431431712099936e-12	False	False
694	11.083122132236326	0.06488596332315114	2.244449162168755	8.616040157501887	0.9661360981836737	1.1112933244492733	-0.17203346244601322	0.540456533323947	1.5343460755935878	0.7461828339159084	11.082745655211756	0.06488971192977828	11.083122132243348	0.06488596332329521	12.770317488618229	7.02193858614919e-12	1.440791930207297e-13	False	False
707	11.083103595110602	0.06729470691935813	2.769923512428668	8.001069666153093	0.9647307557846893	1.4143646896027182	-0.009306376373731093	0.5396703847859552	1.327519786233668	0.8652023212690751	11.082864894658016	0.06732320329030299	11.083103595037747	0.06729470691087014	13.4241223030683	-7.285549941116187e-11	-8.48798809016671e-12	False	False
708	11.083023482710804	0.06987650300251803	3.537224434323838	8.48651374015652	1.063969674086654	1.4491976415755827	0.01926964232985924	0.5951846356840742	5.643006390755652	4.250788914239489	11.082301938189442	0.06988801835145331	11.083023482711715	0.06987650300251479	12.777623584041894	9.112710586123285e-13	-3.247402347028583e-15	False	False
716	11.082914242572429	0.06203361167671829	3.729980184993328	8.13268937153821	1.0161267578139725	1.6880183071144812	-0.14470390844540124	0.5684213083211362	1.7209033178060194	0.30496214227671187	11.082869224186764	0.06206521042095691	11.082914242596962	0.06203361167458008	13.393199468403987	2.453326430895686e-11	-2.1382062787012046e-12	False	False
720	11.083011868646388	0.06951732790393642	4.487961592682292	7.976508032167879	1.0031977324510486	1.819833015729099	-0.026975176634953524	0.5611888115331166	4.802073722164369	2.7904378313864466	11.083959834941464	0.06957303638721676	11.083011869025752	0.06951732796418611	13.291929158595599	3.793640956928357e-10	6.024969412266046e-11	False	False
723	11.08297668060445	0.0643649558006986	3.0966683737929035	7.9868897249497035	0.9841149937166432	1.3070741299957342	-0.1953401860704355	0.5505139274850902	3.502468668108541	0.7293658679046526	11.081881637001858	0.06438897927046945	11.082977282714884	0.06436495301073145	12.549938549201011	6.021104344000605e-07	-2.789967160077289e-09	False	False
724	11.083008295214743	0.07461935444565562	3.705455805232617	7.733197373466019	0.9029476601717175	1.232150365509188	-0.21381467369275017	0.5051089211000588	5.639944092379113	1.6102768152455411	11.082380619584747	0.07465566069170257	11.083008295412602	0.07461935447644702	12.887664331752081	1.978595065565969e-10	3.079139720973956e-11	False	False
790	11.083048074404063	0.06298099489071499	3.368688992742145	7.960254462390186	0.9405677844867701	1.1628698416470948	-0.34262214674640323	0.5261536186418992	2.9120493600797723	0.5163259267081448	11.081730525137623	0.06299646157935522	11.083048075307087	0.06298099533698269	12.479811010904518	9.030234338069931e-10	4.462677033467699e-10	False	False
795	11.083038752411946	0.0761303004561996	2.726078895668609	8.127619654180458	1.0018858109472006	1.2429796115752976	-0.02772123241377459	0.5604549226438641	2.2190432451919637	0.7620211647549736	11.082017309133198	0.07614953029438751	11.083038752429884	0.07613030045865095	12.568115025435205	1.793765136426373e-11	2.45134468279673e-12	False	False
812	11.08296736652727	0.08133547867409031	3.248493196090817	7.81924933536413	0.9306547042094574	1.4014058682881934	-0.19127489721566684	0.5206082415347705	2.2044160529630847	0.9934083338571378	11.083045381819874	0.08138420519015796	11.08296736652439	0.08133547867277786	13.147984029044862	-2.8812507935072063e-12	-1.3124501485606288e-12	False	False
815	11.082908264855355	0.08078664285783797	3.026388800387421	7.929166484794414	1.0522712970493202	2.1624050307554437	0.10657583566720533	0.5886405635693898	0.3785765831171963	0.1717355408514329	11.086290133146187	0.08090555542650328	11.082908264743736	0.08078664284710903	12.382669468301549	-1.1161915836055414e-10	-1.0728945509796972e-11	False	False
820	11.082978204346993	0.0884692588494814	2.79547802355885	8.06719040370578	1.0121150404153163	2.0505107987043067	-0.04729897157966212	0.566177153608328	0.044440304048086375	0.11738788406341803	11.085087209822882	0.08855067858925843	11.082978204393749	0.08846925885574702	13.86537895329155	4.675548836985399e-11	6.265626906198918e-12	False	False
832	11.082877200840743	0.08343999679723632	3.0885713039161535	7.953999555601169	0.9661360981836737	1.1112933244492733	-0.17203346244601322	0.540456533323947	0.03603398481064476	0.8108401952348119	11.08129958471491	0.08346089141629115	11.08287720073987	0.08343999678484829	12.134939913562489	-1.0087219948218262e-10	-1.238803504222119e-11	False	False
834	11.082902080244528	0.0800490837027657	2.5668033709576226	7.997148514852245	1.0522712970493202	2.1624050307554437	0.10657583566720533	0.5886405635693898	1.3136180403054696	36.454975690543534	11.085834039398742	0.08015119853237734	11.082902080394867	0.08004908370879767	12.878510786722286	1.503384083889614e-10	6.031966592878746e-12	False	False
854	11.082918967532775	0.07132167998329585	2.5280090681435463	8.306329457744992	1.030932604821632	1.2142333667669245	-0.0633342993581975	0.576703699137221	0.4014016092765728	0.30556950114907877	11.081792929332343	0.07133297640885453	11.08291896752234	0.0713216799826121	12.204630050240558	-1.0434320074637071e-11	-6.837447275032105e-13	False	False
860	11.08290754583202	0.07666945290347116	2.582366530577696	8.19148695722227	0.9642402096556696	1.1099403447287086	-0.3314710542440359	0.5393959732813816	0.21835632731232635	0.5439846833346276	11.081757124551194	0.07667973326840126	11.082907545835605	0.07666945290408153	12.145214429959916	3.5846881019097054e-12	6.103728633632954e-13	False	False
862	11.082902881781767	0.07220191225935998	3.2630244299627975	7.947121033090534	0.9765645334403762	1.6199828713907785	-0.1607758907944286	0.5462902000065465	1.8663760955671613	8.547387284535095	11.083384610807869	0.07225088348604977	11.082902881785051	0.0722019122599966	13.279056072886332	3.284483796051063e-12	6.366157601078726e-13	False	False
880	11.082881904984951	0.06284587974033429	3.1742040967361125	7.897828859422667	1.0357860630310394	2.010454770597165	0.01826859923068884	0.5794187236595635	0.4379395176890279	0.23464698177884946	11.085390829746759	0.06292976411053479	11.082881904969861	0.06284587973911168	12.366646465185765	-1.5090151350705128e-11	-1.222605350292838e-12	False	False
885	11.08304537990839	0.06916590945645901	3.545700867940985	7.817665976495922	0.9792536355032014	2.6646926794484056	-0.1797593961698269	0.5477944837004909	4.033688998604469	9.210607482717993	11.090855371303398	0.06932211412270785	11.083045379897772	0.06916590945583548	12.668413667667204	-1.0617284829095297e-11	-6.235290062051035e-13	False	False
910	11.083032884086657	0.06604596315244858	3.4398956304499775	8.443147109828955	0.9901758305890831	1.3857151184666687	-0.25615406428350584	0.5539043596315331	5.331363981354736	1.321709230235455	11.08252789046285	0.06605528444559533	11.083032884101094	0.06604596315403884	13.283687551870896	1.4436452033805836e-11	1.5902557048974586e-12	False	False
914	11.083011409008776	0.06410729395481385	3.1558622698001777	7.744001826678419	0.9709786683100443	1.759632910576737	-0.16013644134332072	0.5431654670526388	1.6042118691145477	0.30090083414393076	11.085134558181029	0.06418847644450953	11.083011409065172	0.06410729396591076	12.356555221883061	5.639577693727915e-11	1.1096915053521172e-11	False	False
923	11.08296019152915	0.048357153729275404	3.6688566576782673	7.902782388297841	0.9976135063056305	2.521669131225493	-0.14520170530949722	0.5580649954273698	1.037768093695361	0.6469021415906628	11.088326424583538	0.048442577738503585	11.082960191536575	0.04835715373035197	13.077563159873355	7.425171588693047e-12	1.0765693891912065e-12	False	False
924	11.082950707415351	0.04210602903424415	2.8558603355724483	7.7604646946599605	0.9686974891694141	2.727761860522694	-0.08348121699627406	0.5418893754413703	0.19671726129661724	0.18955801637351552	11.091522443215252	0.04220922757195258	11.08295070739913	0.042106029029573375	12.716158785280747	-1.6221690657403087e-11	-4.670777653537073e-12	False	False
934	11.083098125023621	0.06063310112989284	2.75992669549882	7.836603794749857	0.9767230289949759	2.700309643775928	-0.11349848665277058	0.5463788624197895	2.24541441861813	11.414424966156961	11.090640466527857	0.06076348729338542	11.083098125020475	0.06063310112978895	13.086588205018678	-3.1459279625778436e-12	-1.0388911952929902e-13	False	False
994	11.083086853179774	0.055865894549758925	2.3121406900768053	8.022709940915856	1.062923490469544	3.1870854377162954	0.1799576597362446	0.5945994005686629	2.7545644234312596	1.2267510178038625	11.090971303066283	0.05598986535397465	11.083086852887847	0.05586589454432749	13.105132075411044	-2.9192648298703716e-10	-5.431433081071191e-12	False	False
1018	11.083003503585052	0.0744387000195072	2.620837002906767	8.10192721216386	1.0845307145160656	3.241677322706849	0.162180156351555	0.6066864817002872	7.789023880762617	2.8276789660486923	11.09077742795513	0.07459819364180181	11.083003502937418	0.07443869992198808	13.100451888005136	-6.476348346495797e-10	-9.751911778099753e-11	False	False
1034	11.083127552062972	0.08165191183472369	2.970398200414822	7.981847096360894	1.0464234618902257	4.185680521265682	0.05080052641035172	0.5853692845813923	0.058251171958782676	0.007478622848063389	11.100104305224882	0.08196972875823301	11.083127552131623	0.08165191184203315	12.131183628528024	6.865086277230148e-11	7.30945859395149e-12	False	False
1037	11.083088995309467	0.05993827236911632	3.920190623933224	7.7958525673767225	0.9730203327868349	4.693107547932241	-0.05922730901633538	0.5443075741609554	0.2150694440507065	3.6921050138336304	11.106125420406345	0.06024563215052783	11.083088995368003	0.05993827238080445	12.082569608160306	5.853628692875645e-11	1.168812963081578e-11	False	False
1063	11.083121543432105	0.0568956121097213	4.396045408203117	7.914914207609879	0.9883857801986282	5.305658639538998	-0.07642106843227646	0.5529030054431127	0.27901785735422285	1.297338441477718	11.10682481024776	0.057189466616255395	11.083121543402875	0.05689561210694968	12.25942255731908	-2.922995179233112e-11	-2.771616269825472e-12	False	False
1070	11.083053031133696	0.04526489372587195	3.8826092984176013	7.919776690254344	0.9523420333134036	5.2250634388740576	-0.19239234961969626	0.532740133435518	0.6046538700969875	2.167079468785965	11.102934163244425	0.04546228488193825	11.08305303114744	0.04526489372814658	13.295084646990148	1.3743672866439738e-11	2.2746249328520207e-12	False	False
1089	11.08293456428219	0.051824743111054984	3.3620772666738197	7.721755799054328	0.9311014715658382	4.964346244021809	-0.14926601963714556	0.5208581631939299	0.5412005688722094	0.8950584716929041	11.108426828915501	0.052113868375900395	11.082934564221306	0.05182474310593722	12.350787176729725	-6.088463067044358e-11	-5.1177673210389685e-12	False	False
1096	11.083045067984862	0.05030032705344637	4.126838647844199	7.584610740746846	0.8622410482513274	5.031735772187866	-0.2930481796075888	0.48233764239179255	2.357906690532583	4.356807487187513	11.109778121031734	0.05059035290316834	11.08304506796919	0.05030032705199353	12.953146831206585	-1.567279639402841e-11	-1.4528378500244798e-12	False	False
1111	11.083023293083869	0.05852228429673451	4.026497680826428	7.854460195325904	0.9523420333134036	5.2250634388740576	-0.19239234961969626	0.532740133435518	4.085560728917218	1.732706703501659	11.106659286145462	0.05882137111245556	11.083023293086253	0.05852228429732806	12.56629106372796	2.383870878475136e-12	5.935460456463204e-13	False	False
1123	11.082957505231636	0.06594926128895401	3.5218080260512536	8.074709740921154	1.0059784912598646	5.111604272571	-0.04389515142245534	0.5627443680107682	3.8206133783864518	0.9351503090737353	11.0997453196124	0.0661917417521618	11.082957505261462	0.0659492612952389	13.521082234492711	2.9825031333530205e-11	6.284889275676164e-12	False	False
1126	11.082884049420867	0.06673720560049219	3.2380366773806135	7.590619329643898	0.8795503420160468	4.855519661828163	-0.2307038308766643	0.4920204613237766	1.56275990839217	0.40903377379999795	11.11045297089987	0.06713054110121405	11.082884049478736	0.06673720560878126	12.565688031286832	5.786837675714196e-11	8.289063879729497e-12	False	False
1146	11.082927976325166	0.045621456059741244	3.321454745011952	7.663173128175199	0.9102550427975628	3.5060420994460566	-0.22840629885186414	0.5091966709409567	0.5086487131771213	0.32548103547168644	11.097864227534286	0.0457853058672161	11.082927976319768	0.04562145606023572	12.928647995065967	-5.398348434937361e-12	4.94472518486333e-13	False	False
1152	11.082918401622097	0.05710365569001509	4.090447416945416	7.737572605377256	0.9492491977619317	3.6877983712480695	-0.2932377783552073	0.5310100012280247	0.22464174998278444	0.4416441920783152	11.099762154457082	0.057333259455834236	11.082918401563873	0.057103655677803136	12.135589046138822	-5.822364812502201e-11	-1.221195367051564e-11	False	False
1156	11.082975591426719	0.05341235091336226	3.8702287850058488	7.843524943074989	0.9287675483030744	4.290568492326738	-0.18939727049279775	0.5195525665207398	0.17515293358240064	0.7796989366216369	11.097995175323955	0.05359486755255182	11.082975591340084	0.053412350897507344	13.913723198059232	-8.663469941438962e-11	-1.585491460343036e-11	False	False
1172	11.082977840849097	0.047306212209995605	3.4271056225248726	8.020601991486545	1.0320086911295425	4.257217305927257	-0.0006792770465868792	0.5773056618178661	1.3188338586086248	7.52961330212708	11.097333899552877	0.04746769948230581	11.082977840825762	0.04730621221543664	12.854094059932308	-2.333422344236169e-11	5.4410365102341984e-12	False	False
1228	11.082960940551695	0.05425634874218128	3.6596758090499097	7.962823904233336	1.013041892090639	4.0337899320282435	0.07764162824389106	0.5666956344355034	2.7867743301971886	2.1130594365671254	11.09570473352561	0.05442334899752959	11.082960940116285	0.05425634865404389	13.332190326890107	-4.35409930332753e-10	-8.813738627821976e-11	False	False
1231	11.08303241318378	0.055920009760679	3.8078729356893146	7.87759702966633	0.9983789899263544	3.9220568672607024	-0.06136426328367178	0.5584932069648026	1.7259258271956937	0.6193274455321861	11.098405501805084	0.05612534467478872	11.083032413377135	0.055920009763140904	12.477310945103932	1.9335466561187786e-10	2.461905679318477e-12	False	False
1253	11.08306734766368	0.06028662974022354	3.5942534540551505	7.806314694937885	0.9815046415024196	3.7241887103291833	0.06536127188735424	0.5490536964564535	4.285327333826174	2.4829151208595266	11.097254470884208	0.060494270066835935	11.083067347741714	0.06028662975528434	12.766325160004307	7.80335795980136e-11	1.5060806768385504e-11	False	False
1294	11.083012063731147	0.05597917264977629	2.982175984991006	7.7242856925629875	0.9399854389608949	3.2497708887755135	-0.2729900573904931	0.5258278545547246	2.521376493923633	0.5883743055101489	11.096238126301127	0.05616339284282257	11.083012063667697	0.05597917263698315	12.584422995711314	-6.344968994653755e-11	-1.2793141546119102e-11	False	False
1298	11.082961198719945	0.0769396792760927	2.662033525959071	7.658546383630289	0.917331437932828	2.7358510664157087	-0.19977286616681697	0.513155206379624	3.728179857466512	1.4786287833059453	11.093394374073423	0.07714682072729878	11.08296119872469	0.07693967927807245	12.873134720646824	4.744649118038069e-12	1.979749697511579e-12	False	False
1313	11.082872394751142	0.059425976996842836	3.0987093473165763	7.519894714602278	0.8655531685900322	2.921558474254285	-0.34920109050352266	0.484190442509264	1.365627150442509	0.36629862363199456	11.096155884966759	0.05962114037667814	11.082872394749803	0.059425976996822984	12.86071072048791	-1.3393730569077889e-12	-1.985217545907858e-14	False	False
1348	11.082950865002335	0.0503569105491688	3.2172883478294807	8.056064035728742	1.0644716049336438	3.4782143750560603	0.041906344969072584	0.5954654157998803	1.5229381128786452	1.1151932007101368	11.092692433329393	0.05048757211787582	11.082950864974057	0.05035691054207051	12.773446378494572	-2.8277824526412587e-11	-7.098287235773881e-12	False	False
1351	11.082938126489264	0.05733403849235088	2.9276807518398833	8.003255777640575	1.0160951544963055	2.625949376850219	-0.06619872077386198	0.5684036294252333	0.862098310061354	0.5660757339848976	11.088022323825315	0.05742612057776295	11.082938126469095	0.05733403848765778	13.593841368623059	-2.0168755554550444e-11	-4.693100075225942e-12	False	False
1358	11.083033681946453	0.05584724575995812	3.519404438603515	7.959437561798354	1.0184024531151183	1.7710544271655113	-0.01686678949062672	0.5696943322725972	3.2830760633523233	3.8082386022989336	11.083776483416386	0.05589430280169376	11.083033681935472	0.05584724575954045	12.91600898836227	-1.0981437981172348e-11	-4.176728407578878e-13	False	False
1406	11.08306191948968	0.07309526475323454	3.5786945804544037	7.888090863344255	1.0436783148678477	2.0708759378209165	0.04375956683429766	0.583833649337074	0.34875641828571186	0.106228552600027	11.086018447659052	0.07320203597533521	11.083061919710065	0.07309526478231773	12.148855339256803	2.2038548763703147e-10	2.9083194186263484e-11	False	False
1407	11.083100720982019	0.060074275020421154	4.07075233844157	8.06416429590334	1.0133517819612008	2.2824934157194714	-0.2160810534617182	0.5668689868290957	0.4177049915506443	1.19769836381462	11.085550884563201	0.060139565730495156	11.083100720996617	0.06007427502172633	13.675094812332633	1.4598100506191258e-11	1.305178187749334e-12	False	False
1410	11.083082371140272	0.06837591694744677	3.4115357089534033	8.176350103351718	1.026999412721716	1.3685285853163904	0.13016032167549527	0.5745034714765279	3.354578432929001	8.03097521165791	11.082130627916571	0.06839412689803498	11.08308237879649	0.06837592038879158	12.719213437054089	7.656218770080159e-09	3.4413448063430607e-09	False	False
1427	11.08310105180333	0.05909667621800384	3.3508949009601148	8.210200602129966	0.9493905110862154	1.3041340020508387	-0.162288464119887	0.5310890519016289	0.46780906978701037	0.13945390729128063	11.082655438097053	0.05910864915719998	11.083101051904295	0.05909667623471959	13.637354619524805	1.0096457003783144e-10	1.671575378114909e-11	False	False
1429	11.083063695192442	0.0779139112926193	2.748267546144829	7.707004971439735	0.9691688025582376	2.368843149569604	0.05426595066572823	0.5421530281510781	0.9215177292878034	1.969858621397321	11.090126801038751	0.07808348743596338	11.083063695452067	0.07791391135591735	12.424692819557452	2.59625210219383e-10	6.329804735916156e-11	False	False
1432	11.082953997178011	0.08111710748184271	3.491705825349615	7.729725655770385	0.9433691910443983	2.7029613980390024	-0.18355473454140386	0.5277207254702364	1.9740970544353846	2.1422236292307355	11.092186252866643	0.08131723868296788	11.08295399713738	0.08111710747689192	12.815176849046816	-4.063060998760193e-11	-4.950789778135345e-12	False	False
1448	11.082941712036572	0.07861602509060805	3.0175898688446905	7.967747548427125	0.9765645334403762	1.6199828713907785	-0.1607758907944286	0.5462902000065465	1.5333332562117972	0.7767263786583932	11.083484565467112	0.0786679462242062	11.082941712038812	0.07861602509146245	13.377790348095433	2.239985974483716e-12	8.543998841759048e-13	False	False
1454	11.083005390270223	0.07692411234997244	2.8034996087193353	7.863492809785829	1.01111927299996	2.2106104023307824	-0.17499465603680803	0.5656201213161777	0.6850040342669407	0.4467417839480565	11.08755612706679	0.07705716584154654	11.083005390290138	0.07692411235259161	12.269448113698537	1.9914736526516208e-11	2.6191687707566302e-12	False	False
1455	11.082936467100277	0.06101785754224692	2.7087007411978905	7.652103518872374	0.934572621686466	1.7715223856943982	-0.19091283031986783	0.5227999245714091	1.7398915910957602	2.53997276520818	11.086041440022722	0.061105368349228396	11.082936468266146	0.061017857541188956	12.50027634239253	1.1658691789762088e-09	-1.0579662146348312e-12	False	False
1463	11.082867420841923	0.07700639531515545	2.619836943904986	7.9183870994662975	0.9961645360739164	1.7158708811189651	0.08312946748097894	0.5572544414797489	0.7882228915362233	0.45302988736201155	11.083871489470974	0.07707011891098955	11.082867420817374	0.07700639531244179	13.15259706692022	-2.454925152051146e-11	-2.713662627940039e-12	False	False
1464	11.083015565556526	0.07755308378713396	2.1970040287682164	7.778209057052025	0.9544289337290619	2.1604583387408183	-0.13784408903606302	0.5339075455280372	3.660464938826343	4.643946500579556	11.088046449682487	0.0776808108704292	11.083015565588758	0.07755308378292947	13.112215116864318	3.2231994850917545e-11	-4.204497860982315e-12	False	False
1465	11.083001625289372	0.08189166505092037	1.9253173953124678	7.7006073232804795	0.9065823679925237	3.22388655634347	-0.2777799698069419	0.5071421766550177	1.9687218413903624	0.5378338200998026	11.096130957374404	0.0821433762980755	11.083001625291644	0.0818916650515727	13.304202001049013	2.2719603975929203e-12	6.523392936941264e-13	False	False
1492	11.082987389918435	0.07688131033602301	1.231987371203519	7.619542769531171	0.8793534609961241	4.174313145164955	-0.3162555085595115	0.4919103260812318	5.997812276328546	3.0465513970692455	11.105032963925849	0.07724627688980798	11.082987389930045	0.07688131033601531	12.928053996120992	1.1610268302320037e-11	-7.702172233337023e-15	False	False
1547	11.082974839987147	0.065388389634712	1.2527630553038664	7.611197497795321	0.8741737571127827	3.727915835389221	-0.3889015590887773	0.4890127997288906	9.172852604836393	1.5293664059875163	11.10113152795066	0.06565437223095781	11.082974839924468	0.06538838962037492	13.140010027415919	-6.267875107823784e-11	-1.4337073195314076e-11	False	False
1559	11.082991014009743	0.07346958257706768	1.033828293644785	7.705932041269142	0.9566026114616959	1.4596800213305112	-0.11538904318894432	0.5351235008516727	1.440988677202421	0.15709275394250405	11.084482400203617	0.07354960658192067	11.08299101402845	0.07346958257959033	12.367276278568477	1.8706813875724038e-11	2.5226487565532807e-12	False	False
1560	11.08302854673235	0.05999526874820667	1.2472716564809057	7.831053529760231	1.0113516126096669	2.483051679469864	-0.042198828305688996	0.5657500920938476	1.0440934921619691	0.7245674505846943	11.090557026939486	0.06013183957724401	11.083028546720067	0.05999526874547757	12.318459229219918	-1.2283507544452732e-11	-2.7290947279823285e-12	False	False
1570	11.082924542979047	0.05353990480771506	0.8329117008155529	7.626168630238634	0.8748784218671727	4.063575114032978	-0.1265389971278591	0.4894069891924964	0.5487232587919788	0.52554992719642	11.10149867335998	0.05376296208726786	11.08292454302357	0.05353990481614985	13.608263550636174	4.452260782272788e-11	8.434787590605453e-12	False	False
1581	11.082928239041657	0.051873910790067194	1.8600574197265105	7.57648469625137	0.8733321280864377	4.214903603224957	-0.358632557610368	0.4885419924515532	1.5627290839738899	2.84793665829704	11.105708203947437	0.05213569302258155	11.082928239068538	0.05187391079304631	12.70238805718285	2.688160805064399e-11	2.979116953127914e-12	False	False
1590	11.082874553919499	0.06240152772274105	1.3415097492041483	7.777920024476621	0.9265000663526941	5.087415180110392	-0.17970115423689464	0.518284137117697	2.1451132484932622	1.3726712265688548	11.107095708846105	0.06272480490389551	11.082874553948281	0.06240152772272378	12.88162975808225	2.8782309868802258e-11	-1.727090692682509e-14	False	False
1606	11.082911319808595	0.05551003668680503	1.210364246902574	7.889445152372666	1.013041892090639	4.0337899320282435	0.07764162824389106	0.5666956344355034	1.5044064573440263	0.7013179646346078	11.099061613573566	0.055720960343816794	11.082911319914263	0.055510036706581535	12.587900485137112	1.056683629485633e-10	1.9776506821056472e-11	False	False
1609	11.082954694963673	0.04710918237226511	1.1838840956041323	7.794788510122884	1.0069339445128624	3.4929666246389237	0.1532334780014194	0.5632788485604953	0.25934820633518496	0.17239237778402958	11.097040850897184	0.04727634977795988	11.082954695186894	0.04710918252602252	12.32002607992709	2.2322055315271427e-10	1.537574095822336e-10	False	False
1611	11.082912736348227	0.046640972689669165	2.088384431376511	7.920693673966825	0.9485854079892309	5.196773901746953	-0.10088404250527572	0.5306386772291758	0.048318587491414725	0.186307775843906	11.101447663427255	0.046830394618394396	11.082912736342868	0.04664097268906265	13.867979960486702	-5.359268584470556e-12	-6.06514838352723e-13	False	False
1617	11.082888013214308	0.046886196030458224	1.3273055151502091	7.8488594259451165	0.9402407812503651	6.201165156266736	-0.13128462549546088	0.5259706930314543	0.45187117349962574	9.351911903052102	11.111989768751156	0.04717388114863923	11.082888013160588	0.04688619603067017	12.677127547169695	-5.3720583537142375e-11	2.119485142948463e-13	False	False
1619	11.08293685460124	0.04128505173680111	1.0814927971296453	7.689044686510984	0.8770856069245148	6.371150655789128	-0.4040245312484781	0.49064168851357354	0.1825348865366841	0.4039533770720501	11.118128435803062	0.04158772946138175	11.082936854652157	0.041285051736908635	12.46701728451216	5.091749244456878e-11	1.0752509993494641e-13	False	False
1620	11.082955904356654	0.04458807441411582	1.3204595949575235	7.580212579843854	0.8677327711478036	5.678021933795253	-0.4081955071690361	0.48540971218008133	0.09807554371567828	0.5372975302229035	11.118583881590627	0.044922809284311596	11.082955904459597	0.04458807441316835	12.167013743449774	1.0294343155692331e-10	-9.474712681090125e-13	False	False
1663	11.082941112246466	0.052230703054454715	0.7995253015669204	7.771721542254672	0.9490582345973239	3.8072171259592693	-0.1627029371024146	0.530903176433743	1.7460977500254606	17.803599999276177	11.099836557332765	0.05243564950414669	11.08294111223926	0.052230703055899	12.779566481797595	-7.206679697446816e-12	1.4442821938409622e-12	False	False
1666	11.083020053233586	0.05723709917615109	0.7882212911391919	7.638178191110959	0.9209570711269992	1.9675268658363505	-0.3610546849780712	0.5151833855884433	3.416542657227855	1.956673191508343	11.088969995436884	0.05734980174055143	11.083020053035357	0.05723709914053355	12.62629418392704	-1.9822898877919215e-10	-3.5617543636679017e-11	False	False
1696	11.083072254819	0.07154869526097515	0.8672001611169348	7.589263756411952	0.9083044817992778	1.1264841643137025	-0.24865269590929628	0.508105527118516	0.5352959066140188	0.15667765935296474	11.082962826773791	0.0716048723535718	11.083072254825572	0.07154869526080837	12.208152415401223	6.572520305780927e-12	-1.6678325387431414e-13	False	False
1712	11.083056543989727	0.06581994964337527	0.9289389808478536	8.069640651719332	1.0435320583102903	1.3926650917112777	0.02945660625562424	0.5837518334187763	3.5981391714357174	6.721775987781271	11.082709940244126	0.06585545108736651	11.083056544008224	0.06581994964261302	12.651414714347702	1.8497203768674808e-11	-7.622513731320169e-13	False	False
1734	11.08304981063351	0.054651696012305476	1.3086688822177237	7.816192824646392	1.0155010483425753	1.371728149206667	0.10257388691005892	0.5680712864428367	0.16873244679093172	0.046894363656201955	11.082613666490925	0.054693634545697346	11.083049810674186	0.05465169600795976	12.08852838594534	4.0676795265426335e-11	-4.345718229714635e-12	False	False
1735	11.082988173824932	0.04357742917121788	2.1068478941454467	7.856391282372379	0.9709786683100443	1.759632910576737	-0.16013644134332072	0.5431654670526388	0.3840566744802928	2.2761281649412637	11.084674231810025	0.04362123441281378	11.082988173837423	0.04357742917281557	13.192942099525803	1.2491341294662561e-11	1.5976872602685432e-12	False	False
1745	11.083043437228653	0.05158470095974203	2.2254916273785508	7.889320047857662	0.9490007154291714	1.1859499481124733	-0.15148065793786786	0.5308710002110785	1.4099033499234686	3.671081492936833	11.082056667279693	0.05160379019369541	11.083043437227595	0.051584700959673664	12.69688148959686	-1.0587086762825493e-12	-6.836892163519792e-14	False	False
1748	11.083007218878866	0.0682837643767098	1.9397476899543902	8.06793230139858	1.033407036978139	1.5638747347124136	-0.1486102604302122	0.5780878964855709	5.045647198824512	3.5787184980434272	11.082718554484357	0.06832456679817328	11.083007218974407	0.0682837643748893	12.689378698664944	9.554135260714247e-11	-1.8205020824169083e-12	False	False
1756	11.083067060698918	0.07424159809858884	1.1568110537102694	8.291426525014888	1.0172824727666323	1.4618404491239418	0.01837614197077804	0.5690678152656541	0.46530087625584327	0.09221827407279778	11.083009181543867	0.07426511043184497	11.083067061053402	0.07424159813206398	13.755204705650867	3.544844418001958e-10	3.347513932716595e-11	False	False
1762	11.083051369349601	0.05888176078790601	0.6372168569128164	8.5370385960336	1.1186002870231802	1.3418871803236767	0.0753980801564304	0.625745000560767	2.037371967099333	4.378611928465603	11.082381231553956	0.05889554746616982	11.0830513693519	0.05888176078813932	12.525197817108122	2.298605750183924e-12	2.3331336862497665e-13	False	False
1763	11.083005683201398	0.056590925674314806	0.8561735345956334	7.9939009806504036	1.0436717604377417	1.7441371214543229	0.16574605214038246	0.5838299827888727	5.1014021515339625	2.503912998664147	11.084253214776991	0.056642467399218674	11.08300568104544	0.05659092525462769	12.998992067742961	-2.1559571905527264e-09	-4.196871183914652e-10	False	False
1797	11.08304336473581	0.05375112492088456	1.1652918234681695	7.842733189704292	0.9691688025582376	2.368843149569604	0.05426595066572823	0.5421530281510781	0.42818040356674575	0.08393386579766003	11.088288622781912	0.05383931647367536	11.083043364826523	0.053751124921714334	13.71042600747373	9.071321471765259e-11	8.297737497109381e-13	False	False
1798	11.083068239229855	0.0744654375624764	1.5321864245982355	8.93236079849195	0.946301179861633	1.0230629229798627	-0.20887667282272088	0.5293608800145975	3.3773223512077	7.887615414144555	11.082906485274497	0.07446728246558369	11.083068239229874	0.07446543756241711	12.77203530885374	1.9539925233402755e-14	-5.928590951498336e-14	False	False
1799	11.083034582735289	0.0742010470395636	0.8131866876584501	9.0039261534822	1.0369512391703908	1.1324232687064582	-0.043903998040927705	0.5800705231919167	2.740963383643487	0.811578848155653	11.082831745003263	0.07420408668433959	11.083034582764913	0.07420104704157789	12.570317799060511	2.962430301067798e-11	2.0142915113652293e-12	False	False
