Step	Time_elapsed
1	0.0
2	1582678980.1334922
3	1582678980.1334922
4	520.0505726337433
5	1036.6090471744537
6	693.6038706302643
7	622.4353845119476
8	673.1422648429871
9	673.1422648429871
10	673.1422648429871
11	1239.550845861435
12	1239.550845861435
13	784.0031580924988
14	851.4462757110596
15	706.3491067886353
16	706.008439540863
17	710.3803460597992
18	710.3803460597992
19	954.5202023983002
20	954.5202023983002
21	954.5202023983002
22	954.5202023983002
23	778.4900012016296
24	485.3254654407501
25	837.0838286876678
26	960.7521142959595
27	740.5940222740173
28	467.79356837272644
29	838.0198633670807
30	516.4758336544037
31	715.3723797798157
32	812.1061778068542
33	668.1360604763031
34	890.325266122818
35	753.5026576519012
36	1387.6551995277405
37	758.1504714488983
38	676.2350656986237
39	602.1746227741241
40	343.0562586784363
41	577.7841007709503
42	514.5280866622925
43	516.9573907852173
44	863.6836256980896
45	1377.7163095474243
46	616.7220435142517
47	616.7220435142517
48	901.1470670700073
49	530.8374905586243
50	557.2802455425262
51	535.6742537021637
52	1133.6963858604431
53	380.9073922634125
54	613.259183883667
55	592.9117472171783
56	654.526371717453
57	494.4340441226959
58	790.6208698749542
59	790.6208698749542
60	827.1118547916412
61	665.4395017623901
62	864.1426255702972
63	693.3034934997559
64	1251.965255022049
65	748.0097692012787
66	623.4445827007294
67	623.4445827007294
68	833.3796091079712
69	543.6436305046082
70	997.5794005393982
71	659.9123277664185
72	522.7790257930756
73	867.7082872390747
74	815.3519415855408
75	441.3774938583374
76	626.4146637916565
77	705.4273917675018
78	611.6183698177338
79	611.6183698177338
80	611.6183698177338
81	904.1297559738159
82	698.9932117462158
83	699.8948414325714
84	504.0988070964813
85	540.026896238327
86	620.759340763092
87	620.759340763092
88	665.682254076004
89	623.0215365886688
90	557.7072777748108
91	557.7072777748108
92	557.7072777748108
93	364.89532566070557
94	597.4779691696167
95	608.7056736946106
96	531.3196349143982
97	286.0998885631561
98	448.8571226596832
99	553.2761225700378
100	726.0246193408966
101	645.6620650291443
102	577.7322192192078
103	550.2471725940704
104	546.1475384235382
105	305.8120131492615
106	512.7832319736481
107	564.6637756824493
108	381.7045621871948
109	381.7045621871948
110	530.4360747337341
111	433.58998584747314
112	331.4083893299103
113	487.47299218177795
114	379.2076117992401
115	228.06316757202148
116	658.0165965557098
117	330.8785729408264
118	509.30249547958374
119	599.4788193702698
120	543.124026298523
121	678.957117319107
122	272.5398015975952
123	791.1208319664001
124	791.1208319664001
125	277.11196756362915
126	506.0680718421936
127	506.0680718421936
128	292.98592257499695
129	251.40897035598755
130	337.96672797203064
131	460.86960768699646
132	510.6032998561859
133	596.8535556793213
134	349.41860580444336
135	406.7072811126709
136	332.7197151184082
137	395.42808198928833
138	435.99919176101685
139	344.05717730522156
140	550.3713088035583
141	368.2784776687622
142	312.08168363571167
143	301.50918555259705
144	507.9148931503296
145	365.77764225006104
146	365.77764225006104
147	258.8523714542389
148	576.8782906532288
149	348.2778573036194
150	458.36933302879333
151	375.37873363494873
152	277.58708095550537
153	277.58708095550537
154	322.8680672645569
155	504.20457792282104
156	441.06878876686096
157	183.835303068161
158	183.835303068161
159	430.7852532863617
160	296.97362303733826
161	296.97362303733826
162	492.4749937057495
163	301.40002608299255
164	294.92588353157043
165	369.22397351264954
166	334.00724172592163
167	334.00724172592163
168	360.4447157382965
169	360.4447157382965
170	360.4447157382965
171	340.32693791389465
172	340.32693791389465
173	253.69782209396362
174	265.43772983551025
175	265.43772983551025
176	408.04604744911194
177	292.7808051109314
178	315.9879677295685
179	356.3143558502197
180	270.4258008003235
181	270.4258008003235
182	377.90765404701233
183	261.6865062713623
184	261.6865062713623
185	419.8177218437195
186	376.8830814361572
187	376.8830814361572
188	303.9344916343689
189	356.7584571838379
190	366.6333408355713
191	430.3097081184387
192	427.3952202796936
193	373.1911880970001
194	373.1911880970001
195	313.2434048652649
196	231.0113387107849
197	246.562584400177
198	474.23966789245605
199	400.2663908004761
200	339.2847878932953
201	271.68435645103455
202	366.15702986717224
203	395.19589495658875
204	553.0373930931091
205	486.88439106941223
206	349.39426159858704
207	233.90471696853638
208	478.1620318889618
209	258.77092838287354
210	331.30383133888245
211	331.30383133888245
212	452.79859805107117
213	376.35043454170227
214	280.58217120170593
215	151.94880771636963
216	390.434707403183
217	312.2454869747162
218	316.68992471694946
219	404.7306582927704
220	339.40092277526855
221	222.00103068351746
222	379.96908164024353
223	510.155877828598
224	273.9652421474457
225	107.98640990257263
226	303.5273394584656
227	374.94277000427246
228	374.94277000427246
229	307.2704815864563
230	347.4281554222107
231	216.8357653617859
232	385.96015548706055
233	392.30044507980347
234	425.6424596309662
235	281.24096608161926
236	294.37632608413696
237	303.71044921875
238	344.68404936790466
239	240.14750003814697
240	373.4359076023102
241	313.67689967155457
242	195.8612790107727
243	329.1806421279907
244	329.1806421279907
245	303.60251116752625
246	303.60251116752625
247	250.93649911880493
248	403.7330992221832
249	356.0989282131195
250	340.9243731498718
251	340.9243731498718
252	294.7844121456146
253	420.5111036300659
254	343.0818569660187
255	343.0818569660187
256	356.9332664012909
257	432.8119320869446
258	382.1990466117859
259	434.5717854499817
260	374.65358328819275
261	369.76009702682495
262	308.7210223674774
263	344.65872073173523
264	468.8273403644562
265	475.1393897533417
266	359.29221987724304
267	356.03661918640137
268	356.03661918640137
269	435.3590269088745
270	377.06786465644836
271	494.6570281982422
272	340.65827775001526
273	481.72914266586304
274	336.95285296440125
275	234.38793063163757
276	684.3155689239502
277	381.99193120002747
278	470.15567541122437
279	376.87519931793213
280	489.17241525650024
281	509.8566789627075
282	297.62605023384094
283	605.286474943161
284	605.286474943161
285	469.00773572921753
286	265.86891865730286
287	265.86891865730286
288	265.86891865730286
289	295.52420568466187
290	295.52420568466187
291	908.4273753166199
292	460.7222285270691
293	645.3372144699097
294	480.94573163986206
295	162.34886741638184
296	365.7659044265747
297	306.452410697937
298	344.147554397583
299	437.75054240226746
300	567.1876640319824
301	382.3612551689148
302	382.3612551689148
303	472.6146705150604
304	267.59822177886963
305	442.62824630737305
306	677.717444896698
307	384.41924262046814
308	552.5795388221741
309	496.3509316444397
310	560.1133408546448
311	355.455206155777
312	355.455206155777
313	563.7206058502197
314	563.7206058502197
315	382.37005853652954
316	539.3308556079865
317	307.55608654022217
318	504.5291471481323
319	546.04545378685
320	789.8205587863922
321	718.8875665664673
322	491.3429129123688
323	595.5028910636902
324	519.3575091362
325	648.0600497722626
326	717.1159029006958
327	586.0331683158875
328	679.0649974346161
329	706.495199918747
330	532.4011926651001
331	353.9718396663666
332	338.6098163127899
333	515.4437201023102
334	606.473254442215
335	533.2496914863586
336	605.5825910568237
337	547.9314620494843
338	774.3395957946777
339	395.33336186408997
340	476.89702582359314
341	595.7989511489868
342	594.4211769104004
343	558.834983587265
344	586.0764787197113
345	632.1811838150024
346	522.9663007259369
347	479.7400403022766
348	436.75651121139526
349	436.75651121139526
350	594.2301046848297
351	802.9901769161224
352	605.0513248443604
353	520.8074471950531
354	323.4303879737854
355	784.3404455184937
356	588.574512720108
357	1066.8993525505066
358	1066.8993525505066
359	1066.8993525505066
360	773.6492416858673
361	773.6492416858673
362	571.9831793308258
363	613.1929411888123
364	934.8341648578644
365	703.9145250320435
366	703.9145250320435
367	622.7845299243927
368	714.3966534137726
369	714.3966534137726
370	714.3966534137726
371	627.6467995643616
372	851.8496298789978
373	499.26504731178284
374	499.26504731178284
375	1070.4863302707672
376	1070.4863302707672
377	671.3095207214355
378	752.0898237228394
379	635.2415964603424
380	675.4510443210602
381	591.7903184890747
382	472.92424631118774
383	472.92424631118774
384	619.6335637569427
385	468.82989716529846
386	728.9988720417023
387	836.2164752483368
388	695.954615354538
389	430.497686624527
390	801.7457735538483
391	801.7457735538483
392	801.7457735538483
393	801.7457735538483
394	509.2897424697876
395	1583051207.3126197
396	776.5897870063782
397	776.5897870063782
398	776.5897870063782
399	972.1833713054657
400	972.1833713054657
401	972.1833713054657
402	998.3853452205658
403	998.3853452205658
404	998.3853452205658
405	576.4840269088745
406	825.7599837779999
407	644.6034095287323
408	694.7155618667603
409	669.9788222312927
410	706.974143743515
411	824.442987203598
412	683.8698973655701
413	970.4638719558716
414	711.9187743663788
415	953.0838589668274
416	953.0838589668274
417	953.0838589668274
418	641.7416281700134
419	529.600989818573
420	963.4430937767029
421	450.855899810791
422	783.9248037338257
423	686.3406386375427
424	839.1485183238983
425	839.1485183238983
426	648.923919916153
427	584.9513382911682
428	471.6372501850128
429	732.9091880321503
430	599.5776009559631
431	509.7319118976593
432	657.0789873600006
433	717.313362121582
434	1020.9953389167786
435	1020.9953389167786
436	1020.9953389167786
437	1020.9953389167786
438	1020.9953389167786
439	1020.9953389167786
440	1020.9953389167786
441	1020.9953389167786
442	1020.9953389167786
443	1020.9953389167786
444	1020.9953389167786
445	1020.9953389167786
446	1020.9953389167786
447	1020.9953389167786
448	1020.9953389167786
449	1020.9953389167786
450	837.5141234397888
451	725.6306641101837
452	725.6306641101837
453	865.4465973377228
454	865.4465973377228
455	865.4465973377228
456	865.4465973377228
457	1036.6392374038696
458	840.7848699092865
459	504.4645907878876
460	838.8619561195374
461	838.8619561195374
462	635.3593442440033
463	616.9099695682526
464	937.3371889591217
465	609.1799957752228
466	359.6332266330719
467	359.6332266330719
468	359.6332266330719
469	651.2486515045166
470	592.6298635005951
471	592.6298635005951
472	503.46351385116577
473	341.2182049751282
474	739.2192273139954
475	739.2192273139954
476	503.4961133003235
477	355.0126886367798
478	305.5469732284546
479	409.94375252723694
480	302.50920605659485
481	393.6922130584717
482	422.4983911514282
483	350.90090823173523
484	324.21442914009094
485	400.00771617889404
486	391.71874237060547
487	408.4785876274109
488	432.7922704219818
489	432.7922704219818
490	432.7922704219818
491	522.3988089561462
492	434.1473009586334
493	373.2841203212738
494	432.6075246334076
495	435.093998670578
496	435.093998670578
497	435.093998670578
498	366.043967962265
499	368.72244787216187
500	497.1738188266754
501	409.27434730529785
502	386.0798695087433
503	357.9038984775543
504	414.4547469615936
505	414.4547469615936
506	392.99547958374023
507	382.9305922985077
508	382.9305922985077
509	382.9305922985077
510	382.9305922985077
511	349.8910479545593
512	323.56656765937805
513	329.6172206401825
514	329.6172206401825
515	323.34845519065857
516	252.64568734169006
517	223.70877385139465
518	347.1132438182831
519	444.439989566803
520	390.76111030578613
521	390.76111030578613
522	331.3233902454376
523	345.30760884284973
524	345.30760884284973
525	378.93657970428467
526	243.57520484924316
527	470.001398563385
528	470.001398563385
529	487.1819896697998
530	382.5163781642914
531	292.26256108283997
532	372.6906349658966
533	433.59910917282104
534	397.9796335697174
535	414.53839802742004
536	414.53839802742004
537	534.1730554103851
538	441.21929717063904
539	441.21929717063904
540	511.7506330013275
541	612.1562554836273
542	177.62260723114014
543	400.5642659664154
544	400.5642659664154
545	400.5642659664154
546	429.0842385292053
547	389.30555629730225
548	469.9502737522125
549	483.7742443084717
550	280.4917879104614
551	487.3511760234833
552	389.4853081703186
553	468.5261449813843
554	582.8119947910309
555	308.68389534950256
556	488.1304647922516
557	521.9294111728668
558	521.9294111728668
559	450.71475529670715
560	545.9886422157288
561	316.4057993888855
562	590.3113565444946
563	408.57375478744507
564	425.69220995903015
565	345.93236351013184
566	345.93236351013184
567	537.3641822338104
568	361.24158668518066
569	389.5563986301422
570	592.3343567848206
571	446.74220156669617
572	524.0534691810608
573	379.7300341129303
574	267.77440905570984
575	464.45570731163025
576	397.7869989871979
577	645.9198088645935
578	551.5519812107086
579	421.1296465396881
580	306.467892408371
581	466.56542134284973
582	466.56542134284973
583	401.12096786499023
584	417.90983986854553
585	474.93684005737305
586	617.053008556366
587	617.053008556366
588	649.9801800251007
589	451.5223307609558
590	427.23402166366577
591	417.1306869983673
592	457.11193895339966
593	531.4342176914215
594	331.68798637390137
595	311.14829659461975
596	320.94414234161377
597	418.851535320282
598	418.851535320282
599	331.9824466705322
600	412.8430390357971
601	580.6434426307678
602	513.1138877868652
603	516.6785118579865
604	384.49548053741455
605	384.49548053741455
606	304.5040590763092
607	497.0992398262024
608	593.5021080970764
609	586.7906193733215
610	922.341667175293
611	614.1577153205872
612	654.8253903388977
613	663.3596572875977
614	663.3596572875977
615	650.1243755817413
616	487.8041958808899
617	618.9101567268372
618	471.6098871231079
619	554.9781703948975
620	706.0883691310883
621	598.469731092453
622	514.4649088382721
623	597.8332235813141
624	467.5217504501343
625	467.5217504501343
626	593.6948554515839
627	525.604962348938
628	484.2965877056122
629	362.75091004371643
630	362.75091004371643
631	414.9165322780609
632	512.3352620601654
633	300.3719449043274
634	313.7817130088806
635	523.9330697059631
636	441.4952847957611
637	354.88001441955566
638	292.5448086261749
639	633.5972089767456
640	421.4407775402069
641	707.3016610145569
642	745.475733757019
643	569.2226560115814
644	808.0845823287964
645	526.2682342529297
646	547.5665040016174
647	734.5958750247955
648	757.7568764686584
649	671.2360370159149
650	595.8751547336578
651	486.7049880027771
652	486.7049880027771
653	486.7049880027771
654	557.1827375888824
655	557.1827375888824
656	632.2514986991882
657	489.9791691303253
658	652.9577147960663
659	888.5307493209839
660	914.7806169986725
661	412.4359576702118
662	656.3919086456299
663	636.1080915927887
664	710.6009554862976
665	445.44748306274414
666	547.9433965682983
667	1139.4692733287811
668	800.1281704902649
669	655.3096425533295
670	580.3961446285248
671	792.0563323497772
672	792.0563323497772
673	533.7520787715912
674	796.7363460063934
675	593.9609096050262
676	806.4231774806976
677	806.4231774806976
678	242.1195421218872
679	542.0580854415894
680	791.0698351860046
681	791.0698351860046
682	1039.5441987514496
683	1039.5441987514496
684	727.6679215431213
685	727.6679215431213
686	899.8347935676575
687	899.8347935676575
688	899.8347935676575
689	755.1112372875214
690	755.1112372875214
691	660.7357356548309
692	967.1437079906464
693	1380.120465040207
694	1380.120465040207
695	1380.120465040207
696	1380.120465040207
697	674.6506159305573
698	674.6506159305573
699	879.4505100250244
700	879.4505100250244
701	879.4505100250244
702	404.9608371257782
703	830.6925678253174
704	1058.3782896995544
705	1058.3782896995544
706	979.9536440372467
707	470.9465661048889
708	470.9465661048889
709	470.9465661048889
710	1340.4605209827423
711	1340.4605209827423
712	1944.2579908370972
713	994.1287710666656
714	868.6119356155396
715	868.6119356155396
716	1118.6152603626251
717	416.0576684474945
718	1411.2967982292175
719	1411.2967982292175
720	1866.7573726177216
721	1866.7573726177216
722	1866.7573726177216
723	4335.285837173462
724	823.5535271167755
725	554.3343181610107
726	554.3343181610107
727	5227.485718727112
728	706.2522413730621
729	608.4368557929993
730	754.7336382865906
731	866.9480283260345
732	979.6143743991852
733	1776.5037250518799
734	700.481663942337
735	700.481663942337
736	700.481663942337
737	650.617023229599
738	311.1819233894348
739	554.1323676109314
740	582.0584063529968
741	582.0584063529968
742	1064.245903968811
743	695.1759526729584
744	695.1759526729584
745	695.1759526729584
746	811.9888868331909
747	562.8329362869263
748	702.2548124790192
749	218.62961435317993
750	568.4449450969696
751	460.3886137008667
752	460.3886137008667
753	335.9597866535187
754	624.9729492664337
755	650.2994768619537
756	301.0671534538269
757	535.1407418251038
758	836.3767085075378
759	583.817408323288
760	548.431135892868
761	548.431135892868
762	524.5866680145264
763	524.5866680145264
764	792.0574941635132
765	647.7395029067993
766	958.47026014328
