Iteration_step	Porb	eccentricity	Wdisk	logQ	primary_mass	age	feh	secondary_mass	posterior_probability	acceptance_ratio	inital_orbital_period	initial_eccentricity	current_orbital_period	current_eccentricity	current_spin	delta_e	delta_p	bad_solution_flag	gsl_flag	
1	5.749	0.061	4.1	7.350601726839351	0.802462794050237	4.694880649876551	-0.04347877946804426	0.6547293936655884	125.37132337570075	0.0	6.0674652550254695	0.07300958815755264	5.749000000238422	0.06100000007403038	5.749000000238424	2.384226149843016e-10	7.403037904918364e-11	False	False
2	5.749011986308379	0.05542175166267099	3.9944296835120867	6.957013745902693	0.8217564792127132	4.98336115954967	0.07896678817883353	0.6704711113896527	78.32498411714346	0.6247440164799621	6.062547734558728	0.09329028417197019	5.749011985010853	0.05542175169809721	5.749011985010854	-1.2975265306636175e-09	3.542621751506658e-11	False	False
4	5.749013689634493	0.04680529773365507	3.6461202113002944	7.593686817154908	0.9102482066568166	3.7395286075578693	0.08760820354366528	0.7426715118112966	24.95999600510851	0.318672212786895	5.942465164764459	0.05257912106191206	5.7490136894443	0.04680529743708202	5.7490136894443	-1.9019363861616512e-10	-2.965730508397435e-10	False	False
10	5.749016753237027	0.0571887883702996	3.8955984915603343	6.823467807526906	0.8232823667171206	4.353218542162485	0.011371911005396945	0.6717160830044987	50.22637685097395	2.0122750356488126	6.017694197357297	0.10732974583695878	5.749017946719655	0.05718887859809296	5.749017946719656	1.1934826282811173e-06	9.022779336176345e-08	False	False
11	5.749016524418112	0.06496001363577429	4.092001648957231	6.540884084415437	0.7110669352903325	4.152625738784232	-0.23501906479385057	0.5801595125033823	56.511458140815755	1.1251350721253535	6.113494121580452	0.1373846701563262	5.7490165261884245	0.0649600138390078	5.749016526188426	1.7703127852541911e-09	2.0323351335171935e-10	False	False
13	5.74901082128126	0.06777858744734994	4.457096073577624	7.13723705831102	0.755875075631351	5.390314990787579	-0.20653264722801248	0.6167184742076193	82.56889610417366	1.4611000816582673	6.163659527917711	0.0903955667329485	5.749010821886754	0.06777858761843339	5.749010821886754	6.054943213484876e-10	1.7108345296001914e-10	False	False
16	5.748997822823183	0.05317303245240934	4.423184398757746	7.242125671240583	0.7957263235117348	5.117982284960869	-0.1199646681372204	0.6492331073532244	97.21988854442148	1.1774396065773156	6.097962838260733	0.06814820451238536	5.748997822013232	0.05317303202385777	5.748997822013232	-8.09951217206617e-10	-4.285515692314945e-10	False	False
19	5.749004852423066	0.06531610142700925	4.338460639098744	7.602981304070625	0.8171002302741068	4.252049198569006	-0.06710228325210717	0.6666720778806438	101.27236969079478	1.0416836637754594	5.987303773241359	0.07184098250222741	5.748996903215728	0.06530887812773002	5.748996903215729	-7.949207337709652e-06	-7.223299279227047e-06	False	False
27	5.749004134571635	0.061521213083621476	4.357743433208564	7.254565829920472	0.7843899606501994	3.445439373662725	-0.26134903595087994	0.6399837688944977	126.1003563495193	1.2451605184566081	5.980839736576658	0.07155322266653824	5.749004134645442	0.0615212130997668	5.7490041346454435	7.380673849866071e-11	1.6145321191096684e-11	False	False
37	5.748995791172847	0.057313226183092245	4.307070811309515	7.534182203375951	0.8531120088875127	3.5213740403174434	0.13082904519504163	0.6960540880513216	105.37366547520085	0.8356333679433138	5.949239477778465	0.06338715317979156	5.748995791079828	0.05731322627903813	5.748995791079829	-9.301892589519412e-11	9.594588318284636e-11	False	False
40	5.748995352356385	0.06223813744120704	4.294338503993354	6.858203117243875	0.8778219790596364	3.677154987792016	0.1318503431059952	0.7162149527147573	112.28811881246585	1.0656184190431555	5.932568913965612	0.11170980645147206	5.748995354402404	0.06223813771206399	5.748995354402405	2.0460193539406646e-09	2.708569479814571e-10	False	False
42	5.748986149871213	0.04994941096451473	4.397477369735757	6.714768999695005	0.8842876165616449	3.5903326230276558	0.11458986173103358	0.721490266352646	36.85866254315227	0.3282507796279899	5.899154790215622	0.11277597829259717	5.748992712583288	0.04997778903693837	5.748992712583288	6.562712075108834e-06	2.8378072423639045e-05	False	False
44	5.74898742894237	0.0527003967901172	3.311867169285919	6.9451055410482905	0.8712328852663404	3.242826846478889	0.009612150870801667	0.710838911088807	49.34067536956164	1.3386452997798293	5.892809522797967	0.07959736551975964	5.748987432629273	0.052700398012930354	5.748987432629273	3.6869032271624746e-09	1.2228131562874722e-09	False	False
45	5.748999829676037	0.05060044768429295	3.1294161713694697	6.084961262288024	0.843955006937392	4.103262760106859	0.00025745727446621625	0.6885828901602181	68.09698991970107	1.3801389909978865	6.094529613240279	0.19032826597621158	5.749374247628293	0.004743991853182168	5.749374247628293	0.0003744179522566782	-0.04585645583111078	False	False
50	5.749007830323286	0.04971188876959826	3.2389079679839616	6.772681386723575	0.7974938762959671	4.635078891287192	-0.017012629284205355	0.6506752536698795	55.31845671446911	0.8123480462161364	6.047421903431316	0.09859275608722609	5.749007827853189	0.0497118883784118	5.749007827853189	-2.4700970158164637e-09	-3.9118646516511646e-10	False	False
52	5.7490025510493235	0.06667953298362297	3.2193937423549484	7.065075872225176	0.7974047975952685	5.831561300771867	0.010594717372876289	0.6506025743579795	124.42930807653548	2.249327176981597	6.168569659623369	0.10341227002559346	5.74900255186918	0.06667953318770578	5.74900255186918	8.198561829431128e-10	2.0408280620998198e-10	False	False
57	5.748992965533949	0.066062264093857	3.0294998829636466	7.36390851882162	0.8599508512645561	4.9349505370672855	0.1320189179482063	0.7016338995467513	110.43064836557484	0.8874970862784982	6.049466295829559	0.08301831942484593	5.748992965752416	0.06606226411794801	5.748992965752417	2.184670222504792e-10	2.4091006967097428e-11	False	False
58	5.749001421416583	0.06918775750809718	2.7822709243286203	6.971395145256809	0.7694479334786078	4.516328207239019	-0.13350864825484013	0.6277925689251961	89.4161993388895	0.8097045581302926	6.085070693646331	0.10123130230338179	5.749001421261584	0.06918775752791652	5.7490014212615845	-1.5499956873554765e-10	1.981934061312529e-11	False	False
60	5.749005006427323	0.06489464116155491	2.7151793034976275	7.173496459995143	0.767521195652541	3.8796276672168704	-0.10847551741066605	0.6262205435329081	100.46819338841301	1.1236016978046248	6.027939629253912	0.07909544921097296	5.74900500672945	0.06489464121308892	5.749005006729451	3.021272121372931e-10	5.1534013167930937e-11	False	False
61	5.748999722000098	0.056465476140827836	2.8660015279804427	7.0941791216668655	0.821992813382436	4.67466450093201	-0.025143205412356515	0.6706639364387295	112.97141413879409	1.124449542971707	6.046168997589985	0.08082047227091455	5.748999722545524	0.05646547624866444	5.748999722545524	5.454259266457484e-10	1.0783660076008061e-10	False	False
62	5.748993039576475	0.060823913082815866	3.0112762485126705	7.249420738784736	0.813639586637264	4.799273202545711	-0.1351081037183005	0.6638485387373436	112.97261437102466	1.0000106242117948	6.068621984085011	0.07795967621189254	5.7489930404189	0.06082391312748	5.7489930404189	8.42424796587693e-10	4.466413350279197e-11	False	False
69	5.748984684237688	0.056743915200799105	2.606786955140895	6.818319793037699	0.8863156556275718	4.92414974527591	0.07068112219811326	0.7231449434265358	63.46802577608531	0.5618000975673947	6.090185373574574	0.1434061012654933	5.749006220556624	0.05674663570126965	5.749006220556624	2.153631893619945e-05	2.7205004705446734e-06	False	False
70	5.74897838971121	0.0387276755359558	3.0718215002693765	6.690645197277504	0.7909130173174448	5.458631717819981	-0.05963629362048631	0.6453059308293032	3.0396386578290553	0.04789244065276075	6.113765454503956	0.1006687892645795	5.748978390038009	0.03872767558217576	5.748978390038011	3.267990322797232e-10	4.6219965355032144e-11	False	False
76	5.748970769131287	0.04820660686215115	2.5970365959828863	6.119470111508647	0.8693061140654414	4.289504328435434	0.13371307648123687	0.7092668584659937	3.739747473638518	1.2303263297452232	5.748970769131287	0.04820660686215115	5.664316823937381	0.0007800084914006284	5.664316823937382	-0.08465394519390568	-0.04742659837075052	False	False
79	5.748973431272996	0.04506149969243375	3.5154154963090365	6.940292789884981	0.8171002302741068	4.252049198569006	-0.06710228325210717	0.6666720778806438	4.404591435022525	1.1777777687051043	5.996355753164923	0.07099345593467209	5.74897343101093	0.04506149964880396	5.74897343101093	-2.6206592451671895e-10	-4.362978728300604e-11	False	False
80	5.748985043685297	0.04356402563077907	4.10552201204166	5.858666661228294	0.778825402475962	4.821402114889369	-0.18346069284902367	0.6354436458801374	15.467778442753517	3.511739663244025	5.8040608590951095	0.02548239836359567	5.749000646517077	8.573808808490891e-05	5.749000646517079	1.5602831779482074e-05	-0.04347828754269416	False	False
85	5.748981003807876	0.048606002619145765	4.128562872015053	5.644917736167289	0.74302359873925	5.630004415599114	-0.29203952341561246	0.606232954211354	26.959780335772795	1.7429639579821596	5.924984419776574	0.06073798956413137	5.748984392999433	5.098048168927739e-06	5.748984392999434	3.389191556735227e-06	-0.048600904570976836	False	False
86	5.748987296943596	0.05283652005731011	4.2332467106859	5.725052288893757	0.8139493076623338	4.946444402448418	-0.03814835596981536	0.664101240121698	58.52316118939982	2.1707580870659298	5.766074782402325	0.04648283357703155	5.748986612627017	4.768029430270888e-06	5.748986612627018	-6.843165785141991e-07	-0.05283175202787984	False	False
87	5.748998331785744	0.0533794917850317	3.7082924668987394	5.5602175369640054	0.8696479086242792	5.530226024493801	0.3309739852076383	0.7095457286465494	174.02718812070282	2.973646409111338	5.778629843127843	0.05466202754023636	5.748998903832074	3.5378825661366875e-08	5.748998903832075	5.720463303049428e-07	-0.05337945640620604	False	False
88	5.749000361203694	0.05105593171009816	4.293705139314529	5.543658526841132	0.8916504403569602	5.733046841508243	0.17690275884621354	0.7274975942872438	107.76460169410034	0.6192400328812778	5.946741987429616	0.16398380564666418	5.748999827454479	3.0834102718504515e-08	5.748999827454478	-5.337492154922074e-07	-0.051055900875995444	False	False
90	5.748992805517551	0.043478994149621975	3.4316967152168862	5.681987981088332	0.8056407591905907	5.855775311701908	-0.05362471763310295	0.657322295423603	27.08783814024592	0.2513611864602555	5.890561585947197	0.028671120352477233	5.748992302180102	2.5184041963443995e-07	5.7489923021801035	-5.033374490537312e-07	-0.04347874230920234	False	False
91	5.748973195607933	0.04315084942133141	4.261085932039041	5.4364854782638945	0.7163125515666696	5.5963186869243495	-0.1383138562468355	0.5844394108232457	3.6999504134549044	0.1365908343921208	5.9031736596451685	0.04549389480362012	5.7489723821003285	5.160057932724015e-08	5.748972382100329	-8.135076043913614e-07	-0.04315079782075208	False	False
92	5.748971495489097	0.05131629866502964	3.9441833676940186	5.988449350943001	0.8320983702528688	5.04639240590568	-0.08301336083542407	0.6789090602893156	6.608029015864486	1.7859777233322713	5.748971495489097	0.05131629866502964	5.685791510355822	0.00017624300486505438	5.6857915103558225	-0.06317998513327527	-0.051140055660164586	False	False
97	5.748965582422618	0.05299092948541727	4.084642743909685	5.680194446287678	0.8056407591905907	5.855775311701908	-0.05362471763310295	0.657322295423603	3.534297450203429	0.5348489605173229	5.8513411069013115	0.05246527326078156	5.748966298011847	4.5528054031433264e-07	5.748966298011847	7.155892296495381e-07	-0.05299047420487695	False	False
103	5.748971613712775	0.06046558831187211	3.7545101253885655	5.4668917028383435	0.7684499620935544	6.706569147506492	-0.1339521599783634	0.626978324072131	15.688259883882214	4.438862349568009	5.979900516466505	0.05368329595408491	5.748968687389431	3.922613336686247e-08	5.748968687389432	-2.926323343643844e-06	-0.06046554908573874	False	False
110	5.748983169097125	0.04982656707845693	3.10125290468787	5.157010721141552	0.722205920740195	6.0283715076868605	-0.3511786274541614	0.589247810731925	44.370644848005796	2.828270641640202	6.04909982455486	0.04844379468568521	5.748891709352866	2.7151230147462057e-08	5.748891709352867	-9.14597442589482e-05	-0.049826539927226784	False	False
111	5.748992156157015	0.04450088052739058	3.14170935156037	5.271969379567212	0.6900418709167395	5.380391393979247	-0.4947627025119204	0.5630051624809678	51.682201848765395	1.1647836542787637	6.033310628223872	0.038539434619972106	5.748999441815381	3.508948020339079e-08	5.748999441815383	7.2856583663849506e-06	-0.04450084543791038	False	False
116	5.748991451732541	0.048200898630437576	3.626126513150484	5.57078358227296	0.8056407591905907	5.855775311701908	-0.05362471763310295	0.657322295423603	52.131368285005216	1.0086909307299676	5.872855993718401	0.028986581327212917	5.748990784692436	4.08119097375797e-08	5.748990784692436	-6.670401049291286e-07	-0.048200857818527836	False	False
117	5.74899288162023	0.05062623720772337	3.897374913678504	5.514234764349655	0.8351673911968657	6.519968738532782	-0.024951346144075487	0.6814130744775226	78.97223438980409	1.5148697797084147	5.882742766559735	0.05534065429440145	5.748968245812273	3.5044047300659994e-08	5.748968245812274	-2.4635807956308042e-05	-0.05062620216367607	False	False
122	5.7490020559618324	0.048644686231914036	4.295278934704051	5.846108955989736	0.7550442087867348	6.489332412737259	-0.1925151890139723	0.616040569949097	74.33556251192178	0.9412873155519969	5.950874904285116	0.04994035153932545	5.749019844737107	4.229007852646455e-05	5.7490198447371075	1.7788775274141244e-05	-0.04860239615338757	False	False
123	5.748988128029771	0.04208902295630749	3.9511554603938985	5.742138605960222	0.7268428721838125	5.678692590384236	-0.2588636064855917	0.5930310994147726	17.634623127744373	0.23722996815845943	5.930430812426485	0.022494962888076172	5.7489960625844105	1.949487617728176e-05	5.74899606258441	7.934554639099645e-06	-0.04206952808013021	False	False
125	5.748988774805863	0.07055717267543606	3.8023012863657906	5.590355486979299	0.8515424465522682	6.17442760672492	0.04636150547884271	0.6947734821419955	125.12237440696671	7.095267843298163	5.845104774053287	0.050334895023192605	5.74898602150683	3.745141495416959e-08	5.748986021506829	-2.753299033209089e-06	-0.0705571352240211	False	False
126	5.74898638170378	0.06839495851176983	4.287816399551378	5.459985619517842	0.8320519219191574	5.595477440477188	-0.026957969084616812	0.6788711630938405	109.19926034235107	0.8727396747377497	5.796523129589238	0.05904701968474955	5.748961134503192	3.1372826248439247e-08	5.748961134503191	-2.5247200587941165e-05	-0.06839492713894357	False	False
130	5.749001602886089	0.05371072481483741	4.2503073163793115	5.095846501198559	0.7302754397032325	5.265624106879929	-0.25569116116627433	0.5958317312538673	199.0718175590238	1.8230143403436332	5.877130543927942	0.04695547358116972	5.74899842548672	2.2925781939435605e-08	5.748998425486721	-3.1773993693917646e-06	-0.05371070188905547	False	False	False
146	5.74900571202811	0.05747921088666359	4.371630448784827	5.551277290767229	0.738050054756724	5.387511936427801	-0.19759541952465925	0.6021750396760112	209.35141930742319	1.051637654563291	7.501992381393388	0.3869389213603099	5.749010403230786	7.667499012307617e-06	5.749010403230788	4.691202676099238e-06	-0.057471543387651286	False	False	False
153	5.749008056458321	0.060743888591975485	3.9549593244323047	5.2338081339930485	0.6984777656449674	5.841377739331792	-0.3231998705922388	0.5698880089897289	258.6398594126222	1.2354339906949525	6.002223692967511	0.06140834202408498	5.748990873602801	3.2607544488537135e-08	5.748990873602801	-1.7182855519770612e-05	-0.060743855984430994	False	False	False
163	5.748993683996593	0.060865588369859336	4.141112256079733	6.0432264512504625	0.7997367566921647	4.462897446448332	-0.1608510260326976	0.6525052197851372	197.0936957005495	0.7620391387010277	5.855602002665872	0.10131570571721883	5.749710213172567	0.002529141173768476	5.749710213172568	0.0007165291759738679	-0.05833644719609086	False	False	False
169	5.7489923136437495	0.04458375217338796	2.8126984241938056	5.380943374527447	0.8171002302741068	4.252049198569006	-0.06710228325210717	0.6666720778806438	44.23235925932593	0.2244230040037887	5.851342592241998	0.057426316743193026	5.74899267381692	2.717869856257813e-08	5.748992673816921	3.601731703994915e-07	-0.0445837249946894	False	False	False
171	5.749010219441437	0.051152415888931636	3.248163779010962	5.418224625104897	0.8012563813077742	3.069989255297929	-0.018703395915302595	0.6537450815090129	81.3349487152877	1.8388109989439252	5.729943075629552	0.05139676345847504	5.749010220959371	5.55743365067503e-07	5.749010220959371	1.5179342227611414e-09	-0.051151860145566566	False	False	False
173	5.749004177948233	0.04258539921912072	3.2809895959952544	5.301386164033326	0.7528891157382057	3.87078877109375	-0.12455424512459976	0.614282229530802	34.70007269655712	0.4266317646307793	5.819106677309449	0.045699914798595184	5.74900272273324	2.8191648459958364e-08	5.74900272273324	-1.4552149929514258e-06	-0.04258537102747226	False	False	False
175	5.749009683112502	0.054650774011306615	3.358949807379709	5.131495766922661	0.8021024336240098	3.995225693478697	0.07468998894081286	0.6544353755938296	125.68952880655446	3.6221690342171864	5.778406029553064	0.05451500216074851	5.7489920878406116	1.8397389647113813e-08	5.7489920878406116	-1.7595271890158415e-05	-0.05465075561391697	False	False	False
176	5.749000879996538	0.06351171423989496	2.3163105589318262	5.38190995368351	0.9201554118363927	3.534562850180282	0.17177231652113956	0.7507548005173128	205.97006423295298	1.6387209514482008	5.7912833185689045	0.06307760329354267	5.749003072493619	2.038529377998026e-08	5.749003072493619	2.1924970807774002e-06	-0.06351169385460118	False	False	False
180	5.749001126249051	0.05942051512899357	2.0530477892285695	5.122118806413563	0.8420322848706913	2.062657842711089	-0.12511703483470965	0.6870141412259969	201.29167593285032	0.977286076413457	5.760850082041845	0.05696934043129182	5.748991338902279	1.4316853873945697e-08	5.74899133890228	-9.787346772149874e-06	-0.0594205008121397	False	False	False
191	5.749017138828798	0.04974298777718402	1.6098345784417412	5.339314857400049	0.8671967093339139	0.6895867991147293	0.17521566591931254	0.7075457951455403	58.064867268199656	0.288461343466432	5.682837677487612	0.05020631615376633	5.749106255961526	0.0005599988021881282	5.749106255961525	8.911713272841126e-05	-0.04918298897499589	False	False	False
192	5.74901847441787	0.039735318322107235	1.5625426228143515	5.947861746942992	0.8618078379602582	0.6558539716268317	0.045109166691507246	0.7031490149917746	9.004034709437041	0.15506854890148478	5.766147872225633	0.11357268074627745	5.749018320902791	0.03973523908861171	5.749018320902793	-1.5351507887118032e-07	-7.9233495528519e-08	False	False	False
193	5.749019518042201	0.05691613543229372	2.1161694249155825	5.395221909821141	0.8288935387139476	1.545024728138004	-0.009572698355997625	0.6762942382367098	61.169417752027215	6.793556413983627	5.717626749955422	0.05798417430037993	5.749038170733843	5.0240573390079334e-05	5.7490381707338445	1.8652691641918295e-05	-0.05686589485890364	False	False	False
195	5.7490182463684425	0.07281596530687522	1.1529288456988562	5.366389721084681	0.9509222099804762	2.5546970826724245	0.2823705236409398	0.7758574311230705	50.20627872662934	0.8207741804925952	5.844354832526555	0.07107471161830069	5.749006123066985	1.7957277189635568e-08	5.749006123066986	-1.212330145783369e-05	-0.07281594734959802	False	False	False
196	5.748997855204495	0.07061800015696496	1.520871556051469	5.601154778325264	0.9789914725177169	2.0320031406752035	0.4021539805850225	0.7987591424272051	223.59996612602464	4.45362555833933	5.748997855204495	0.07061800015696496	5.727873537248073	1.136857615592911e-05	5.727873537248073	-0.021124317956421557	-0.07060663158080903	False	False	False
197	5.749001004469971	0.055366041621316295	0.8209252491667417	5.708340693201358	0.876205486131756	1.9119156214218607	0.3118987188026976	0.7148960561348997	245.77060000095136	1.0991531182184124	5.843989761097569	0.059531066941643444	5.749124558090518	0.000507383857162254	5.749124558090518	0.00012355362054705665	-0.054858657764154044	False	False	False
199	5.748999109046904	0.05082018894496037	0.5255847301577145	6.4138387440340505	0.9236029855234973	1.8724353342493576	0.15222127563798632	0.7535676758886214	127.94049208234645	0.5205687420783902	6.012096930601564	0.1519482532882663	5.7489991089990635	0.05082018894319952	5.748999108999064	-4.7840842398727546e-11	-1.7608484115250178e-12	False	False	False
206	5.74899288772789	0.05996209319583582	1.1190287730685915	6.38027318042523	0.8006458930819943	0.9297985415246217	-0.08865844746512594	0.6532469841655991	189.17775958543314	1.478638674171055	5.7829272376769785	0.0925806560912431	5.74899288769024	0.0599620931951961	5.748992887690238	-3.764988321108831e-11	-6.397174456829191e-13	False	False	False
208	5.74898699892635	0.07786058713120733	1.5292125355712178	6.905706527972566	0.8185515324954374	1.5900562593683532	-0.056620738206307863	0.6678561953630274	29.797678914121313	0.15751153295937312	5.806328304515783	0.09364842072152282	5.74898699828581	0.07786058698221274	5.748986998285811	-6.405400654330151e-10	-1.489945944399551e-10	False	False	False
209	5.748995861967712	0.06646324425469273	1.7246595239432212	6.248123390836808	0.7622220644358816	2.346367453215141	-0.2941613308361468	0.6218969823732358	206.61728195556123	6.9340059187510725	6.002871142194239	0.15822790004333404	5.73292234530359	0.0504596013280741	5.732922345303589	-0.0160735166641226	-0.016003642926618628	False	False	False
214	5.748998966187125	0.04936080328883703	2.0462188635840546	6.223689836998228	0.6834997224355019	2.2983368092565764	-0.5710949646715431	0.557667423535126	350.4809062855449	1.6962806933106667	5.924939347582649	0.10893426668835599	5.748998966090879	0.0493608034942734	5.74899896609088	-9.624656627238437e-11	2.0543636930492326e-10	False	False	False
218	5.748994579081923	0.05428777627862542	2.4565479343171286	6.3547472727689565	0.7201311876952141	2.9772174391971875	-0.4175463536305646	0.5875550360405252	269.58897142409586	0.7691973131467981	5.984055293178959	0.12893979545395054	5.751019222858961	0.05457708831976059	5.751019222858962	0.0020246437770383707	0.00028931204113517156	False	False	False
224	5.748987169501458	0.056277051619611225	2.7813430327682207	6.70236551245658	0.7906071397100175	1.9847298849086976	-0.1793286760759469	0.6450563652894032	122.14223870895688	0.45306838059340515	5.8064605111444365	0.07753972965227307	5.748987170290946	0.05627705194046943	5.748987170290947	7.894884745951458e-10	3.2085820805827225e-10	False	False	False
226	5.748983015502782	0.0641076044720713	3.4366736372413333	6.202568554175573	0.6697701119528604	2.1579286710857497	-0.6022132248031487	0.5464654343423387	332.14623108282655	2.7193396370789604	5.874853935191901	0.12479613193747523	5.741958614813781	0.0624972165414716	5.741958614813782	-0.007024400689001453	-0.0016103879305996993	False	False	False
236	5.748990751191618	0.061150787021816005	3.2312771400708296	6.061131451806561	0.688759217195623	2.5794856849204493	-0.3600210590451661	0.5619586453099088	240.1766703180911	0.7231052104222095	5.966861677114038	0.1554141471218212	5.74788974314362	0.04105487731558374	5.747889743143622	-0.0011010080479980644	-0.020095909706232262	False	False	False
237	5.748978640018228	0.06446205541104541	4.067187144685341	6.471395897372409	0.7175296909022894	3.7700534217815234	-0.3245803942883152	0.5854324748071779	72.26745191319011	0.3008928877957995	6.081735322028059	0.14603125227000024	5.748997851837756	0.06451645710367787	5.748997851837756	1.9211819528131002e-05	5.440169263246086e-05	False	False	False
244	5.748989767176237	0.06596792825822939	3.649963014046037	6.603431725550193	0.8014372616371209	4.523818279150535	-0.1926298271945525	0.6538926617697269	150.92566827807053	2.0884321265314165	6.1983064316693275	0.18406865809650683	5.748989766872199	0.0659679282530332	5.748989766872199	-3.0403768391806807e-10	-5.196190699940928e-12	False	False	False
247	5.748993125515425	0.05623073584877848	3.621614314684807	6.647733941880954	0.7703165336369221	4.449888466269301	-0.13515094797525462	0.6285012597943647	167.60936307396122	1.110542460975903	6.079875640080622	0.12486205146594372	5.748993124253007	0.056230735715605704	5.748993124253008	-1.262418614089711e-09	-1.3317277836044639e-10	False	False	False
249	5.748992878690224	0.05405438055530907	4.039057089698885	5.848800629952702	0.8938231605783499	3.1093352387179527	0.1118643230490185	0.7292703167158756	130.09795872256709	0.77619744110094	5.623261609046551	0.062483811099600606	5.7490416106965485	0.0001992812174117701	5.7490416106965485	4.873200632449226e-05	-0.0538550993378973	False	False	False
255	5.748998220082389	0.04370796159612786	3.2869171589888477	5.965972236332424	0.9678668486893517	1.7487311603179998	0.1950875024066358	0.789682561845642	51.35453833482009	0.39473746428514883	5.872351686601989	0.1916256382640418	5.74967650768457	0.008477202746119426	5.749676507684571	0.0006782876021809159	-0.03523075885000843	False	False	False
257	5.748989483023294	0.03855188270690025	2.7888974675617257	5.006050255651965	0.9396181053392753	2.1483832738511324	0.430350925999463	0.7666344121463147	24.414650481326607	0.47541368831219066	5.626772298666601	0.039809043775536214	5.748989351612615	9.983047007343484e-09	5.748989351612617	-1.3141067878308377e-07	-0.03855187272385324	False	False	False
263	5.7489893657451505	0.03238473228006389	2.669947291781528	5.185542912387267	0.8807198336766231	2.4867185666560467	0.2805294838955274	0.7185793122967568	3.1410568639275116	0.1286545906659581	5.678038851387548	0.03442130047435722	5.748983167589183	1.5544039875893374e-08	5.748983167589183	-6.198155967140906e-06	-0.03238471673602401	False	False	False
270	5.748985480386352	0.051364237085750164	2.5603867296344944	5.705096626379185	0.9218242211869387	3.5074220206145945	0.2243067442458396	0.7521163820664233	79.9762349370991	25.461568638110705	5.748985480386352	0.051364237085750164	5.746797114001585	2.5202075673276976e-06	5.746797114001587	-0.0021883663847672707	-0.051361716878182834	False	False	False
273	5.748977690451474	0.06816834384882794	2.439619465187016	6.008321123350408	0.7153320090656603	3.30510238833286	-0.34442928694329034	0.5836393861966722	54.035298278339106	0.6756419368933483	6.139593150732225	0.1745270159101408	5.750347516970341	0.019622462947049828	5.750347516970342	0.0013698265188670788	-0.04854588090177812	False	False	False
274	5.748990971865107	0.07145990353050596	2.900468911844552	6.4861701787441755	0.7178204746740859	3.8932324471336512	-0.41442521032255	0.5856697252865867	173.98032980083633	3.219753297273443	6.147908643913499	0.16193391512703556	5.748990751222978	0.07145750250821982	5.748990751222979	-2.2064212856776066e-07	-2.40102228614425e-06	False	False	False
276	5.749002356399937	0.05727571323468605	2.9771163368533045	5.963638498214298	0.7778600453126172	4.92868954230362	-0.07468020133736326	0.6346560109705643	202.0286642225508	1.1612155492165277	5.8879671559705296	0.00938273005939489	5.749018121147192	9.609083074387595e-05	5.749018121147193	1.5764747255175848e-05	-0.05717962240394217	False	False	False
278	5.748965759117993	0.05357961246500415	3.665423168668852	5.711454172383012	0.8612741135395026	4.919663672637835	0.10267780902029454	0.7027135492368801	6.556273566381637	0.03245219479924579	5.772141071119885	0.05315009113300218	5.7489688914664745	7.33440898802519e-07	5.748968891466475	3.1323484819267833e-06	-0.05357887902410535	False	False	False
287	5.748986192656128	0.04989496267096499	3.7012112434217515	5.107937492958873	0.8432895836699147	4.952628190810435	0.0794900467338966	0.6880399713162834	76.04184890400907	11.598333738531911	5.778807155153292	0.04919642945333456	5.74894428245708	1.6039028887874293e-08	5.748944282457081	-4.191019904808968e-05	-0.0498949466319361	False	False	False
288	5.749004699826743	0.0529286834915112	4.251980274314291	5.129841686929704	0.8759643925084025	4.374935034459595	0.16014694588736839	0.7146993478476056	162.97704679605616	2.1432546570742796	5.66865438716114	0.05374083123661835	5.749017413656372	1.4872500589159684e-08	5.749017413656373	1.2713829629085183e-05	-0.052928668619010605	False	False	False
294	5.748992536390425	0.06029224682932448	4.120705567248784	5.461515775186242	0.8859230235802351	4.589342315319726	0.2873595583811074	0.7228245949391138	281.90257530006346	1.7297072246794765	5.685157858588172	0.06259140645965539	5.749076260710344	2.7559545294015016e-08	5.749076260710344	8.372431991876539e-05	-0.060292219269779186	False	False	False
299	5.749002186633826	0.042027567288238074	3.475308205528929	5.046995782560021	0.8516262382962527	5.023507111051676	0.04522685264808038	0.6948418478259125	38.725156464906235	0.13737070838635052	5.798009933944987	0.04395462289118396	5.749183108081955	1.3975087158631874e-08	5.749183108081955	0.00018092144812964506	-0.04202755331315092	False	False	False
300	5.748996812318303	0.05007882517009609	3.391511915828259	5.54148299902804	0.7997367566921647	4.462897446448332	-0.1608510260326976	0.6525052197851372	118.05336225259325	3.048492841070283	5.829823702095095	0.051897534206554734	5.748992929417635	2.766994517811312e-07	5.748992929417636	-3.882900668550349e-06	-0.05007854847064431	False	False	False
302	5.749013416095497	0.061416887503201165	4.398018959811125	5.484218359946575	0.7554465751691682	3.2230017527694335	-0.27813930871588044	0.6163688606805243	144.42904184593982	1.22342167211563	5.705940227968071	0.060462882224697805	5.74902027740548	1.2538028167009602e-05	5.749020277405481	6.861309982397756e-06	-0.061404349475034155	False	False	False
303	5.7490139886386284	0.0517566923307083	4.39102022304673	6.2645344798524345	0.8177123996994916	2.9607483149079687	-0.036614714159253436	0.6671715469148152	66.95839992389031	0.463607589360828	5.723575462961187	0.0793578938417363	5.751278482644938	0.017444027162919575	5.751278482644941	0.002264494006309903	-0.034312665167788726	False	False	False
304	5.749014778977628	0.07023662522405177	3.934929738761335	6.244917779382637	0.699963270151581	2.312152325174878	-0.33547378317719295	0.5711000321166749	100.94263021056074	1.5075424491221314	5.825117794024985	0.11145148896003128	5.7442330574170954	0.051056604984142745	5.744233057417095	-0.004781721560532581	-0.01918002023990903	False	False	False
312	5.749012860117547	0.05452564058254608	4.228171225948934	6.209778794730412	0.83689702195357	1.8186249180763707	-0.11161883746692201	0.6828242802119177	103.72529845497816	1.0275668291841904	5.792248070181357	0.17073883996876346	5.7490129323634935	0.05452565264290613	5.749012932363494	7.224594611443536e-08	1.2060360050913932e-08	False	False	False
313	5.748992090200953	0.06044980766275542	3.61832361482766	6.7618621054659656	0.8294234437570501	0.3244409066414412	-0.04858484693330789	0.6767265877613772	236.88183397761495	2.283742129509834	5.633390573394966	0.06106430299138792	5.748992090391266	0.060449807300895206	5.7489920903912655	1.9031354270282463e-10	-3.618602154031869e-10	False	False	False
315	5.74900064674481	0.0538876837819356	4.0015865877307535	7.232872564847428	0.824515843076529	0.930227926935661	0.08495376558118001	0.67272247636614	167.27252105134332	0.7061433046282071	5.755193442902859	0.05579829100400408	5.749000647466666	0.053887683693031194	5.7490006474666675	7.218554642918207e-10	-8.890440467146377e-11	False	False	False
316	5.748989227587299	0.04702784876794789	4.335834933556653	7.463881325467414	0.7932688697960364	0.5423623207426937	-0.06827422271575428	0.6472280708665861	67.58313096183788	0.4040300853784205	5.745242738192965	0.04730063831936719	5.748989227576751	0.04702784877560545	5.74898922757675	-1.0548006912358687e-11	7.657562084428804e-12	False	False	False
317	5.748991875691346	0.051761307921959814	3.7908314273482704	7.613378926661459	0.774115377305781	0.3849388880988469	-0.07366418973855442	0.6316007363437867	80.52386177116642	1.191478711109667	5.739845892769446	0.05179784426117214	5.748991875706831	0.051761307923610535	6.075587981872709	1.5484502569051983e-11	1.6507212263761062e-12	False	False	False
319	5.7489894204874386	0.05296688191783784	4.2363308301441	7.495040741037702	0.7456517905921013	0.2892662953577245	-0.3733042987524664	0.6083772959440954	319.5686097229096	3.968620017642263	5.734315855685724	0.05292514532547853	5.748989420529071	0.05296688194317562	5.791059627002229	4.163247524502367e-11	2.5337780484857575e-11	False	False	False
357	5.749001674336337	0.06951921669714135	3.7798844283159	6.667895593084156	0.6687008895408575	0.7566188083403769	-0.5812648888485651	0.5455930557763856	740.130306352325	2.3160294341614915	5.736371626150991	0.07382498009530848	5.749001674053969	0.06951921676371117	5.749001674053971	-2.823679068342244e-10	6.656981910158066e-11	False	False	False
363	5.748986791190408	0.05647114925861013	3.8461986344193093	6.774235038482462	0.7495136985374844	1.5298822498892453	-0.3573722385953799	0.6115282266367335	181.98778204941004	0.24588613719430402	5.790603263067575	0.0666510345748237	5.748986790764509	0.056471149376317836	5.74898679076451	-4.2589842763618435e-10	1.1770770469432534e-10	False	False	False
364	5.748995176115196	0.04775912008198498	3.3676772970535285	6.812485248188038	0.7571103554307984	1.7238777333267632	-0.37818211439977123	0.6177263389959884	134.75471700669576	0.7404602412820745	5.810982609347896	0.057105698305377935	5.748995178337594	0.047759121142562304	5.748995178337596	2.222398265416814e-09	1.0605773204108715e-09	False	False	False
365	5.748999085280484	0.044766898108811584	4.183050822206057	6.335193560415094	0.7435080269209983	1.2162278074386146	-0.3595864068834503	0.6066281991648425	93.92828833284828	0.6970315430826894	5.65939989921556	0.06410217300458348	5.7489990812222524	0.04476689828013287	5.748999081222251	-4.058231972692283e-09	1.7132128354857556e-10	False	False	False
367	5.749003099253877	0.04648076622807682	4.231732350817283	6.888621672254959	0.8746096306278215	1.8497402388303414	0.13606287215951976	0.7135939976292395	71.50462041692519	0.7612682152105058	5.757978385780425	0.05925897303778813	5.749003104306102	0.046480767994230364	5.749003104306102	5.052224416601803e-09	1.76615354285925e-09	False	False	False
369	5.749007173201	0.055066298721403395	4.055820767422938	6.610730153377074	0.8373843973676002	1.2671700940052684	0.0443315039990135	0.683221929812225	146.4297452706215	2.0478361316629194	5.670048494629126	0.07218545451556319	5.749007173645523	0.05506629877583207	5.749007173645523	4.445226409188763e-10	5.4428676843354395e-11	False	False	False
372	5.748983036742449	0.056431661916516156	3.977816796027976	6.578609141167728	0.8384046945944419	0.2435560011482557	-0.09893040985567493	0.6840543903196051	125.10438519230198	0.8543645620709955	5.572773667567857	0.05655682838790343	5.748983036484337	0.05643166163563324	5.748983036484337	-2.58111754192214e-10	-2.8088291414984923e-10	False	False	False
381	5.748979791753729	0.060907915419239816	4.116720990813923	6.627993411724951	0.7478759348221723	0.13833676360091163	-0.2776884453086069	0.6101919752214103	151.29905497886753	1.2093825068266064	5.619641943054455	0.05960091744263772	5.748979791165384	0.06090791544463534	5.748979791165385	-5.883444842424979e-10	2.539552595992589e-11	False	False	False
382	5.748986954129003	0.07433875628607178	3.3842771024095617	7.021505951889212	0.8203948023277414	0.7199729702023007	-0.17009942740374834	0.6693601192192042	65.53199884368952	0.43312893694440197	5.72330616750698	0.0775508568592506	5.748986951111313	0.07433875534610095	5.7489869511113145	-3.0176900978062804e-09	-9.399708372770377e-10	False	False	False
383	5.7489757424433074	0.05871755925327524	2.3742388402143884	7.072300561523626	0.7026725208182072	0.6718818921976573	-0.3108659149392318	0.5733105097355752	65.5378794987267	1.000089737153466	5.758914925250633	0.05997553003503352	5.748975750794236	0.05871756197957498	5.748975750794236	8.350928837330684e-09	2.7262997415178347e-09	False	False	False
388	5.748983851452465	0.05285229854056086	2.000668448328472	6.942317605323996	0.7680959516836598	0.5075548283605014	-0.2708757634161265	0.6266894869786981	120.92089552208988	1.8450535239615007	5.716907761087229	0.054219458423848545	5.748983850953276	0.05285229853085762	5.748983850953276	-4.991891344729993e-10	-9.703238212921406e-12	False	False	False
392	5.748984204022687	0.061866040221875425	3.191407296919798	6.817677227361233	0.7234441327808543	1.4113809054581328	-0.35418339323037834	0.590258067935899	163.25081775028988	1.3500629237439543	5.800489166079587	0.07001860643634596	5.748984199203371	0.061866039486347175	5.748984199203372	-4.8193156132469994e-09	-7.355282494181381e-10	False	False	False
394	5.748993216978168	0.0606147906710544	2.8257921583421286	7.547227001394821	0.8046469091803085	1.114010617650548	-0.06761095772535505	0.6565114132002137	183.1984824311027	1.1221902894926075	5.788439304807194	0.06203370544955033	5.7490427777023765	0.06075249605996009	5.749042777702375	4.956072420814195e-05	0.0001377053889056873	False	False	False
399	5.748978395568886	0.05592846619258232	1.8582320261032725	7.67869269875909	0.8618078379602582	0.6558539716268317	0.045109166691507246	0.7031490149917746	52.98087195735786	0.28919929496295316	5.755844462570408	0.05637771660077092	5.748978407118918	0.05592847046103391	5.748978407118919	1.1550032041895975e-08	4.268451592182032e-09	False	False	False
401	5.748975802438349	0.05588664623336497	1.9547417891692895	7.311779912363639	0.8720493690466139	0.25614217314255444	0.11282307898851562	0.7115050802051323	49.800607170792915	0.9399733400174196	5.708165779777112	0.055746310546063015	5.748975802275921	0.05588664616860844	5.748975802275921	-1.624282930379195e-10	-6.475653346882382e-11	False	False	False
408	5.748999196779581	0.06898860166036802	2.3396334437557327	7.840447521135886	0.8796987390805661	0.29026348887331155	0.12285075463482015	0.7177462012158338	217.56518091484114	4.3687254689223725	5.735276325377704	0.06890994603883656	5.748999142858578	0.0689886017680079	5.750117352497306	-5.392100277390455e-08	1.0763988311790484e-10	False	False	False
409	5.749009342252901	0.06523923765048495	2.272613819176937	7.888105784881292	0.913037024936454	0.4808450190209088	0.2125601988535163	0.7449469086456528	201.7082369381363	0.9271163523959677	5.743383028932328	0.06536575803018264	5.749028877443252	0.06523925614040946	5.946743555544013	1.95351903515828e-05	1.8489924508147126e-08	False	False	False
414	5.7490075863074575	0.06338425211826627	2.362118203669369	7.766966706661285	0.9776341231407192	0.4883707682337147	0.41768873332765954	0.7976516810705128	452.84068387222237	2.2450282187093236	5.735855047989508	0.06354456875744069	5.749007399935612	0.06338426301774587	5.749007399935615	-1.8637184506786753e-07	1.0899479596648831e-08	False	False	False
417	5.748997992551902	0.07244274714086552	3.1644002353391874	7.162679532232378	0.8554818682627785	0.44544162492366246	0.060381745004979254	0.6979876563156009	132.11027052548425	0.2917367525280959	5.705550503699465	0.07319313816780125	5.748997832568007	0.07244269459030661	5.748997832568007	-1.5998389546467706e-07	-5.2550558904407296e-08	False	False	False
418	5.748983741764037	0.07243602599271866	3.2580773126032394	7.305183815387679	0.9683316812397855	0.26137268584354056	0.2162793651187841	0.790061818723541	86.15505855225356	0.6521450467822192	5.687409672853637	0.07197809896776584	5.748983881328089	0.07243604794337834	5.748983881328089	1.395640518708774e-07	2.1950659678804385e-08	False	False	False
420	5.748988446994184	0.07163339894466765	2.62110043040101	6.5673329849532145	0.8671967093339139	0.6895867991147293	0.17521566591931254	0.7075457951455403	98.4411843013285	1.1426048099267825	5.61846388394337	0.08461059586879241	5.748988400090872	0.07163338969758953	5.748988400090871	-4.690331145695836e-08	-9.247078117113894e-09	False	False	False
421	5.748986031734062	0.0727279306335836	2.48116206007964	7.001775064906392	1.0029011517689832	0.21459701941544002	0.2290192789658858	0.8182670497283133	109.22659402644365	1.1095619663829013	5.633527174220977	0.07202418427556342	5.748986083044888	0.07272792636989793	5.748986083044888	5.131082581044666e-08	-4.263685668415285e-09	False	False	False
424	5.748990290875574	0.06847042287825153	2.687594335061771	7.469768941454214	0.7727743942848129	1.3776097204143105	-0.0715256108238792	0.6305066282969788	118.21073616565502	1.0822523325870284	5.811480709350367	0.07057007253835186	5.748990290025851	0.0684704228145975	5.7489902900258505	-8.497229586623689e-10	-6.36540264942198e-11	False	False	False
425	5.74898023303296	0.06761297357546796	2.6077650460366546	7.337453178548089	0.7366428235294828	1.3188991761895916	-0.4019269458330055	0.6010268797177051	103.50057274647284	0.8755598357955572	5.817327908417259	0.06995434689550513	5.748980240821404	0.06761297579460973	5.748980240821403	7.788444555956175e-09	2.2191417731187713e-09	False	False	False
426	5.748980062435196	0.05673174156115354	2.714952857615285	7.285835931764958	0.7353809931381304	0.615048170559774	-0.3709015030041821	0.5999973523014006	131.0721052951038	1.2663901446822723	5.757626409151566	0.05742210211029264	5.748980040638258	0.05673174155879092	5.7489800406382585	-2.1796938476370542e-08	-2.362623985341372e-12	False	False	False
431	5.749010458276927	0.04520871540139951	2.6999196428338994	7.006757126039652	0.7234441327808543	1.4113809054581328	-0.35418339323037834	0.590258067935899	70.41537355097279	0.5372262343115286	5.819684420507764	0.04885476288931801	5.749010395485454	0.0452087190752733	5.749010395485455	-6.279147246601724e-08	3.673873795462246e-09	False	False	False
432	5.749023258176839	0.05342849988435333	3.0909652883583227	6.847651713712718	0.8262247631016648	0.6521397793399337	0.015463981882029298	0.6741167842146483	36.486929918758364	0.5181671001481791	5.682882213206541	0.05649501971497137	5.749023195663008	0.053428473323986606	5.749023195663008	-6.251383144473266e-08	-2.65603667254366e-08	False	False	False
433	5.749007198375258	0.052120144057200765	2.545509971791201	6.963987625739133	0.8975606347407908	1.9745979219923915	0.28264278067401283	0.7323197218850113	155.70381322614304	4.267385981030261	5.780863608125934	0.06599766892966347	5.749007274881041	0.05212015707749367	5.749007274881042	7.650578304208011e-08	1.3020292906340547e-08	False	False	False
434	5.749015826756572	0.0646204546540268	2.6576732721312846	6.821519265024693	0.7723475973935624	1.2992697983692283	-0.22734418910250703	0.6301584047134076	114.24163399712154	0.7337112150952775	5.770080630242307	0.07412220816441926	5.74901585694148	0.06462046235126612	5.749015856941482	3.018490879469482e-08	7.697239318149585e-09	False	False	False
436	5.7490141988391805	0.07246463869742949	2.5586709240265733	7.321189517590101	0.8802883312285555	2.229785833555869	0.26562137788854534	0.7182272494493784	74.05074889023022	0.6481940628763768	5.848124362658544	0.08094633282299489	5.749014173544874	0.07246463537442036	5.749014173544875	-2.529430620512585e-08	-3.3230091317504318e-09	False	False	False
441	5.748985389685077	0.06095038305955355	2.893663522048702	7.338683947671328	1.02518880920217	2.3515318673620613	0.3949735408508913	0.8364515494280504	199.93335843155714	2.699950526198325	5.806387058442642	0.07259936082683723	5.748985403363956	0.06095036984723041	5.748985403363956	1.3678878474365774e-08	-1.3212323145272986e-08	False	False	False
