Step	Time_elapsed
1	0.0
2	1582647073.5337374
3	1522.2407622337341
4	472.31372332572937
5	1835.6563923358917
6	420.63746404647827
7	945.7679994106293
8	467.85084891319275
9	613.8052668571472
10	733.0490052700043
11	518.761233329773
12	683.1190309524536
13	690.298184633255
14	436.8240315914154
15	500.1018261909485
16	774.798662185669
17	448.7596368789673
18	469.45898604393005
19	587.1144473552704
20	601.0879249572754
21	288.5563747882843
22	729.792557477951
23	664.3524556159973
24	1352.8339531421661
25	1407.6934659481049
26	1298.1601660251617
27	761.5780911445618
28	721.5383806228638
29	1431.0882024765015
30	716.7712557315826
31	601.6444799900055
32	432.83538579940796
33	703.8116090297699
34	728.1877567768097
35	608.4214537143707
36	1887.7373774051666
37	549.4234962463379
38	808.8099391460419
39	709.8592128753662
40	708.2961990833282
41	704.0044903755188
42	742.3629596233368
43	1074.6786477565765
44	424.57969999313354
45	900.5525765419006
46	1162.7225241661072
47	714.7425482273102
48	838.0530605316162
49	977.8864357471466
50	608.6120405197144
51	836.6511554718018
52	529.4200217723846
53	660.8661160469055
54	520.8288683891296
55	489.3359217643738
56	977.419750213623
57	510.43810844421387
58	491.7349843978882
59	1496.3592877388
60	501.7374141216278
61	611.1936073303223
62	587.5785777568817
63	711.9121444225311
64	753.6175673007965
65	1031.0783166885376
66	660.9891469478607
67	1118.4387521743774
68	739.0371527671814
69	2093.8502218723297
70	532.5619266033173
71	434.1342613697052
72	644.0919449329376
73	768.971088886261
74	476.7473056316376
75	722.0653548240662
76	464.6612162590027
77	516.8793997764587
78	742.7348091602325
79	574.1633040904999
80	951.8494822978973
81	595.0296490192413
82	476.5513188838959
83	766.4807288646698
84	969.5168144702911
85	470.2480173110962
86	465.06484293937683
87	689.6398470401764
88	562.1873879432678
89	656.2703022956848
90	810.0924022197723
91	674.6991105079651
92	389.62832045555115
93	332.356871843338
94	508.5598974227905
95	878.9121046066284
96	579.1689209938049
97	1593.223527431488
98	504.6942102909088
99	663.9335267543793
100	1676.7035195827484
101	681.9997396469116
102	1095.871141910553
103	1569.4451484680176
104	779.46209192276
105	1290.3300020694733
106	745.0308258533478
107	1208.108082294464
108	683.5429973602295
109	829.1214056015015
110	367.6328229904175
111	301.1392021179199
112	332.4886054992676
113	327.4385097026825
114	342.5016522407532
115	583.5303285121918
116	534.9497845172882
117	894.0007450580597
118	401.6298291683197
119	373.646196603775
120	266.6775715351105
121	470.89150166511536
122	389.3858046531677
123	323.3970251083374
124	350.55003237724304
125	382.91832637786865
126	184.3964192867279
127	453.2975924015045
128	115.27139282226562
129	176.17076468467712
130	364.9030282497406
131	463.6738934516907
132	211.2163918018341
133	258.81327986717224
134	280.9760992527008
135	239.4458088874817
136	424.0420718193054
137	262.9507188796997
138	425.4964110851288
139	504.4441373348236
140	425.7231547832489
141	513.2378981113434
142	236.96062707901
143	284.8834810256958
144	116.241854429245
145	503.45589423179626
146	546.3893628120422
147	450.823575258255
148	238.39044570922852
149	338.79024267196655
150	310.1021513938904
151	341.5070312023163
152	466.47297406196594
153	660.186553478241
154	256.4232106208801
155	813.811359167099
156	821.7425010204315
157	361.3954405784607
158	67.96443581581116
159	651.2032067775726
160	991.2331740856171
161	379.9106912612915
162	164.47396445274353
163	834.2032432556152
164	361.6244351863861
165	846.9231331348419
166	301.2535517215729
167	276.6632812023163
168	465.6426045894623
169	248.98254442214966
170	248.98254442214966
171	578.149656534195
172	791.4623186588287
173	278.9503903388977
174	196.98554611206055
175	310.1555550098419
176	445.2858955860138
177	722.7371616363525
178	426.97327995300293
179	164.56139636039734
180	280.69596552848816
181	325.82044434547424
182	403.3956458568573
183	392.9125392436981
184	423.39495182037354
185	299.31617617607117
186	352.48601722717285
187	497.4221897125244
188	279.71426939964294
189	243.50977444648743
190	393.5205957889557
191	300.6204161643982
192	319.9036502838135
193	252.86448097229004
194	537.2866179943085
195	354.104120016098
196	428.17017436027527
197	378.9770667552948
198	672.6869728565216
199	1025.2623445987701
200	357.3498351573944
201	104.63973307609558
202	341.6291661262512
203	256.1775677204132
204	351.50594449043274
205	404.93839144706726
206	97.28670358657837
207	164.89538741111755
208	648.7920281887054
209	122.78783369064331
210	675.628612279892
211	322.39173769950867
212	580.5076339244843
213	489.48484325408936
214	195.53927087783813
215	413.7847900390625
216	439.20918583869934
217	229.67460179328918
218	504.6344771385193
219	766.6498186588287
220	317.83008551597595
221	276.466091632843
222	743.5582752227783
223	702.9753186702728
224	512.434365272522
225	478.02813386917114
226	751.4831280708313
227	1009.1073234081268
228	526.4795677661896
229	713.5643677711487
230	502.8336579799652
231	577.9665763378143
232	560.1526050567627
233	1306.8813242912292
234	617.708215713501
235	526.7852773666382
236	774.7449762821198
237	942.7702662944794
238	607.487363576889
239	457.3704857826233
240	591.2696726322174
241	320.418377161026
242	224.7396981716156
243	310.06486105918884
244	336.2318196296692
245	532.1599102020264
246	264.7983148097992
247	217.527348279953
248	228.12487411499023
249	344.97818660736084
250	282.2811903953552
251	47.46200442314148
252	157.9856379032135
253	133.01314425468445
254	190.18928289413452
255	233.76314997673035
256	323.52053141593933
257	321.55115151405334
258	293.6513020992279
259	275.0070598125458
260	352.1726129055023
261	140.55596160888672
262	183.3033230304718
263	365.34462809562683
264	284.1705117225647
265	102.40974617004395
266	156.94918966293335
267	277.3814513683319
268	365.1014497280121
269	271.9542350769043
270	276.95063877105713
271	172.91455507278442
272	80.07504343986511
273	214.52919816970825
274	123.07240462303162
275	304.24564003944397
276	154.71399450302124
277	144.90872764587402
278	35.67052459716797
279	170.02402806282043
280	413.8944938182831
281	225.2877552509308
282	361.100218296051
283	279.7568953037262
284	225.81878352165222
285	214.23898696899414
286	205.50422739982605
287	146.0332477092743
288	418.73949575424194
289	333.7482032775879
290	198.87222933769226
291	149.53707265853882
292	173.33680200576782
293	178.49621176719666
294	187.39013743400574
295	310.3836979866028
296	191.9066059589386
297	134.5189414024353
298	281.1630754470825
299	272.36484384536743
300	130.95388340950012
301	402.9957437515259
302	335.59261178970337
303	204.2012596130371
304	238.64820528030396
305	180.04749417304993
306	201.33616042137146
307	283.1072955131531
308	116.43227767944336
309	368.65355801582336
310	150.051420211792
311	192.61182856559753
312	181.12828540802002
313	253.47610068321228
314	179.63994765281677
315	143.35444021224976
316	159.47193670272827
317	261.47051668167114
318	241.26479291915894
319	291.6658434867859
320	200.5349645614624
321	207.15086889266968
322	262.07761693000793
323	111.41276478767395
324	221.98745846748352
325	202.76876139640808
326	207.43590307235718
327	218.60205054283142
328	169.0194330215454
329	262.123263835907
330	160.2039930820465
331	146.65274906158447
332	218.23361158370972
333	105.82869338989258
334	246.20139026641846
335	209.97384667396545
336	244.65114879608154
337	331.09633207321167
338	239.16151928901672
339	407.3625383377075
340	210.21377182006836
341	160.99567580223083
342	207.78519129753113
343	274.17694187164307
344	286.3673996925354
345	126.27238845825195
346	269.6184639930725
347	210.3519368171692
348	136.7173933982849
349	51.708980321884155
350	170.3094823360443
351	320.80929613113403
352	203.61105942726135
353	155.04039549827576
354	85.55598044395447
355	145.50568866729736
356	219.0333697795868
357	276.9551832675934
358	253.87810587882996
359	270.4073328971863
360	285.36144495010376
361	340.8025252819061
362	228.88096690177917
363	169.6636152267456
364	277.0156080722809
365	171.9649465084076
366	203.17515206336975
367	172.68804001808167
368	162.17482089996338
369	211.61398673057556
370	171.30296277999878
371	243.51685047149658
372	303.07442355155945
373	145.88493037223816
374	88.98770332336426
375	230.26107716560364
376	267.68671584129333
377	185.41597366333008
378	172.6143400669098
379	196.984055519104
380	115.27471661567688
381	320.8516969680786
382	188.65831398963928
383	230.4217984676361
384	196.3608000278473
385	155.34849500656128
386	318.8051555156708
387	155.6063048839569
388	204.85216808319092
389	242.00998854637146
390	122.75716757774353
391	57.04789638519287
392	133.01090216636658
393	228.70068192481995
394	229.6246840953827
395	163.23368120193481
396	245.79167413711548
397	256.4594326019287
398	212.5754313468933
399	69.75861835479736
400	328.9692928791046
401	195.77591729164124
402	198.46136331558228
403	138.4624674320221
404	127.34234857559204
405	462.0794162750244
406	233.6943588256836
407	351.5586862564087
408	177.78037428855896
409	170.27959728240967
410	175.45274591445923
411	197.27176690101624
412	166.4245343208313
413	48.65934133529663
414	271.10042452812195
415	297.0536847114563
416	198.02388095855713
417	242.59092450141907
418	319.62791538238525
419	169.9266378879547
420	263.0525085926056
421	227.4660243988037
422	135.42942929267883
423	252.9922695159912
424	355.0543143749237
425	163.72098755836487
426	136.43522381782532
427	227.29998564720154
428	148.82353353500366
429	269.64548420906067
430	373.46340799331665
431	77.88770866394043
432	163.63873291015625
433	484.2636420726776
434	313.1694848537445
435	368.016907453537
436	215.0822081565857
437	208.14696645736694
438	266.9014587402344
439	128.25298690795898
440	162.53415369987488
441	230.20203852653503
442	241.44681310653687
443	262.1649615764618
444	178.53342294692993
445	187.9391269683838
446	280.40856862068176
447	268.2820851802826
448	151.9941065311432
449	227.60272192955017
450	371.470330953598
451	109.7571861743927
452	338.74451518058777
453	206.24739241600037
454	283.8329563140869
455	263.77668356895447
456	152.96740770339966
457	118.92156600952148
458	257.86730217933655
459	49.60194730758667
460	149.68045830726624
461	213.70108485221863
462	133.16891169548035
463	444.52754282951355
464	295.42539644241333
465	268.00871109962463
466	340.66940689086914
467	219.63033938407898
468	162.8438105583191
469	202.1375331878662
470	178.79225206375122
471	204.05782175064087
472	151.6902961730957
473	324.47112250328064
474	121.55983209609985
475	341.3279767036438
476	157.58147931098938
477	223.8033208847046
478	115.54208779335022
479	371.52920937538147
480	297.02587890625
481	195.55964708328247
482	193.31058955192566
483	275.588481426239
484	212.93120121955872
485	231.99423742294312
486	310.56293082237244
487	287.8204619884491
488	187.54852104187012
489	288.9379105567932
490	162.0253462791443
491	237.31961679458618
492	256.58958411216736
494	214.89395928382874
505	223.53287959098816
496	306.0914821624756
497	264.5589385032654
498	324.96032333374023
499	233.05142951011658
500	219.9811909198761
501	219.51472282409668
502	204.54713821411133
503	346.9370148181915
504	339.51264095306396
505	1582861127.628376
506	267.59401512145996
507	218.96130847930908
508	237.95847249031067
509	113.11043977737427
510	164.16698384284973
511	160.64606022834778
512	320.7025158405304
513	159.2570023536682
514	158.39463448524475
515	281.39743733406067
516	416.29651618003845
517	385.32701778411865
518	216.62142896652222
519	224.42796206474304
520	240.92460680007935
521	408.0289340019226
522	173.5135419368744
523	350.7868366241455
524	76.547523021698
525	152.63972926139832
526	106.82961392402649
527	334.5163805484772
528	247.43672442436218
529	91.19029998779297
530	204.4060504436493
531	216.2773129940033
532	338.7428922653198
533	255.15558195114136
534	244.74719142913818
535	357.323050737381
536	218.24557995796204
537	113.20202493667603
538	335.0233566761017
539	249.77642679214478
540	261.0824820995331
541	150.0409595966339
542	117.44431233406067
543	280.5471794605255
544	198.9129991531372
545	353.22575998306274
546	176.62573885917664
547	316.9322683811188
548	383.7869162559509
549	290.6655287742615
550	117.93912744522095
551	286.8543915748596
552	286.0229949951172
553	284.67397713661194
554	126.95804286003113
555	212.61806797981262
556	316.04881477355957
557	104.43158602714539
558	155.44142079353333
559	278.5699965953827
560	324.3754851818085
561	254.97576689720154
562	300.5560119152069
563	310.9645342826843
564	155.6692955493927
565	347.64449524879456
566	162.58533310890198
567	128.6077163219452
568	343.40791630744934
569	256.22658109664917
570	197.71777439117432
571	397.4925653934479
572	191.2677285671234
573	348.1079843044281
574	284.57270908355713
575	370.6386544704437
576	264.4553642272949
577	141.57741141319275
578	377.98949694633484
579	336.0142900943756
580	195.18026638031006
581	263.55940198898315
582	343.1874496936798
583	228.8995451927185
584	187.33310747146606
585	147.9634873867035
586	369.43613028526306
587	421.1936511993408
588	141.53180837631226
589	102.99431276321411
590	243.6403546333313
591	133.72585535049438
592	244.22583413124084
593	209.25968265533447
594	376.3900830745697
595	267.61719727516174
596	252.9279270172119
597	403.37451243400574
598	238.64141035079956
599	78.81225085258484
600	234.50640273094177
601	276.146910905838
602	151.67376565933228
603	262.5136089324951
604	261.44168639183044
605	152.6448769569397
606	219.22931933403015
607	143.88863229751587
608	269.5940718650818
609	197.03624987602234
610	213.05275416374207
611	156.86674690246582
612	194.58808541297913
613	136.33653259277344
614	164.63982319831848
615	89.27012896537781
616	265.3440022468567
617	194.3644027709961
618	96.58759093284607
619	372.0737965106964
620	279.4649176597595
621	324.7308931350708
622	136.5837061405182
623	197.5713906288147
624	317.5420615673065
625	262.3171932697296
626	257.8228209018707
627	233.29168725013733
628	185.54324221611023
629	207.66140508651733
630	311.05026173591614
631	222.06942200660706
632	321.5847043991089
633	342.2548568248749
634	194.54451179504395
635	259.142290353775
636	225.9827275276184
637	281.50203704833984
638	294.4201364517212
639	281.4290041923523
640	263.9700400829315
641	125.63555693626404
642	169.16711854934692
643	437.38558888435364
644	270.53642416000366
645	282.97509598731995
646	176.76736044883728
647	324.2980568408966
648	253.50615978240967
649	207.32593989372253
650	235.7757272720337
651	124.05612421035767
652	217.2550482749939
653	158.5267481803894
654	145.0817883014679
655	370.4604775905609
656	370.9666485786438
657	330.330970287323
658	253.82566094398499
659	297.0848219394684
660	244.46499943733215
661	130.0976345539093
662	167.37564778327942
663	166.90922164916992
664	137.55602264404297
665	237.78080654144287
666	287.1496887207031
667	247.20932483673096
668	275.47802805900574
669	205.12554359436035
670	224.08756971359253
671	215.38210892677307
672	97.69680309295654
673	208.654394865036
674	224.22636079788208
675	219.08221077919006
676	340.5903584957123
677	296.850040435791
678	201.29281425476074
679	183.74885606765747
680	383.0160267353058
681	83.10126519203186
682	305.33177614212036
683	208.77829432487488
684	82.12131023406982
685	310.59100556373596
686	132.51075530052185
687	59.895936250686646
688	335.81591796875
689	177.98995447158813
690	196.09787130355835
691	135.04769492149353
692	232.98609852790833
693	182.7335033416748
694	310.3713307380676
695	265.50726079940796
696	203.85213923454285
697	374.47062826156616
698	305.90582823753357
699	103.38815426826477
700	116.12619519233704
701	193.7740354537964
702	219.19938015937805
703	428.7972047328949
704	207.105366230011
705	244.73516654968262
706	176.00744938850403
707	217.1529824733734
708	214.7936143875122
709	305.70046758651733
710	101.3322901725769
711	159.89446806907654
712	171.42716073989868
713	348.3507273197174
714	154.78270030021667
715	281.46794867515564
716	100.72772121429443
717	248.75482392311096
718	149.84513115882874
719	239.42875170707703
720	176.80624341964722
721	194.51194143295288
722	327.74595737457275
723	139.13959789276123
724	331.01808643341064
725	200.8341302871704
726	243.06873989105225
727	256.6037368774414
728	302.19280886650085
729	118.79362535476685
730	361.089369058609
731	211.65166401863098
732	538.5506596565247
733	100.61033844947815
734	303.61069226264954
735	246.3235785961151
736	250.89413142204285
737	222.90857768058777
738	107.07840824127197
739	144.29672598838806
740	222.1185872554779
741	256.72001004219055
742	321.0159342288971
743	215.87866187095642
744	232.30731010437012
745	346.21077609062195
746	206.6471652984619
747	460.65093517303467
748	307.8870484828949
749	177.91618728637695
750	283.658406496048
751	231.9097285270691
752	316.4186317920685
753	146.9775276184082
754	231.79440665245056
755	317.5220396518707
756	219.44681096076965
757	314.54686737060547
758	212.53084802627563
759	275.3051850795746
760	246.25009536743164
761	191.81493973731995
762	379.5091381072998
763	346.78308749198914
764	381.94248390197754
765	152.01421546936035
766	266.565548658371
767	330.3720049858093
768	151.82098484039307
769	200.76451683044434
770	174.63122725486755
771	191.8591103553772
772	228.69197130203247
773	275.1790177822113
774	188.73654913902283
775	189.56487798690796
776	304.99913358688354
777	167.64821863174438
778	158.00927233695984
779	243.59473609924316
780	219.92158365249634
781	139.33177185058594
782	368.6651508808136
783	276.26485562324524
784	266.7756040096283
785	72.02423453330994
786	343.21471643447876
787	280.5223832130432
788	252.07906436920166
789	283.8964002132416
790	125.647216796875
791	207.46203708648682
792	197.12174820899963
793	252.96546959877014
794	402.52292561531067
795	211.2901382446289
796	280.23604583740234
797	155.7408607006073
798	179.48570036888123
799	323.19109177589417
800	384.3076345920563
801	290.80572533607483
802	310.78843998908997
803	187.00783967971802
804	236.9404261112213
805	68.22691059112549
806	201.24418449401855
807	296.8038899898529
808	190.25977063179016
809	260.1104097366333
810	151.62475156784058
811	67.33298301696777
812	189.96766757965088
813	84.91788053512573
814	183.78094840049744
815	164.66092109680176
816	198.86552929878235
817	169.3112609386444
818	181.93511033058167
819	238.47744989395142
820	213.446928024292
821	232.0316767692566
822	158.81313633918762
823	51.57773804664612
824	187.30340766906738
825	317.58668637275696
826	194.47916889190674
827	171.74525952339172
828	290.3803939819336
829	191.33811807632446
830	159.7003529071808
831	191.10133385658264
832	105.57919096946716
833	245.00519514083862
834	285.45439100265503
835	327.3877954483032
836	137.91363644599915
837	191.17413425445557
838	284.49181294441223
839	189.2944896221161
840	79.11019015312195
841	232.09536719322205
842	338.79694390296936
843	99.2271318435669
844	181.3221890926361
845	147.5657889842987
846	224.50859355926514
847	141.17058897018433
848	353.3434839248657
849	306.2906994819641
850	201.6884686946869
851	361.19937014579773
852	193.50255274772644
853	246.27042531967163
854	187.22340941429138
855	231.89271140098572
856	120.16920304298401
857	353.84936594963074
858	249.99623131752014
859	310.7862956523895
860	103.71908187866211
861	184.86516499519348
862	381.22883224487305
863	215.56209301948547
864	297.19118762016296
865	349.87123131752014
866	203.39361548423767
867	287.6416382789612
868	323.46210289001465
869	196.10466146469116
870	310.0967240333557
871	266.06633853912354
872	330.35274386405945
873	227.302490234375
874	200.5648717880249
875	220.5780017375946
876	163.954838514328
877	308.0391936302185
878	159.50998640060425
879	289.6616313457489
880	212.3573603630066
881	246.19955801963806
882	248.5252068042755
883	261.39826917648315
884	127.99564862251282
885	289.4739453792572
886	188.48570775985718
887	316.4319820404053
888	153.85990023612976
889	275.64752650260925
890	193.6002266407013
891	234.6614191532135
892	167.27001643180847
893	289.8528399467468
894	410.5042893886566
895	156.75200247764587
896	269.03625202178955
897	436.29443621635437
898	184.74401187896729
899	302.35102891921997
900	233.22208285331726
901	726.8909711837769
902	192.11244416236877
903	210.66696190834045
904	302.4471733570099
905	278.06987047195435
906	461.90886783599854
907	455.6714687347412
908	160.85890746116638
909	176.0471227169037
910	248.41191291809082
911	316.7688498497009
912	320.47996616363525
913	334.9669363498688
914	237.4601333141327
915	353.2404065132141
916	223.43783044815063
917	395.69308161735535
918	176.63956832885742
919	271.7676351070404
920	397.3346128463745
921	305.9047713279724
922	219.09330248832703
923	220.50554871559143
924	294.5573573112488
925	215.23793268203735
926	275.03150749206543
927	311.89842200279236
928	264.7045691013336
929	385.9226007461548
930	259.139662027359
931	393.4836494922638
932	211.58499312400818
933	278.70159792900085
934	264.84172534942627
935	277.5860502719879
936	307.0997705459595
937	154.19775652885437
938	272.8638756275177
939	362.61201190948486
940	260.7420711517334
941	274.58036494255066
942	323.2293713092804
943	88.09051370620728
944	174.6580150127411
945	257.2616422176361
946	238.40247201919556
947	344.39208936691284
948	318.26356506347656
949	242.15046191215515
950	276.1866464614868
951	265.70004773139954
952	205.4413812160492
953	280.4235918521881
954	279.1125400066376
955	317.56728315353394
956	347.6302797794342
957	186.48160552978516
958	194.26862168312073
959	324.099449634552
960	383.39577436447144
961	320.23556876182556
962	395.35864067077637
963	520.4084267616272
964	206.34772181510925
965	201.9906837940216
966	275.70988416671753
967	217.79752945899963
968	138.2167603969574
969	149.563383102417
970	229.8336889743805
971	171.93813681602478
972	259.8932936191559
973	180.4623556137085
974	190.5500087738037
975	186.83521389961243
976	200.47658276557922
977	268.125137090683
978	125.37097501754761
979	111.32921481132507
980	82.13055539131165
981	243.980459690094
982	200.93634796142578
983	497.9313714504242
984	321.18478775024414
985	134.74387550354004
986	257.84568905830383
987	264.06679487228394
988	294.47773337364197
989	136.19316148757935
990	171.2847924232483
991	133.03769850730896
992	166.3179154396057
993	157.39571118354797
994	75.92675256729126
995	236.57376956939697
996	243.4807732105255
997	181.82422471046448
998	122.69403076171875
999	178.96858525276184
1000	215.6668291091919
1001	215.6668291091919
1002	86.26486730575562
1003	174.4903748035431
1004	222.55357027053833
1005	222.55357027053833
1006	153.9389991760254
1007	152.85579109191895
1008	141.19037985801697
1009	244.2403862476349
1010	246.8520131111145
1011	247.18693256378174
1012	210.5919065475464
1013	300.73324632644653
1014	375.4336497783661
1015	110.71812009811401
1016	268.544429063797
1017	294.8031322956085
1018	275.70579075813293
1019	139.0054314136505
1020	197.07307744026184
1021	206.90032148361206
1022	229.66207790374756
1023	236.05990171432495
1024	280.39259696006775
1025	162.694926738739
1026	120.76582932472229
1027	140.62611317634583
1028	214.76560997962952
1029	224.8900866508484
1030	247.97941422462463
1031	326.88352227211
1032	141.53741025924683
1033	316.5887656211853
1034	217.6166868209839
1035	196.84237337112427
1036	276.2936861515045
1037	290.96043515205383
1038	347.7035777568817
1039	232.90898370742798
1040	248.90466976165771
1041	150.52536392211914
1042	335.5149209499359
1043	465.8253846168518
1044	378.63223671913147
1045	456.65488934516907
1046	129.49661827087402
1047	308.02328872680664
1048	253.46745204925537
1049	274.69011187553406
1050	135.16320300102234
1051	151.48455166816711
1052	249.79273915290833
1053	386.7339336872101
1054	288.27711820602417
1055	237.26034927368164
1056	306.54015731811523
1057	182.63127064704895
1058	166.60083651542664
1059	220.63722586631775
1060	69.50052881240845
1061	307.0156178474426
1062	318.41466522216797
1063	195.10681676864624
1064	189.5545380115509
1065	268.9401216506958
1066	328.2867558002472
1067	285.2459661960602
1068	230.41895508766174
1069	169.08895635604858
1070	277.1082372665405
1071	405.80337929725647
1072	263.7077145576477
1073	324.4490735530853
1074	136.04124689102173
1075	345.0704083442688
1076	231.9416048526764
1077	89.99216723442078
1078	396.41705203056335
1079	225.75104069709778
1080	186.3041741847992
1081	222.09928131103516
1082	73.87878561019897
1083	188.1320939064026
1084	307.57702803611755
1085	354.12260031700134
1086	430.3239574432373
1087	349.0130376815796
1088	133.02194738388062
1089	351.0073301792145
1090	247.89620423316956
1091	194.23354196548462
1092	233.8220179080963
1093	289.19686555862427
1094	260.71524596214294
1095	452.7660789489746
1096	268.84216928482056
1097	280.1333932876587
1098	300.2188379764557
1099	136.30087065696716
1100	197.95875334739685
1101	191.17069625854492
1102	247.1151843070984
1103	283.9964635372162
1104	166.80849146842957
1105	213.5124716758728
1106	231.30905485153198
1107	188.33623600006104
1108	378.0445387363434
1109	269.97618293762207
1110	176.7434675693512
1111	173.51761412620544
1112	456.9387631416321
1113	200.1705949306488
1114	229.77129745483398
1115	341.3232572078705
1116	345.9306917190552
1117	272.9903872013092
1118	197.01183319091797
1119	155.83673882484436
1120	445.1052899360657
1121	140.54449725151062
1122	215.26677703857422
1123	218.89603853225708
1124	376.83449244499207
1125	229.0902383327484
1126	156.86785173416138
1127	111.19902396202087
1128	204.2489025592804
1129	295.3311822414398
1130	239.96034932136536
1131	282.7973165512085
1132	151.35850286483765
1133	253.01141452789307
1134	216.64926886558533
1135	121.9765772819519
1136	159.14007949829102
1137	67.30596804618835
1138	297.1577498912811
1139	184.02120733261108
1140	136.17663288116455
1141	218.70935702323914
1142	102.66744089126587
1143	146.40500783920288
1144	212.96812748908997
1145	173.62844562530518
1146	347.40706968307495
1147	237.57552790641785
1148	110.97921919822693
1149	301.56704354286194
1150	173.2590045928955
1151	194.85474944114685
1152	248.11322212219238
1153	122.18694281578064
1154	80.88383769989014
1155	180.98316311836243
1156	199.25488758087158
1157	106.36591696739197
1158	205.0850305557251
1159	306.98151779174805
1160	275.42880868911743
1161	243.2011330127716
1162	167.82180953025818
1163	586.0296039581299
1164	221.5955789089203
1165	356.3301753997803
1166	181.1597957611084
1167	321.67077684402466
1168	238.9841914176941
1169	404.30613589286804
1170	279.09629225730896
1171	189.56811618804932
1172	216.50802183151245
1173	203.54484963417053
1174	327.59814739227295
1175	248.63259553909302
1176	180.96070384979248
1177	214.08577728271484
1178	220.64007425308228
1179	150.91140055656433
1180	333.86545586586
1181	362.8401527404785
1182	353.1431143283844
1183	250.7132318019867
1184	99.72538542747498
1185	217.58216094970703
1186	757.2678263187408
1187	580.58642578125
1188	337.378821849823
1189	317.91245317459106
1190	362.20553946495056
1191	399.9182708263397
1192	493.5917284488678
1193	394.1760070323944
1194	595.4251201152802
1195	346.58724212646484
1196	492.3351340293884
1197	397.5089793205261
1198	648.3743095397949
1199	208.2910041809082
1200	192.58754754066467
1201	183.6826732158661
1202	331.270565032959
1203	218.368332862854
1204	339.19759726524353
1205	143.32595205307007
1206	191.5352931022644
1207	516.4672968387604
1208	636.5674812793732
1209	591.8451228141785
1210	672.1979534626007
1211	556.0600473880768
1212	718.1617670059204
1213	688.3027131557465
1214	637.6109864711761
1215	962.3956096172333
1216	527.5765092372894
1217	788.2539052963257
1218	534.5543200969696
1219	567.605452299118
1220	421.59588050842285
1221	425.49830436706543
1222	633.6423931121826
1223	780.6135792732239
1224	577.2800731658936
1225	356.70613169670105
1226	618.9418964385986
1227	457.2990291118622
1228	379.13915157318115
1229	445.32761120796204
1230	562.1445524692535
1231	583.86514544487
1232	367.4711916446686
1233	400.7504963874817
1234	681.97381067276
1235	394.256831407547
1236	452.3152856826782
1237	514.7376625537872
1238	930.2170283794403
1239	399.9635319709778
1240	619.8807482719421
1241	333.4394762516022
1242	372.7946629524231
1243	1138.9824454784393
1244	697.6944777965546
1245	501.6117510795593
1246	696.7042562961578
1247	281.99585247039795
1248	64.50431275367737
1249	316.6963713169098
1250	84.09783744812012
1251	221.78761887550354
1252	282.23932099342346
1253	212.51245403289795
1254	416.15408754348755
1255	370.162312746048
1256	264.7516987323761
1257	248.5294873714447
1258	343.0880432128906
1259	490.3763265609741
1260	169.17801475524902
1261	246.71656966209412
1262	321.5237648487091
1263	145.2937409877777
1264	244.80645322799683
1265	166.61369132995605
1266	228.88800191879272
1267	260.1623067855835
1268	208.49127650260925
1269	221.8673357963562
1270	450.91419434547424
1271	339.6341903209686
1272	186.0193612575531
1273	326.12265396118164
1274	407.15545558929443
1275	386.7950875759125
1276	176.7323236465454
1277	108.4263699054718
1278	281.9992296695709
1279	480.42409110069275
1280	147.723703622818
1281	427.2768485546112
1282	408.8951966762543
1283	179.69805765151978
1284	181.3975546360016
1285	273.7606747150421
1286	104.28630495071411
1287	168.05841040611267
1288	306.1611297130585
1289	251.80846691131592
1290	147.3888943195343
1291	388.62811279296875
1292	426.88776302337646
1293	433.45459818840027
1294	319.25035572052
1295	194.98386573791504
1296	375.8670446872711
1297	157.2244462966919
1298	550.0549185276031
1299	418.47725343704224
1300	208.60960054397583
1301	347.8974905014038
1302	382.7359182834625
1303	342.9357042312622
1304	343.07534408569336
1305	1975.0932915210724
1306	627.2799935340881
1307	378.7703995704651
1308	441.9283871650696
1309	459.8329563140869
1310	333.3454785346985
1311	249.56249046325684
1312	529.9811117649078
1313	415.0761182308197
1314	492.86258721351624
1315	205.73692679405212
1316	893.3189091682434
1317	370.7585768699646
1318	429.6453537940979
1319	940.1696925163269
1320	99.82256174087524
1321	335.8151080608368
1322	315.043274641037
1323	170.42694568634033
1324	304.59172654151917
1325	254.97957301139832
1326	210.22954177856445
1327	378.73873591423035
1328	210.82710528373718
1329	315.3166253566742
1330	239.5999789237976
1331	239.5999789237976
1332	192.52449750900269
1333	376.9484705924988
1334	250.33759546279907
1335	219.98720812797546
1336	427.04983043670654
1337	97.95752501487732
1338	85.40503025054932
1339	483.0981159210205
1340	25.760750770568848
1341	144.77962255477905
1342	263.86786365509033
1343	183.87652564048767
1344	775.3663733005524
1345	304.9264905452728
1346	280.9637234210968
1347	303.0386552810669
1348	256.8024904727936
1349	87.66189455986023
1350	210.40961503982544
1351	643.7970237731934
1352	298.9763660430908
1353	289.97669076919556
1354	162.8056092262268
1355	186.6335530281067
1356	761.794445514679
1357	589.4413948059082
1358	151.85870146751404
1359	308.5933406352997
1360	291.6706054210663
1361	567.5927627086639
1362	461.7195825576782
1363	299.1248354911804
1364	261.449476480484
1365	365.47451615333557
1366	709.3265519142151
1367	600.4912641048431
1368	272.98137164115906
1369	535.0601661205292
1370	242.27345442771912
1371	508.5366520881653
1372	277.4687442779541
1373	197.08930802345276
1374	291.44671535491943
1375	427.5982596874237
1376	524.9735224246979
1377	146.29088711738586
1378	506.8379645347595
1379	694.22891497612
1380	502.44594049453735
1381	826.787115573883
1382	361.7344946861267
1383	315.45144486427307
1384	233.34670448303223
1385	296.12673449516296
1386	393.82368874549866
1387	333.7009789943695
1388	292.130083322525
1389	696.5159757137299
1390	277.09577679634094
1391	236.89871072769165
1392	372.9800181388855
1393	353.3674283027649
1394	452.8996958732605
1395	414.96429347991943
1396	256.32263827323914
1397	254.73223900794983
1398	529.1116242408752
1399	325.12547492980957
1400	311.973379611969
1401	567.8889138698578
1402	481.75808548927307
1403	387.7676000595093
1404	481.4952540397644
1405	319.67863512039185
1406	360.2154338359833
1407	330.0498299598694
1408	165.62480568885803
1409	585.7668254375458
1410	674.5334093570709
1411	593.2116396427155
1412	250.50229120254517
1413	371.3460159301758
1414	288.0339825153351
1415	514.3309953212738
1416	304.7984025478363
1417	334.60682678222656
1418	538.2236058712006
1419	525.4276885986328
1420	477.397705078125
1421	411.22789096832275
1422	286.38801741600037
1423	644.4476776123047
1424	252.30741930007935
1425	482.06242775917053
1426	600.7483475208282
1427	626.9663686752319
1428	651.1395437717438
1429	293.98790979385376
1430	448.0769464969635
1431	707.3839974403381
1432	506.8683297634125
1433	342.2484745979309
1434	761.7582037448883
1435	557.8502569198608
1436	403.5314393043518
1437	641.6127495765686
1438	981.6400535106659
1439	604.3520712852478
1440	633.5490872859955
1441	564.356173992157
1442	903.5902733802795
1443	349.65602016448975
1444	516.7739944458008
1445	590.7328498363495
1446	713.6832239627838
1447	889.147622346878
1448	470.95123505592346
1449	807.7896230220795
1450	706.7685594558716
1451	286.3978040218353
1452	303.3508138656616
1453	1187.2530672550201
1454	328.7654359340668
1455	342.5015871524811
1456	1015.1440997123718
1457	354.13643312454224
1458	661.9703390598297
1459	446.1742482185364
1460	371.15429949760437
1461	492.96226024627686
1462	671.5482757091522
1463	323.98847222328186
1464	433.31611013412476
1465	396.13231086730957
1466	670.5422923564911
1467	598.9475698471069
1468	471.32426285743713
1469	432.70371675491333
1470	619.5236546993256
1471	528.0370273590088
1472	535.2530930042267
1473	781.9569659233093
1474	584.0598366260529
1475	283.18288469314575
1476	596.4920785427094
1477	266.7556297779083
1478	594.8550491333008
1479	663.9432518482208
1480	178.84877920150757
1481	318.15041995048523
1482	714.5709435939789
1483	301.8941249847412
1484	465.511652469635
1485	486.6980366706848
1486	507.4326584339142
1487	742.0724277496338
1488	512.3359711170197
1489	561.0666847229004
1490	571.3450162410736
1491	582.2048761844635
1492	970.6759452819824
1493	556.8503222465515
1494	443.24124789237976
1495	431.94246220588684
1496	818.2117071151733
1497	824.3706822395325
1498	467.9803674221039
1499	458.9496476650238
1500	443.6023037433624
1501	511.67972207069397
1502	952.6139948368073
1503	695.5718955993652
1504	748.6538178920746
1505	415.5772168636322
1506	378.90554022789
1507	593.8467001914978
1508	614.134327173233
1509	1000.0811030864716
1510	629.6582698822021
1511	671.0043206214905
1512	330.9874629974365
1513	1329.2824442386627
1514	451.98102951049805
1515	1044.3935356140137
1516	1159.7021508216858
1517	1288.4115087985992
1518	784.6059529781342
1519	477.5786335468292
1520	1035.6986556053162
1521	1510.4960083961487
1522	671.103483915329
1523	724.7476694583893
1524	512.315488576889
1525	347.11611914634705
1526	859.1307218074799
1527	1180.603138923645
1528	287.41227674484253
1529	834.2423403263092
1530	720.901004076004
1531	1342.0214791297913
1532	666.3103685379028
1533	1261.3214948177338
1534	711.2053096294403
1535	685.5860545635223
1536	791.6162142753601
1537	932.5413722991943
1538	835.2640326023102
1539	1116.173427581787
1540	740.5401992797852
1541	720.7620701789856
1542	1309.6772737503052
1543	1006.906328201294
1544	781.1710889339447
1545	886.8487844467163
1546	800.1366384029388
1547	1596.036157131195
1548	1009.7349197864532
1549	1187.301190853119
1550	851.2558484077454
1551	1364.9388723373413
1552	1622.831107378006
1553	568.857305765152
1554	1583390141.0844507
1555	1152.4223821163177
1556	529.2403600215912
1557	881.916109085083
1558	741.3646438121796
1559	1012.7032558917999
1560	1761.6883342266083
1561	733.5895757675171
1562	1116.0407576560974
1563	753.4330105781555
1564	1495.157960653305
1565	787.9081077575684
1566	949.1925685405731
1567	832.9273471832275
1568	1018.9234476089478
1569	1128.9424657821655
1570	976.8855321407318
1571	773.1169834136963
1572	1108.2071566581726
1573	736.3630256652832
1574	1490.4168391227722
1575	1113.7353780269623
1576	747.5246675014496
1577	1523.9019186496735
1578	673.9057631492615
1579	191.82202792167664
1580	931.8487713336945
1581	507.63723373413086
1582	708.9497940540314
1583	714.9062142372131
1584	648.9954197406769
1585	623.4840021133423
1586	756.3187384605408
1587	544.7143216133118
1588	568.3539245128632
1589	931.6367864608765
1590	659.0775282382965
1591	498.7770628929138
1592	643.1860132217407
1593	633.3085219860077
1594	1296.203203678131
1595	1078.6264538764954
1596	599.7195708751678
1597	449.38474345207214
1598	793.5518682003021
1599	568.7941591739655
1600	766.642831325531
1601	417.19153451919556
1602	534.1042828559875
1603	624.2282185554504
1604	975.3771691322327
1605	450.65002632141113
1606	706.7103118896484
1607	472.16344833374023
1608	701.9396665096283
1609	696.5867345333099
1610	737.1531138420105
1611	633.798403263092
1612	340.8275592327118
1613	528.1241092681885
1614	446.6059408187866
1615	334.6115069389343
1616	731.0936172008514
1617	848.4184899330139
1618	536.1769781112671
1619	666.0484232902527
1620	463.7108325958252
1621	521.5203945636749
1622	526.9719033241272
1623	217.32056713104248
1624	792.1557371616364
1625	736.618524312973
1626	273.41127729415894
1627	307.13791823387146
1628	306.2518062591553
1629	601.6760292053223
1630	138.96110916137695
1631	283.86555194854736
1632	523.650399684906
1633	494.206960439682
1634	519.5812253952026
1635	608.5002198219299
1636	281.51781129837036
1637	361.3829848766327
1638	445.15740418434143
1639	344.0324442386627
1640	573.4529025554657
1641	521.7492473125458
1642	390.7351806163788
1643	607.8750400543213
1644	324.8400535583496
1645	378.4104564189911
1646	691.803869009018
1647	175.0684118270874
1648	843.0357778072357
1649	398.2945897579193
1650	273.3678226470947
1651	343.9821434020996
1652	391.27590012550354
1653	459.68643498420715
1654	54.034552574157715
1655	246.82033467292786
1656	477.6153917312622
1657	328.598117351532
1658	368.914822101593
1659	145.7442352771759
1660	271.55485820770264
1661	174.62578535079956
1662	524.7904787063599
1663	534.5681648254395
1664	177.1679584980011
1665	522.1517362594604
1666	287.3228418827057
1667	534.3902142047882
1668	524.491140127182
1669	663.1303968429565
1670	502.42699456214905
1671	393.3712110519409
1672	305.84605169296265
1673	130.3688039779663
1674	182.62807393074036
1675	421.91495013237
1676	362.5342209339142
1677	338.54544830322266
1678	445.2627558708191
1679	114.55419087409973
1680	337.17609214782715
1681	575.3300621509552
1682	245.52030777931213
1683	311.792929649353
1684	257.6003363132477
1685	243.45615768432617
1686	200.2113070487976
1687	465.3532712459564
1688	307.7287931442261
1689	320.5000910758972
1690	565.1633143424988
1691	524.2544529438019
1692	892.6149296760559
1693	648.6953830718994
1694	565.2311441898346
1695	946.5693337917328
1696	451.0848319530487
1697	765.7278220653534
1698	765.236653804779
1699	555.2525720596313
1700	550.9055964946747
1701	375.41430258750916
1702	368.49294877052307
1703	424.99509501457214
1704	639.2231509685516
1705	428.9426658153534
1706	536.167498588562
1707	361.0499224662781
1708	677.9517641067505
1709	636.0979282855988
1710	549.3885295391083
1711	530.1247341632843
1712	511.2791094779968
1713	843.3729472160339
1714	448.2197024822235
1715	221.05437231063843
1716	444.67745995521545
1717	439.40208768844604
1718	620.0900890827179
1719	543.8931691646576
1720	267.411744594574
1721	294.24249243736267
1722	400.5142333507538
1723	496.0198907852173
1724	584.2904131412506
1725	954.4491636753082
1726	444.87110018730164
1727	567.2725496292114
1728	690.3962593078613
1729	358.17483401298523
1730	625.6341803073883
1731	555.0049862861633
1732	690.223715543747
1733	1079.8325765132904
1734	460.028692483902
1735	570.8354666233063
1736	818.1747999191284
1737	387.3377695083618
1738	639.523500919342
1739	615.0670123100281
1740	433.322740316391
1741	542.0408372879028
1742	402.9953465461731
1743	664.4044091701508
1744	452.73155188560486
1745	509.14824652671814
1746	480.1444501876831
1747	509.3470416069031
1748	446.32320952415466
1749	2745.563282728195
1750	465.68043398857117
1751	361.89273166656494
1752	753.9280207157135
1753	653.235212802887
1754	196.66633987426758
1755	655.3237080574036
1756	657.9165167808533
1757	483.8424913883209
1758	149.63381338119507
1759	242.63456630706787
1760	480.0276708602905
1761	495.41500091552734
1762	329.4287896156311
1763	306.95618319511414
1764	396.1224946975708
1765	185.20224142074585
1766	347.934565782547
1767	235.9595890045166
1768	297.01884269714355
1769	301.6551764011383
1770	280.92251324653625
1771	279.5651009082794
1772	506.7105486392975
1773	441.6914391517639
1774	283.81362318992615
1775	576.1798822879791
1776	125.63016510009766
1777	183.2466254234314
1778	129.06788206100464
1779	118.47220277786255
1780	70.43586707115173
1781	507.39812684059143
1782	240.2484622001648
1783	117.24343872070312
1784	390.0354542732239
1785	221.5055022239685
1786	173.83442544937134
1787	119.44912981987
1788	537.113094329834
1789	407.4804437160492
1790	386.73634099960327
1791	476.6595358848572
1792	314.7599413394928
1793	271.7803256511688
1794	453.104900598526
1795	439.8719699382782
1796	58.763312339782715
1797	368.400723695755
1798	263.3341133594513
1799	632.7085807323456
1800	398.8770070075989
1801	204.92038083076477
1802	339.48672676086426
1803	618.6918807029724
1804	207.99700164794922
1805	467.2331738471985
1806	370.904593706131
1807	261.89950823783875
1808	293.0478503704071
1809	45.36033058166504
1810	134.2533049583435
1811	178.70102620124817
1812	261.1635265350342
1813	151.13430881500244
1814	428.64096331596375
1815	224.20231413841248
1816	380.18228363990784
1817	474.2496371269226
1818	337.9248960018158
1819	235.4127881526947
1820	345.55846118927
1821	249.5053689479828
1822	404.62284803390503
1823	226.63048124313354
1824	406.3049404621124
1825	87.30791139602661
1826	657.30681681633
1827	344.82087898254395
1828	166.96371126174927
1829	476.40773916244507
1830	299.02176117897034
1831	316.38737964630127
1832	365.87222266197205
1833	199.27924609184265
1834	141.64186787605286
1835	269.87583088874817
1836	134.08807682991028
1837	386.4149031639099
1838	483.9350755214691
1839	312.902232170105
1840	628.0262098312378
1841	352.4231526851654
1842	407.0024507045746
1843	295.76808071136475
1844	172.1752851009369
1845	286.77698612213135
1846	914.189877986908
1847	657.4336750507355
1848	672.9075047969818
1849	414.36443519592285
1850	423.5125424861908
1851	350.1401767730713
1852	521.5117080211639
1853	449.0641508102417
1854	236.77143597602844
1855	61.807525396347046
1856	352.6290867328644
1857	600.5667383670807
1858	133.18459367752075
1859	515.0281727313995
1860	95.03966879844666
1861	183.42705750465393
1862	141.53215408325195
1863	365.24241948127747
1864	417.9233958721161
1865	501.2574691772461
1866	333.9547829627991
1867	176.78025317192078
1868	159.38835501670837
1869	346.1870310306549
1870	265.06116557121277
1871	406.3791027069092
1872	404.33702754974365
1873	452.7205924987793
1874	264.67457723617554
1875	447.38456892967224
1876	444.3821179866791
1877	217.91238617897034
1878	555.818051815033
1879	203.29546689987183
1880	202.1803798675537
1881	610.9743492603302
1882	278.46263098716736
1883	153.43408393859863
1884	555.5674359798431
1885	161.33943939208984
1886	62.423125982284546
1887	347.300897359848
1888	209.60290241241455
1889	295.83861112594604
1890	356.93512201309204
1891	189.06420612335205
1892	314.7841794490814
1893	329.39605236053467
1894	299.03937888145447
1895	578.4271640777588
1896	425.250736951828
1897	174.47554993629456
1898	218.05903124809265
1899	38.12590765953064
1900	299.1473467350006
1901	205.54233741760254
1902	265.20952820777893
1903	423.3188991546631
1904	115.6467125415802
1905	156.90403509140015
1906	230.03798055648804
1907	251.0378222465515
1908	311.6765205860138
1909	192.82027459144592
1910	324.2205231189728
1911	134.1293239593506
1912	177.18080139160156
1913	364.9747815132141
1914	212.88442015647888
1915	408.1999418735504
1916	104.28121209144592
1917	31.977301597595215
1918	46.21697950363159
1919	155.04635643959045
1920	66.50826597213745
1921	128.39074277877808
1922	179.06638503074646
1923	209.865886926651
1924	45.16251587867737
1925	292.41154623031616
1926	377.72765278816223
1927	160.14507842063904
1928	300.1867778301239
1929	76.57318234443665
1930	140.44900059700012
1931	224.8578028678894
1932	331.53228855133057
1933	223.85266494750977
1934	214.52958297729492
1935	274.7390146255493
1936	286.27222967147827
1937	381.163455247879
1938	358.4172375202179
1939	163.62090802192688
1940	138.54767107963562
1941	284.1541693210602
1942	203.95632362365723
1943	151.28359937667847
1944	277.39574909210205
1945	78.91798424720764
1946	254.75100350379944
1947	430.1529483795166
1948	406.23128843307495
1949	123.53366303443909
1950	429.41200733184814
1951	244.51905131340027
1952	155.82908821105957
1953	223.6687455177307
1954	240.9285533428192
1955	172.33415007591248
1956	476.16185331344604
1957	348.245587348938
1958	131.39951992034912
1959	240.9870047569275
1960	357.3749794960022
1961	502.91094994544983
1962	164.01316833496094
1963	317.1044807434082
1964	374.32566595077515
1965	362.5301368236542
1966	152.26301789283752
1967	348.9058301448822
1968	158.8479127883911
1969	231.41815209388733
1970	115.00094199180603
1971	275.54982018470764
1972	194.36189770698547
1973	197.2166645526886
1974	194.97004342079163
1975	397.9075162410736
1976	139.12236166000366
1977	183.7288920879364
1978	146.30033111572266
1979	229.4970383644104
1980	229.4970383644104
1981	517.3509607315063
1982	403.39209032058716
1983	229.26749682426453
1984	391.17807507514954
1985	252.16467833518982
1986	135.50306797027588
1987	394.3625590801239
1988	304.8957495689392
1989	187.7335786819458
1990	127.55865168571472
1991	164.99332404136658
1992	268.21953797340393
1993	208.85581517219543
1994	56.301244020462036
1995	197.6497447490692
1996	300.32794737815857
1997	103.00875306129456
1998	289.3275775909424
1999	217.34881901741028
2000	204.3783257007599
2001	170.45250344276428
2002	317.5926921367645
2003	186.37802863121033
2004	77.13852024078369
2005	320.32910418510437
2006	96.99877429008484
2007	341.61885499954224
2008	341.61885499954224
2009	282.11748933792114
2010	441.46079182624817
2011	144.6844985485077
2012	124.88076996803284
2013	235.9955770969391
2014	244.60965609550476
2015	142.78344583511353
2016	231.7515697479248
2017	138.76549196243286
2018	372.50829100608826
2019	372.50829100608826
2020	338.51060795783997
2021	326.7407155036926
2022	468.87060022354126
2023	468.87060022354126
2024	138.32270622253418
2025	217.41641879081726
2026	455.2299208641052
2027	287.7674403190613
2028	310.0605700016022
2029	222.32735896110535
2030	168.6254687309265
2031	269.5602033138275
2032	158.60016536712646
2033	289.69499802589417
2034	243.51018953323364
2035	200.5874161720276
2036	126.0245590209961
2037	200.29625916481018
2038	139.04213523864746
2039	265.1773805618286
2040	302.0570561885834
2041	216.1263689994812
2042	613.4651265144348
2043	278.7298939228058
2044	323.2593262195587
2045	155.41194796562195
2046	368.5008592605591
2047	227.5515809059143
2048	205.64951705932617
2049	239.25423002243042
2050	273.22808146476746
2051	143.78430557250977
2052	427.46141958236694
2053	177.35771203041077
2054	277.14487314224243
2055	68.72947812080383
2056	476.77209544181824
2057	812.0019402503967
2058	274.0458724498749
2059	189.02675533294678
2060	265.6406509876251
2061	201.96137404441833
2062	184.22113347053528
2063	242.93145871162415
2064	328.7132923603058
2065	298.6350440979004
2066	441.62406182289124
2067	201.63465237617493
2068	909.6304326057434
2069	272.94322085380554
2070	266.70074105262756
2071	206.80704975128174
2072	839.6452348232269
2073	185.87621092796326
2074	70.85396456718445
2075	339.58412742614746
2076	369.60748982429504
2077	475.14913535118103
2078	235.34420704841614
2079	230.405823469162
2080	126.79831600189209
2081	585.0505380630493
2082	380.7482430934906
2083	231.18001675605774
2084	242.03794240951538
2085	478.747581243515
2086	290.2607538700104
2087	148.54373955726624
2088	378.71460342407227
2089	210.48337149620056
2090	148.6566469669342
2091	407.8560814857483
2092	926.5895595550537
2093	174.292742729187
2094	477.36076188087463
2095	888.1555724143982
2096	548.631662607193
2097	61.22748851776123
2098	1136.4152162075043
2099	455.8143050670624
2100	412.2050485610962
2101	411.0451955795288
2102	525.8640239238739
2103	535.7558259963989
2104	870.2332577705383
2105	671.8917691707611
2106	556.220312833786
2107	582.0225217342377
2108	585.0574367046356
2109	448.9550507068634
2110	718.6427114009857
2111	497.38941979408264
2112	468.3103940486908
2113	671.1278462409973
2114	336.91831493377686
2115	414.9764335155487
2116	535.2584190368652
2117	575.2417497634888
2118	625.8754851818085
2119	927.5995261669159
2120	469.49418330192566
2121	225.37985706329346
2122	225.37985706329346
2123	737.9863409996033
2124	876.3518798351288
2125	510.84462571144104
2126	466.1282444000244
2127	623.9332616329193
2128	486.50846910476685
2129	265.68545269966125
2130	432.0271074771881
2131	457.05919671058655
2132	425.49687480926514
2133	458.30993247032166
2134	208.049724817276
2135	208.049724817276
2136	814.078827381134
2137	358.60195231437683
2138	321.72662901878357
2139	388.6842391490936
2140	278.48326110839844
2141	402.1872184276581
2142	739.3986270427704
2143	443.4700884819031
2144	509.20041704177856
2145	472.48849534988403
2146	467.11336946487427
2147	482.3808469772339
2148	450.0152258872986
2149	340.9632143974304
2150	919.034021615982
2151	503.4691607952118
2152	421.3815803527832
2153	496.71893882751465
2154	485.29118824005127
2155	562.1945736408234
2156	371.61420488357544
2157	677.704954624176
2158	746.6358826160431
2159	296.90282440185547
2160	412.45212411880493
2161	272.2425799369812
2162	95.20124387741089
2163	59.561140298843384
2164	640.3294627666473
2165	301.6611545085907
2166	330.6741955280304
2167	304.82522535324097
2168	640.7081911563873
2169	394.9218416213989
2170	254.21437740325928
2171	1218.8171470165253
2172	379.98416471481323
2173	463.88057470321655
2174	473.6783130168915
2175	291.8059878349304
2176	668.8633344173431
2177	631.3323891162872
2178	372.4815626144409
2179	470.27712297439575
2180	671.2361869812012
2181	844.3368003368378
2182	525.4662697315216
2183	332.33447456359863
2184	454.9749610424042
2185	306.02494263648987
2186	439.2757523059845
2187	336.46643829345703
2188	315.27596282958984
2189	571.2002446651459
2190	831.5492968559265
2191	636.5333728790283
2192	572.3137564659119
2193	650.1319446563721
2194	660.8920917510986
2195	565.4014916419983
2196	769.2651345729828
2197	551.0333526134491
2198	860.1108169555664
2199	614.823445558548
2200	491.8072438240051
2201	715.1560716629028
2202	766.9458830356598
2203	973.4708566665649
2204	768.2061805725098
2205	696.2454116344452
2206	701.8479430675507
2207	533.548300743103
2208	683.0073091983795
2209	611.0383591651917
2210	531.7305603027344
2211	622.8282420635223
2212	995.3693571090698
2213	1024.4537224769592
2214	824.080397605896
2215	692.6205289363861
2216	1042.234052658081
2217	694.5448882579803
2218	1036.7386221885681
2219	969.7216963768005
2220	475.205438375473
2221	503.9477460384369
2222	1040.1807568073273
2223	1106.7070207595825
2224	777.0274863243103
2225	443.61110663414
2226	732.3502550125122
2227	756.8275220394135
2228	703.3944780826569
2229	507.14948749542236
2230	848.4657824039459
2231	1230.7254965305328
2232	671.0694363117218
2233	619.2286195755005
2234	807.6326406002045
2235	664.4778952598572
2236	481.9594328403473
2237	923.9851014614105
2238	784.5443072319031
2239	1048.0779583454132
2240	626.788904428482
2241	794.3403673171997
2242	640.6636080741882
2243	764.1723337173462
2244	911.3350811004639
2245	804.5365734100342
2246	999.9046337604523
2247	876.49276304245
2248	947.6980299949646
2249	675.5503461360931
2250	790.461314201355
2251	1034.288286447525
2252	1439.7773170471191
2253	1208.7044830322266
2254	681.4793827533722
2255	739.0762467384338
2256	639.230993270874
2257	424.005006313324
2258	645.7926790714264
2259	542.8798933029175
2260	707.6541311740875
2261	608.0375881195068
2262	1026.39031624794
2263	612.9460816383362
2264	623.792501449585
2265	643.3151507377625
2266	1160.0185718536377
2267	649.8818826675415
2268	623.0170149803162
2269	631.5950720310211
2270	731.1273851394653
2271	459.4126946926117
2272	687.1692781448364
2273	661.527637720108
2274	598.7163200378418
2275	869.8735594749451
2276	513.2714247703552
2277	979.8732852935791
2278	567.2658457756042
2279	826.5800790786743
2280	588.5496606826782
2281	692.2267456054688
2282	303.1824221611023
2283	626.5211570262909
2284	785.6503422260284
2285	680.835541009903
2286	435.5601110458374
2287	615.9482097625732
2288	783.1142072677612
2289	465.20763087272644
2290	484.8253231048584
2291	1266.0312895774841
2292	727.2774343490601
2293	760.2062964439392
2294	621.7840116024017
2295	594.447491645813
2296	660.2478857040405
2297	990.0367922782898
2298	676.5511507987976
2299	726.8325357437134
2300	496.38889241218567
2301	614.9535865783691
2302	653.0197541713715
2303	639.1132009029388
2304	1584597893.8870149
2305	572.5681071281433
2306	839.5096361637115
2307	828.4676315784454
2308	505.36549973487854
2309	523.3511388301849
2310	559.5134768486023
2311	592.0446140766144
2312	665.4830861091614
2313	766.3803286552429
2314	575.5971736907959
2315	619.8623588085175
2316	225.60712695121765
2317	328.7903070449829
2318	272.54598903656006
2319	626.5599548816681
2320	376.0539937019348
2321	856.2569136619568
2322	416.2469298839569
2323	494.9112854003906
2324	178.45643067359924
2325	625.306622505188
2326	643.25861120224
2327	391.9815285205841
2328	858.563410282135
2329	821.5085241794586
2330	895.3674123287201
2331	803.8599622249603
2332	570.3752901554108
2333	943.4147987365723
2334	735.6555533409119
2335	661.2836229801178
2336	658.2449390888214
2337	728.851211309433
2338	753.9702413082123
2339	799.981142282486
2340	990.4589755535126
2341	1730.0104184150696
2342	820.2676355838776
2343	665.7261447906494
2344	862.9609775543213
2345	739.3537178039551
2346	702.1241927146912
2347	701.991180896759
2348	711.9326460361481
2349	451.47367882728577
2350	744.2357614040375
2351	722.163818359375
2352	487.57931756973267
2353	764.8884763717651
2354	898.6960859298706
2355	1083.5047788619995
2356	1004.6738479137421
2357	933.8834958076477
2358	977.1246223449707
2359	1950.9817924499512
2360	1574.7106971740723
2361	697.8279564380646
2362	1320.426878452301
2363	782.4169054031372
2364	916.4139633178711
2365	875.4924974441528
2366	829.3744404315948
2367	831.0478565692902
2368	914.9001471996307
2369	1160.2559044361115
2370	1218.6974091529846
2371	1080.0903630256653
2372	866.7429220676422
2373	2494.8189527988434
2374	1381.2158243656158
2375	971.5581130981445
2376	985.7648112773895
2377	932.2250425815582
2378	730.2297291755676
2379	985.89240026474
2380	691.4427137374878
2381	597.811154127121
2382	732.1875717639923
2383	2518.803948163986
2384	618.1522479057312
2385	664.7717564105988
2386	834.762140750885
2387	573.1596541404724
2388	705.0102219581604
2389	692.7977366447449
2390	870.1449410915375
2391	764.1449546813965
2392	591.2444312572479
2393	682.6358342170715
2394	518.4869441986084
2395	813.6288719177246
2396	870.0803229808807
2397	731.3395109176636
2398	1043.6329834461212
2399	1321.5616555213928
2400	866.2280974388123
2401	654.4380841255188
2402	776.4005529880524
2403	694.7617547512054
2404	789.9891831874847
2405	767.2204706668854
2406	742.7711780071259
2407	631.1510715484619
2408	523.3145956993103
2409	676.5588533878326
2410	676.4529330730438
2411	476.8749749660492
2412	596.1977543830872
2413	738.5046169757843
2414	884.8456010818481
2415	770.9536304473877
2416	905.2465162277222
2417	1185.579033613205
2418	954.9703154563904
2419	1266.2238302230835
2420	1337.9004938602448
2421	1682.564222574234
2422	635.5088357925415
2423	754.1202108860016
2424	3468.464299440384
2425	1091.2929270267487
2426	534.8759369850159
2427	709.438353061676
2428	762.1495773792267
2429	776.4316098690033
2430	776.5743379592896
2431	1619.6391282081604
2432	987.5960664749146
2433	673.6271870136261
2434	825.4424569606781
2435	799.9493389129639
2436	832.9337623119354
2437	765.7918171882629
2438	716.969967842102
2439	734.6723940372467
2440	569.3001661300659
2441	664.4601335525513
2442	466.9280083179474
2443	482.7918128967285
2444	498.6860055923462
2445	730.9251997470856
2446	260.7185904979706
2447	677.7181413173676
2448	793.5636155605316
2449	833.9693651199341
2450	1075.5413477420807
2451	617.3990254402161
2452	741.9077243804932
2453	1142.9247765541077
2454	709.8099839687347
2455	833.7759699821472
2456	767.73410987854
2457	669.3687417507172
2458	649.269472360611
2459	529.4015152454376
2460	588.5371837615967
2461	1011.5978405475616
2462	542.7839305400848
2463	1089.3545575141907
2464	598.5786724090576
2465	533.9232387542725
2466	816.1373255252838
2467	610.6113936901093
2468	846.7272779941559
2469	697.1606502532959
2470	511.2692565917969
2471	821.7448306083679
2472	564.7842650413513
2473	822.869024515152
2474	143.50105166435242
2475	643.6045005321503
2476	714.3484463691711
2477	1204.1024153232574
2478	765.0496389865875
2479	756.8934128284454
2480	720.9835693836212
2481	1182.7076888084412
2482	959.0782165527344
2483	568.1188879013062
2484	539.6107790470123
2485	1132.3771398067474
2486	662.4433047771454
2487	964.7883141040802
2488	848.7339615821838
2489	614.7042443752289
2490	486.95579838752747
2491	678.1552386283875
2492	638.6026787757874
2493	879.6234846115112
2494	304.4092004299164
2495	715.2803726196289
2496	551.493002653122
2497	547.8502652645111
2498	741.2388181686401
2499	852.3884193897247
2500	454.13087821006775
2501	766.3018414974213
2502	626.2178590297699
2503	712.2950246334076
2504	617.1918172836304
2505	569.6549146175385
2506	574.5089519023895
2507	573.285543680191
2508	623.8391246795654
2509	742.921067237854
2510	586.2135472297668
2511	756.5086176395416
2512	647.7643249034882
2513	458.12108278274536
2514	302.5539846420288
2515	317.7697947025299
2516	259.57263684272766
2517	155.0622959136963
2518	176.12998390197754
2519	349.26987648010254
2520	215.45347046852112
2521	161.56639647483826
2522	442.3018305301666
2523	310.0201542377472
2524	88.28833293914795
2525	463.91919469833374
2526	529.1487696170807
2527	239.83502435684204
2528	311.07021379470825
2529	291.5697569847107
2530	497.0989799499512
2531	208.0601351261139
2532	225.76799297332764
2533	463.464426279068
2534	130.281085729599
2535	152.56167697906494
2536	220.73905777931213
2537	310.375981092453
2538	639.9304759502411
2539	340.7077133655548
2540	205.9057023525238
2541	220.84252905845642
2542	221.21109795570374
2543	351.22481989860535
2544	349.75748205184937
2545	329.1467638015747
2546	87.26581645011902
2547	176.4688584804535
2548	456.98424553871155
2549	258.52246379852295
2550	378.33386611938477
2551	342.3802115917206
2552	222.021404504776
2553	352.03460788726807
2554	186.04982256889343
2555	492.9221656322479
2556	309.4870524406433
2557	432.34779357910156
2558	669.8444092273712
2559	220.12779474258423
2560	544.8447480201721
2561	329.2906925678253
2562	394.24544072151184
2563	189.67775344848633
2564	326.1791684627533
2565	281.6386625766754
2566	284.5462830066681
2567	202.88945078849792
2568	517.0884807109833
2569	408.95845913887024
2570	575.7930109500885
2571	61.52698230743408
2572	207.56415677070618
2573	288.21247959136963
2574	76.14944672584534
2575	519.1210868358612
2576	272.9231081008911
2577	391.20003509521484
2578	179.4797592163086
2579	470.46653723716736
2580	208.33849215507507
2581	367.7801480293274
2582	241.148442029953
2583	317.71594429016113
2584	306.27832102775574
2585	494.6620407104492
2586	115.70755529403687
2587	366.00603699684143
2588	176.51653122901917
2589	179.12339878082275
2590	528.0620198249817
2591	383.44274163246155
2592	115.5321638584137
2593	178.88763284683228
2594	109.20748591423035
2595	142.89274978637695
2596	339.4110538959503
2597	296.80834555625916
2598	321.8903913497925
2599	314.1735084056854
2600	495.9859027862549
2601	654.9366641044617
2602	425.66782903671265
2603	499.6744120121002
2604	192.50520420074463
2605	322.46994256973267
2606	559.7860610485077
2607	419.296541929245
2608	245.19666934013367
2609	365.1385464668274
2610	422.02944707870483
2611	516.8353724479675
2612	535.5442273616791
2613	285.9336407184601
2614	256.0020434856415
2615	194.7895987033844
2616	268.9024097919464
2617	169.22497153282166
2618	205.12670373916626
2619	49.79945921897888
2620	203.37510752677917
2621	246.52397203445435
2622	273.9544906616211
2623	159.26138925552368
2624	159.26138925552368
2625	180.01625037193298
2626	366.61911392211914
2627	428.6529448032379
2628	238.5689799785614
2629	193.56782221794128
2630	246.0198199748993
2631	199.65503334999084
2632	192.89245223999023
2633	213.42977333068848
2634	358.7438223361969
2635	117.03886365890503
2636	70.15100479125977
2637	174.9093496799469
2638	155.76918196678162
2639	242.8952281475067
2640	142.50404620170593
2641	159.64346313476562
2642	157.80582213401794
2643	119.3396852016449
2644	109.56755113601685
2645	200.5444405078888
2646	358.84537959098816
2647	319.429785490036
2648	201.23504662513733
2649	259.4284529685974
2650	149.44087195396423
2651	213.45939660072327
2652	187.31482911109924
2653	78.13359594345093
2654	107.22282361984253
2655	254.55657410621643
2656	254.55657410621643
2657	236.18919849395752
2658	101.68616700172424
2659	303.1328933238983
2660	263.635178565979
2661	264.1974251270294
2662	853.5205135345459
2663	129.77750277519226
2664	82.91741299629211
2665	338.76781964302063
2666	160.006196975708
2667	290.7415237426758
2668	240.88467049598694
2669	358.5985381603241
2670	305.7389314174652
2671	303.10168528556824
2672	80.45492196083069
2673	309.0403034687042
2674	374.1176481246948
2675	197.70435547828674
2676	300.15372109413147
2677	170.3683259487152
2678	63.24115300178528
2679	291.61305594444275
2680	202.8163321018219
2681	159.7566373348236
2682	416.9387397766113
2683	96.12091398239136
2684	202.26812744140625
2685	123.58759903907776
2686	224.31711506843567
2687	477.6249854564667
2688	242.1168258190155
2689	151.51537775993347
2690	315.49957513809204
2691	244.2028727531433
2692	182.89859127998352
2693	231.916006565094
2694	68.55515551567078
2695	262.33711338043213
2696	214.57288455963135
2697	96.01643323898315
2698	127.1289267539978
2699	279.97821402549744
2700	168.8146688938141
2701	167.74285435676575
2702	137.37761974334717
2703	104.2292799949646
2704	284.35564494132996
2705	310.7795298099518
2706	316.2827160358429
2707	145.7643527984619
2708	162.14548444747925
2709	221.87244939804077
2710	252.18163537979126
2711	264.0671217441559
2712	162.72254824638367
2713	353.04377937316895
2714	383.64275312423706
2715	219.6574411392212
2716	149.8653211593628
2717	255.9446244239807
2718	102.11876773834229
2719	62.96031212806702
2720	180.2264654636383
2721	276.96523237228394
2722	209.8868329524994
2723	411.0677423477173
2724	169.06421542167664
2725	188.5249240398407
2726	153.72170972824097
2727	140.96439623832703
2728	118.91361260414124
2729	197.89423274993896
2730	158.6647927761078
2731	80.09115409851074
2732	432.6739025115967
2733	97.53381776809692
2734	308.2181739807129
2735	355.8508777618408
2736	199.5717477798462
2737	68.5636134147644
2738	48.63186001777649
2739	179.5027253627777
2740	186.18790912628174
2741	247.66120767593384
2742	276.8665487766266
2743	125.46387338638306
2744	129.79140305519104
2745	120.45669770240784
2746	366.1178390979767
2747	296.12306547164917
2748	112.18594121932983
2749	66.31594276428223
2750	282.00830364227295
2751	244.3324089050293
2752	231.26831126213074
2753	158.4321026802063
2754	126.36046504974365
2755	234.63784909248352
2756	205.2857313156128
2757	179.83320426940918
2758	81.03154134750366
2759	57.27425456047058
2760	265.0526478290558
2761	285.80365324020386
2762	193.7471227645874
2763	233.8429253101349
2764	103.62254285812378
2765	198.9771637916565
2766	141.60172176361084
2767	196.82237124443054
2768	185.947265625
2769	98.98308300971985
2770	287.80900621414185
2771	145.34703469276428
2772	173.22731351852417
2773	153.91737866401672
2774	128.64531183242798
2775	208.2164011001587
2776	224.2996129989624
2777	284.9755527973175
2778	40.12381362915039
2779	215.66305589675903
2780	105.68155431747437
2781	173.11426830291748
2782	154.73846125602722
2783	139.56252813339233
2784	332.990357875824
2785	149.32498025894165
2786	227.4296658039093
2787	353.04275131225586
2788	185.189199924469
2789	78.29073691368103
2790	95.20401406288147
2791	94.01876664161682
2792	283.61078357696533
2793	184.19110107421875
2794	166.39379215240479
2795	33.97618818283081
2796	271.93039655685425
2797	130.29569959640503
2798	122.54361867904663
2799	180.13016057014465
2800	138.61997985839844
2801	116.62825894355774
2802	121.39257407188416
2803	179.09376978874207
2804	154.0138201713562
2805	258.2340261936188
2806	246.5544548034668
2807	203.36150789260864
2808	158.95106768608093
2809	186.90956020355225
2810	280.07267904281616
2811	279.1800558567047
2812	232.98267698287964
2813	194.93494987487793
2814	80.1923315525055
2815	194.66238951683044
2816	211.3907516002655
2817	128.72891449928284
2818	197.53138184547424
2819	168.41383290290833
2820	285.37565517425537
2821	221.46828651428223
2822	121.87604284286499
2823	521.1966943740845
2824	175.30357813835144
2825	258.0893642902374
2826	187.0043158531189
2827	163.14847373962402
2828	289.8844647407532
2829	532.629353761673
2830	319.1467480659485
2831	251.96747136116028
2832	452.1207160949707
2833	297.80922508239746
2834	170.25217175483704
2835	184.7539987564087
2836	197.11649012565613
2837	229.37065720558167
2838	180.78858613967896
2839	277.95727467536926
2840	205.81413173675537
2841	188.3762171268463
2842	179.74587202072144
2843	161.89790868759155
2844	254.80134654045105
2845	223.97860097885132
2846	176.2173409461975
2847	221.35323667526245
2848	156.06882238388062
2849	209.24279975891113
2850	230.39924478530884
2851	254.16983366012573
2852	250.17111921310425
2853	220.88829112052917
2854	301.6248471736908
2855	331.59937143325806
2856	226.74214220046997
2857	154.48177552223206
2858	399.10527658462524
2859	138.28696537017822
2860	318.14610409736633
2861	201.33637833595276
2862	194.22738242149353
2863	206.76825404167175
2864	302.35577845573425
2865	232.71487545967102
2866	272.2987744808197
2867	222.1945779323578
2868	302.86447286605835
2869	262.94422936439514
2870	209.04441690444946
2871	211.90365052223206
2872	237.81163024902344
2873	195.8753592967987
2874	461.2142312526703
2875	287.33640789985657
2876	155.39451050758362
2877	150.77740001678467
2878	251.23684549331665
2879	203.34559726715088
2880	281.0477252006531
2881	263.1156165599823
2882	269.07619404792786
2883	232.12256717681885
2884	380.85421776771545
2885	232.36371088027954
2886	290.7557580471039
2887	118.73377847671509
2888	258.1761739253998
2889	199.03665494918823
2890	333.6501741409302
2891	214.12150812149048
2892	252.7390058040619
2893	205.57732558250427
2894	210.92339324951172
2895	332.0669867992401
2896	435.58813524246216
2897	142.11490607261658
2898	287.24414825439453
2899	170.68261170387268
2900	222.05980730056763
2901	114.39882302284241
2902	354.39773392677307
2903	214.22825622558594
2904	218.680321931839
2905	266.88419556617737
2906	177.22810745239258
2907	144.3103427886963
2908	149.75073218345642
2909	255.38696694374084
2910	298.77696657180786
2911	293.03410840034485
2912	255.56645846366882
2913	305.6642973423004
2914	156.79776334762573
2915	191.41234230995178
2916	255.05501985549927
2917	140.4340705871582
2918	138.42591762542725
2919	159.02303910255432
2920	207.3094117641449
2921	204.13457489013672
2922	273.46872186660767
2923	270.9176206588745
2924	109.74011301994324
2925	194.0002088546753
2926	346.833256483078
2927	159.5923788547516
2928	249.09477543830872
2929	309.569265127182
2930	200.80707478523254
2931	89.20251441001892
2932	215.0166380405426
2933	453.6436667442322
2934	157.23858094215393
2935	215.26522660255432
2936	212.0044629573822
2937	314.73536801338196
2938	334.54027009010315
2939	263.60337805747986
2940	219.57617139816284
2941	237.59136939048767
2942	261.8925952911377
2943	368.13425517082214
2944	127.37280917167664
2945	159.44332075119019
2946	238.68774271011353
2947	150.5441701412201
2948	162.76604104042053
2949	250.56601428985596
2950	223.43602991104126
2951	139.05347609519958
2952	172.87255597114563
2953	224.79337406158447
2954	155.773827791214
2955	262.6275143623352
2956	252.39192295074463
2957	193.34363174438477
2958	265.579439163208
2959	236.89795064926147
2960	414.7922525405884
2961	201.92492032051086
2962	181.3863434791565
2963	192.12152552604675
2964	274.96394896507263
2965	184.92464089393616
2966	328.7571897506714
2967	254.45072960853577
2968	132.86023497581482
2969	275.80148792266846
2970	191.4258975982666
2971	120.97581005096436
2972	485.36450362205505
2973	190.54979372024536
2974	153.1428186893463
2975	279.84847116470337
2976	142.4237151145935
2977	220.9691195487976
2978	80.573237657547
2979	252.84437823295593
2980	164.2103545665741
2981	377.8788995742798
2982	214.44709730148315
2983	175.7912540435791
2984	319.38051080703735
2985	216.4520754814148
2986	279.50453662872314
2987	104.38951659202576
2988	335.2599778175354
2989	248.4633913040161
2990	138.85388493537903
2991	178.51564192771912
2992	418.6555595397949
2993	293.0316746234894
2994	158.58789944648743
2995	251.8125250339508
2996	282.06358075141907
2997	224.5304660797119
2998	171.58605098724365
2999	192.32135391235352
3000	248.83283472061157
3001	284.6034359931946
3002	189.9684591293335
3003	134.00140714645386
3004	193.4563329219818
3005	232.5908341407776
3006	215.96776390075684
3007	286.13563895225525
3008	151.3046839237213
3009	282.0043432712555
3010	99.13837051391602
3011	242.7506558895111
3012	449.91525173187256
3013	197.8365216255188
3014	180.528804063797
3015	173.86064767837524
3016	170.73734307289124
3017	112.87764310836792
3018	144.5750858783722
3019	152.53197717666626
3020	327.9811923503876
3021	210.38819026947021
3022	305.0784983634949
3023	239.93393445014954
3024	186.13355660438538
3025	191.47953963279724
3026	307.82255506515503
3027	227.827876329422
3028	333.6412615776062
3029	382.15783619880676
3030	209.4845359325409
3031	302.56980323791504
3032	251.1887435913086
3033	258.5735549926758
3034	106.24848175048828
3035	214.2295274734497
3036	135.33881616592407
3037	266.10940313339233
3038	155.14843893051147
3039	131.7683925628662
3040	245.91193103790283
3041	174.86686825752258
3042	262.79509925842285
3043	245.21038508415222
3044	232.6672477722168
3045	168.40050172805786
3046	333.73485231399536
3047	171.22192239761353
3048	322.1226170063019
3049	278.73493003845215
3050	176.02946305274963
3051	155.28575730323792
3052	148.2961769104004
3053	159.77758121490479
3054	300.34719705581665
3055	274.073105096817
3056	197.8659999370575
3057	175.96675515174866
3058	140.77996683120728
3059	128.62039732933044
3060	220.26515197753906
3061	276.3679258823395
3062	130.50693559646606
3063	240.54310631752014
3064	220.16147208213806
3065	396.52319598197937
3066	255.6519374847412
3067	364.94763112068176
3068	237.74066066741943
3069	167.33024549484253
3070	315.2628126144409
3071	131.64702105522156
3072	172.87897062301636
3073	163.5058310031891
3074	342.8606083393097
3075	114.37022042274475
3076	214.50832867622375
3077	352.7742164134979
3078	147.60992288589478
3079	244.66441988945007
3080	229.4505639076233
3081	164.48442125320435
3082	239.24064111709595
3083	295.72283267974854
3084	261.28397369384766
3085	192.25917172431946
3086	244.95053339004517
3087	188.3835482597351
3088	212.40418004989624
3089	134.4841160774231
3090	297.5112347602844
3091	353.23406529426575
3092	188.60706639289856
3093	333.7671391963959
3094	191.83349752426147
3095	285.1385271549225
3096	105.60730957984924
3097	157.71001625061035
3098	224.05032300949097
3099	316.0609221458435
3100	152.8572416305542
3101	124.5561408996582
3102	389.9917469024658
3103	302.2110788822174
3104	132.25064539909363
3105	107.7574188709259
3106	139.22555017471313
3107	235.35393643379211
3108	316.20725202560425
3109	200.89466190338135
3110	261.41396260261536
3111	162.19481658935547
3112	46.445000648498535
3113	254.3276481628418
3114	406.21456027030945
3115	202.43727660179138
3116	256.05936574935913
3117	228.80376935005188
3118	220.24983620643616
3119	168.39988565444946
3120	136.88472270965576
3121	315.9959411621094
3122	227.46423149108887
3123	307.97568464279175
3124	190.85131096839905
3125	141.48115491867065
3126	283.84114813804626
3127	138.26882243156433
3128	320.74542021751404
3129	183.42725563049316
3130	336.1864309310913
3131	209.7527096271515
3132	297.3790328502655
3133	227.98852944374084
3134	183.17194509506226
3135	107.71851778030396
3136	171.17692804336548
3137	239.8489248752594
3138	139.57203340530396
3139	195.06257271766663
3140	269.17602801322937
3141	243.2090084552765
3142	266.44204664230347
3143	234.02156043052673
3144	231.43764185905457
3145	237.96588563919067
3146	360.3073961734772
3147	182.9289014339447
3148	386.1559340953827
3149	33.60231041908264
3150	189.10919666290283
3151	189.55572962760925
3152	221.74945092201233
3153	257.4375190734863
3154	307.6949863433838
3155	144.9465456008911
3156	360.74762296676636
3157	215.91264462471008
3158	189.85899233818054
3159	181.40790462493896
3160	188.0673532485962
3161	351.1014368534088
3162	262.6816885471344
3163	253.3370180130005
3164	296.2301695346832
3165	270.25037813186646
3166	195.51067566871643
3167	204.25041007995605
3168	232.38153719902039
3169	218.4683542251587
3170	135.07137513160706
3171	337.5219328403473
3172	244.28964686393738
3173	192.29493761062622
3174	110.39220261573792
3175	230.34506392478943
3176	96.42288374900818
3177	254.08849167823792
3178	95.57138466835022
3179	188.32818841934204
3180	277.87788939476013
3181	149.7800097465515
3182	299.22347927093506
3183	121.27214670181274
3184	413.1977288722992
3185	199.4110882282257
3186	309.70901107788086
3187	277.1541452407837
3188	93.49047255516052
3189	191.15432286262512
3190	329.50864696502686
3191	353.1651737689972
3192	114.37866401672363
3193	95.622633934021
3194	270.248117685318
3195	96.12826132774353
3196	185.0674512386322
3197	146.7173969745636
3198	264.73118925094604
3199	193.13993549346924
3200	233.92074918746948
3201	238.40487504005432
3202	193.21764278411865
3203	254.1161334514618
3204	116.29378890991211
3205	175.99362421035767
3206	297.52950501441956
3207	226.11247754096985
3208	130.0090479850769
3209	249.1080722808838
3210	369.3615016937256
3211	245.27114868164062
3212	166.5179626941681
3213	202.55900359153748
3214	323.16241335868835
3215	143.249192237854
3216	274.81557607650757
3217	215.19757890701294
3218	221.59755039215088
3219	248.2347273826599
3220	302.8750195503235
3221	170.39718174934387
3222	227.20549392700195
3223	135.65035152435303
3224	296.6531744003296
3225	166.15960502624512
3226	144.63546442985535
3227	334.70302534103394
3228	357.35826301574707
3229	288.71857810020447
3230	393.5375964641571
3231	204.5491452217102
3232	246.6585464477539
3233	253.81821703910828
3234	290.7261428833008
3235	254.67875361442566
3236	132.07379388809204
3237	178.44598269462585
3238	329.2906062602997
3239	165.94681644439697
3240	288.738450050354
3241	222.2898166179657
3242	330.6491632461548
3243	163.3212594985962
3244	274.93045687675476
3245	331.06725883483887
3246	293.98454332351685
3247	239.79895424842834
3248	186.9724245071411
3249	235.01418375968933
3250	177.12751293182373
3251	126.36467099189758
3252	119.60707449913025
3253	116.62007093429565
3254	217.94341564178467
3255	149.66339659690857
3256	168.84331226348877
3257	193.72489500045776
3258	284.9600965976715
3259	171.27359056472778
3260	188.58677077293396
3261	197.23724389076233
3262	128.11032962799072
3263	165.94730758666992
3264	249.75401306152344
3265	285.982791185379
3266	334.818235874176
3267	224.7633571624756
3268	439.07699632644653
3269	120.95297050476074
3270	308.4360659122467
3271	164.06523513793945
3272	184.87726211547852
3273	269.6095714569092
3274	213.22521257400513
3275	330.150057554245
3276	243.89573740959167
3277	179.41286516189575
3278	206.24595499038696
3279	144.2384214401245
3280	149.45916843414307
3281	324.75787448883057
3282	377.7975523471832
