Step	Time_elapsed
1	0.0
2	1582683938.67598
3	2215.200325012207
4	6799.0475153923035
5	2535.919958591461
6	2791.6241257190704
7	2791.6241257190704
8	7435.974063873291
9	1790.0231258869171
10	1790.0231258869171
11	1790.0231258869171
12	7735.159884214401
13	1471.1647815704346
14	1471.1647815704346
15	6992.995115280151
16	5024.13160777092
17	2056.3036687374115
18	1504.1645874977112
19	1232.6107971668243
20	1934.3084509372711
21	1682.7596385478973
22	2296.004380941391
23	1265.9233651161194
24	1226.5885634422302
25	1424.516101360321
26	1715.6774990558624
