Step	Time_elapsed
1	0.0
2	1582680750.4726298
3	1403.7057616710663
4	2061.371780872345
5	1792.196921825409
6	1421.67089509964
7	1782.6176164150238
8	1503.9929776191711
9	1486.42844414711
10	1546.5763692855835
11	1477.167516708374
12	1477.167516708374
13	2223.6497101783752
14	1401.7803220748901
15	1963.9410545825958
16	1515.3013379573822
17	1436.0086874961853
18	2194.2192871570587
19	1967.265053987503
20	1489.303787946701
21	1808.2460050582886
22	2030.770530462265
23	1501.4018342494965
24	1245.5589973926544
25	1995.7818639278412
26	1298.9542417526245
27	2071.7149612903595
28	1550.7485139369965
29	1245.7414782047272
30	1700.5581002235413
31	1785.0268638134003
32	1488.2301058769226
33	1675.8152751922607
34	1675.8152751922607
35	4311.350376844406
36	1353.8129799365997
37	1309.0246140956879
38	1309.0246140956879
39	5570.235592126846
40	1607.9848408699036
