Iteration_step	Porb	eccentricity	Wdisk	logQ	primary_mass	age	feh	secondary_mass	posterior_probability	acceptance_ratio	inital_orbital_period	initial_eccentricity	current_orbital_period	current_eccentricity	current_spin	delta_e	delta_p	bad_solution_flag	gsl_flag	
2	11.702947209656903	0.3018906958056238	3.850542983532611	7.958291443546225	1.098437410677585	2.2834878005027868	0.04540220593940078	0.7907650919467933	4.031159013635461	0.27301436875914514	11.720931280201537	0.3029548497556964	11.702947209617442	0.30189069580396166	11.702947209617442	-3.9461767187276564e-11	-1.6621148901663219e-12	False	False
3	11.703020099167832	0.3026444619680609	4.593275408044012	8.719264396828802	1.049917334491398	0.9976897483226851	-0.11526933332034847	0.7558354891003574	0.0	0.0	11.70252038536314	0.3026590483988757	11.70302009925351	0.3026444619700603	9.633932026474131	8.567901943479228e-11	1.9994006450474444e-12	False	False
4	11.703001677441403	0.30229283101963156	4.971570826317626	7.957737956609728	1.113543452939256	1.2304480595989722	-0.12085561173304299	0.8016399317709704	0.0	0.0	11.69701925829357	0.3023845435968468	11.703001677830832	0.30229283103156634	8.605869134440033	3.894289335448775e-10	1.193478649241797e-11	False	False
5	11.703017845820565	0.30464857000801737	3.5919609276067996	8.258222268355713	1.014339380883813	2.0846667592831456	-0.17428325123830657	0.730222920298257	0.3196620577267282	0.02164943992814771	11.711473865891318	0.30501300309761503	11.703017845830134	0.30464857000927964	12.761709794906945	9.56923429384915e-12	1.2622680678475717e-12	False	False
6	11.702990848504582	0.30163580532290796	4.690777275680795	7.818522599108895	1.1609096831096009	1.7306743853890787	0.08120644694861182	0.8357388808706017	0.0	0.0	11.711125883885611	0.30256857015912075	11.702990849321935	0.30163580536287593	9.633625849387357	8.173532961563978e-10	3.9967973375354404e-11	False	False
7	11.702985128222648	0.3004422474961875	4.221688860050054	9.394608422453054	1.0348991961061194	1.0773303807519226	-0.2739630714885694	0.7450239312767953	0.9282887228891745	0.06286930355477643	11.702869924458748	0.3004452307137823	11.702985128286764	0.30044224749798293	9.594056705416037	6.411582376131264e-11	1.7954526754238032e-12	False	False
8	11.703018407664818	0.3032049676994322	3.50198334291938	7.785736607235925	1.0966545560972587	2.2670836781927166	-0.2735297145439482	0.7894816149344165	1.4647707763160525	0.09920309953541649	11.718757163390901	0.30379651614335035	11.702965452168636	0.3024249320410417	9.498146165368741	-5.2955496181894546e-05	-0.000780035658390521	False	False
9	11.703059336257219	0.301884835916732	3.8243803199036597	7.590169264870112	0.9444641382746088	1.8688053050130036	-0.3945016142349146	0.6799197331438909	2.8215681689099754	0.19109359118313235	11.72259927173485	0.3030193003793459	11.703059336710783	0.301884835930531	11.703059336710787	4.5356429723142355e-10	1.3799017484217302e-11	False	False
10	11.702999615147776	0.3007344747171251	3.6545487963256957	7.69173675428272	0.9660534364399972	3.4985961596004946	-0.33588673279738734	0.695461868893154	6.019508088212774	0.4076773442538759	11.756493375448258	0.30329420108962235	11.702999615668402	0.30073447472385284	11.702999615668402	5.206253206324618e-10	6.727729484623524e-12	False	False
11	11.702991030306668	0.3013383088375111	4.334582449610499	7.382159517719116	1.0991834590158798	2.4078507142693972	-0.05159255043324343	0.7913021721455318	0.901618968226708	0.06106306713256989	11.768165583502007	0.30597988293510964	11.702891137180913	0.30133601455795117	7.801927424787276	-9.98931257552016e-05	-2.2942795599445454e-06	False	False
17	11.702993702008467	0.3038276279134472	3.777212324279949	7.96488471086011	0.9844410243659925	3.071101999802501	-0.12765616063274798	0.708699093441078	2.1511955255043733	0.2952279677846062	11.732918533804726	0.3049861286338375	11.702993702078258	0.30382762791244017	11.70299370207826	6.979128386319644e-11	-1.0070277944862482e-12	False	False
18	11.703058758640042	0.3032101134076322	2.9827941706149383	8.41656533222101	0.948791635411981	3.57900706250418	-0.16016604125763328	0.6830350983330851	2.5584505075525343	0.35111924279646023	11.71576088738116	0.3036509569247184	11.703058758696335	0.3032101134090437	16.431430727248166	5.629274824059394e-11	1.4114820423571928e-12	False	False
20	11.702970975954809	0.30412464308570375	3.3484846891931688	9.46947626524916	1.005300329415152	0.6870421887596151	-0.0842002549474831	0.7237157071459679	0.12737812862856707	0.03191851854674826	11.702861064974798	0.3041244422102338	11.702970975958698	0.30412464308582143	8.448018438275733	3.888445121447148e-12	1.176836406102666e-13	False	False
21	11.702952862308642	0.3033087640634473	3.9944877055204944	7.692590982717228	1.0727426072831863	2.390125052339264	0.047885584635788736	0.7722674029831658	1.456059627522965	0.3648606454392526	11.737253118099993	0.30529314293277915	11.702952862783478	0.3033087640830296	10.67325499961199	4.748361703832416e-10	1.9582280241792205e-11	False	False
22	11.703036410023314	0.3034508616521845	3.4746152852478955	7.315115418739545	0.914095309582966	2.8559673713740055	-0.39720282440362636	0.6580572133687772	1.8151305549484618	0.45483694027122473	11.728971518727272	0.30353012045447675	11.659452975425635	0.2997646142484971	10.756842254536586	-0.04358343459767866	-0.0036862474036873927	False	False
23	11.702974120853257	0.30384134107125954	3.6183612152079463	8.794295799022693	0.9434876982471873	2.4379094253433076	-0.2495320673231721	0.67921679396815	1.0934167404698858	0.2739892859611851	11.705803315529332	0.3039471318728867	11.702974120890373	0.3038413410721323	18.444837704199013	3.711519980242883e-11	8.727463196578356e-13	False	False
25	11.70302394148379	0.303921249432004	4.07897009175783	8.142519457372355	0.9923550991322834	1.868487714608767	-0.32346751570048304	0.7143964358653307	1.3858336273623355	0.1953904454914332	11.710270334551694	0.3042759132337043	11.70302394143619	0.30392124943031723	12.14814716218837	-4.760103422540851e-11	-1.6867618413130003e-12	False	False
28	11.702978035429403	0.30225901177893993	4.029881775437692	8.058189795981312	1.0540598176145328	0.6977037978485411	-0.1245631733751239	0.7588176627007022	0.5841384092022536	0.0794895965474626	11.698114223876516	0.3022039389720132	11.702978035238726	0.3022590117698239	7.377828843207749	-1.9067769585490169e-10	-9.11604125519716e-12	False	False
29	11.702974958326894	0.3019648249886992	3.183786630981401	8.878145442750121	1.1256296439843179	0.5128868744449524	-0.060778049467813955	0.8103407807043104	0.04177299346649668	0.00568447194178924	11.701901341994796	0.30194182287794635	11.70297495836265	0.3019648249892443	4.62085357461353	3.575628682028764e-11	5.451195050909519e-13	False	False
30	11.703014282104807	0.3016162211974527	4.55459211431354	8.582102536163818	1.04737418911133	0.8722432979992776	-0.216556407233794	0.7540046787412464	0.0	0.0	11.701615542124792	0.3016078668528086	11.703014281855058	0.30161622118930836	8.00106370338794	-2.497486661923176e-10	-8.144318552893992e-12	False	False
31	11.70294540001225	0.30076576609920797	2.959904997856002	7.105853025890389	1.0785162611882475	0.31486672495543555	0.0009846743966581695	0.7764238564294194	0.006729703435421204	0.0009157785253263239	11.665015649569998	0.2998974818489142	11.702944488128852	0.3007657329132043	4.337498771953315	-9.11883399012936e-07	-3.318600366730706e-08	False	False
32	11.703045583187288	0.3014252030431919	4.765573900932888	7.7717713424887584	1.129473936842815	0.7186333295452134	-0.048117992131325754	0.8131082871331425	0.0	0.0	11.686969242456385	0.30114547234759054	11.703045583120584	0.301425203039554	5.991424480832159	-6.67039756763188e-11	-3.6379232959404817e-12	False	False
33	11.702974706685696	0.30259454411804176	3.8884105890913654	7.231807884903187	1.0050736171094474	0.9349912180648353	-0.15348511460447378	0.7235524969570912	1.0458043876687595	0.14231313595160716	11.697137010875407	0.3032822845890757	11.702974707294343	0.30259454413598447	8.473994014615867	6.08647354738423e-10	1.7942702879025774e-11	False	False
36	11.702957198090248	0.3030919429606509	3.5262946863344946	9.059864256719221	1.035764145630758	2.6590770811863047	0.05614478725763644	0.7456466084395826	3.511392221162006	0.38860018090892395	11.70517218153605	0.3031763117289617	11.702957198097913	0.30309194296024444	17.897172654970984	7.66497976201208e-12	-4.064526493152698e-13	False	False
37	11.7029519244095	0.3028781330737573	3.1380800520007743	9.20398898570594	0.9746102473120698	2.093912448906115	-0.16753149808834508	0.701621917039959	2.6053083816340323	0.2883253264403158	11.703858197887348	0.30291438409933313	11.702951924414732	0.30287813307426026	17.7666020834058	5.231370892033738e-12	5.029310301551959e-13	False	False
38	11.703101430578489	0.30220182210240903	3.647190835656971	8.2698526088154	1.014339380883813	2.0846667592831456	-0.17428325123830657	0.730222920298257	0.26430774441942206	0.02925051684002073	11.711119240120157	0.3025490123178573	11.703101430641254	0.3022018221049533	12.87130042138951	6.276579256336845e-11	2.54424259438224e-12	False	False
40	11.702969661768549	0.3005486983281046	4.6343187738886895	8.994504715660533	0.9626625142038114	1.6801623452361818	-0.28099205755407386	0.6930207439753239	0.0	0.0	11.703743524331077	0.30058547943129604	11.702969661722591	0.3005486983268476	15.440928284860313	-4.595790414896328e-11	-1.2569945084806022e-12	False	False
42	11.703072580362493	0.30231001205296865	4.345428451214664	8.815433888586336	1.1110894245364007	1.0025881323955808	-0.11604884436016114	0.7998732767237549	0.1288303769608244	0.04513380351221511	11.701795714823215	0.30230008202215747	11.70307258037549	0.3023100120529077	7.801954231403919	1.2997602993891633e-11	-6.09512440519211e-14	False	False
46	11.703048495760122	0.30079499389731235	3.855777412609546	10.682415544148574	1.054338594962474	1.041821737496451	-0.2746587633827481	0.759018354513485	0.3630909194324678	0.17226202904115762	11.703038204031884	0.30079502415715603	11.703048495763177	0.30079499389739706	8.583314981885122	3.055333763768431e-12	8.471001677889944e-14	False	False
48	11.703088442259714	0.30118882740688213	2.599807848704258	9.993802610130027	1.0531658653334597	0.6602823130556263	-0.3298599780108962	0.7581741064535577	0.007663202353299779	0.003357087568068519	11.703020095540557	0.3011876333171483	11.703088442259174	0.3011888274068789	5.765805315690197	-5.400124791776761e-13	-3.219646771412954e-15	False	False
50	11.703002206857992	0.30018753245412727	3.8352245306678743	10.494923787048041	1.0420880671836807	1.211473044820984	-0.2870185813559575	0.7501991995655317	0.9271045952807486	0.19136698711418537	11.702996107351472	0.3001879589983692	11.703002206854416	0.3001875324540327	10.237517713178718	-3.575806317712704e-12	-9.459100169806334e-14	False	False
54	11.702969927016396	0.29997361776863435	1.6828727984474132	11.544361992031755	1.103651047224613	1.137361183467949	-0.046454534725564454	0.7945183888969989	0.5281910597137832	0.09740435518100947	11.702969804532476	0.29997368165005245	11.70296992701657	0.29997361776863996	10.675573119607064	1.7408297026122455e-13	5.6066262743570405e-15	False	False
55	11.702922224695978	0.29799265647763856	1.159724565431611	12.0126257458178	1.051734798017593	1.475349823500751	-0.15719440204277976	0.7571438810928652	0.0	0.0	11.702922963477027	0.2979926992527098	11.702922224695982	0.2979926564776387	13.886324343181188	3.552713678800501e-15	1.1102230246251565e-16	False	False
57	11.70296848915636	0.30077810529380433	1.581337892873649	11.436928402326211	1.0124258389133103	0.4829083614064409	-0.15898850367455716	0.728845361433692	0.17386599578913078	0.07450258861850695	11.702967064920335	0.3007780867694469	11.702968489156307	0.30077810529380256	6.92153304130406	-5.3290705182007514e-14	-1.7763568394002505e-15	False	False
58	11.702973114214526	0.30024729144024337	1.5824866483341347	11.341272550904238	1.114807247991649	0.6382713269777516	-0.03824995281421831	0.8025497378291881	0.08782488297448124	0.037633472244061064	11.702970074246716	0.3002472571315342	11.7029731142142	0.30024729144023093	6.954335888095439	-3.2507330161024584e-13	-1.2434497875801753e-14	False	False
61	11.702974034482834	0.30169302458065933	0.8735912103925539	11.110845248280068	0.9397319015000277	0.18025705408005277	-0.2647010850200619	0.6765129958898699	0.04950526782662395	0.011534201908759947	11.702972531611127	0.3016929953128202	11.702974034482843	0.3016930245806596	4.625858985984112	8.881784197001252e-15	2.7755575615628914e-16	False	False
63	11.702997532849952	0.30379806720598507	1.925606461065501	11.041183718428655	0.9709981107702556	1.1726926613058493	-0.2815593343897963	0.6990215399435069	2.5444890263343387	0.4126286785882158	11.703000162261327	0.3037982632936462	11.702997532850006	0.3037980672059844	13.080691074384823	5.3290705182007514e-14	-6.661338147750939e-16	False	False
65	11.702943838982025	0.29946253545621593	3.3913713407499837	9.974134203093563	0.9516353915263335	1.324890734279268	-0.340721521855212	0.6850823183598075	0.19228609701503824	0.05847060118652826	11.702982194866717	0.29946495401064194	11.702943838979909	0.2994625354561336	13.996397883213657	-2.1156409957256983e-12	-8.232303727595536e-14	False	False
67	11.70297662359926	0.3053628638560918	3.021757725565271	9.925407111925075	0.9025981390089635	1.6141167328122714	-0.3897109031411147	0.6497804002725528	0.03480928446744043	0.008616623210644327	11.70306312536835	0.3053665638100472	11.702976623595694	0.30536286385600847	17.264611230760952	-3.566924533515703e-12	-8.3322237998118e-14	False	False
69	11.702980733994085	0.30444457026048627	3.3578756328102015	9.543098354688183	1.1230114559211781	0.6683455321576933	-0.014990789675438404	0.8084559471176561	0.011625526794451559	0.0453988068632316	11.702739917886806	0.3044405987226506	11.702980733985813	0.3044445702601132	6.177285494151472	-8.272493801086966e-12	-3.7309044742528386e-13	False	False
70	11.702948199897591	0.304972760438976	3.8937200055802035	9.798881217396767	1.013794605783278	0.42725348139834973	-0.16189662580158037	0.7298307367033818	0.00041004611086694655	0.0016012697335274567	11.70287407520003	0.30497123689393507	11.702948199897012	0.304972760438979	5.107658117366131	-5.790923296444817e-13	2.9976021664879227e-15	False	False
72	11.70294300189992	0.3033998058562301	5.01691023319801	8.689894767306773	0.9998975330947298	2.0591599257038107	-0.2733132133963893	0.719826234074896	0.0	0.0	11.705652223917886	0.30351877852018616	11.702943001869663	0.30339980585481313	15.100519586082202	-3.0256686045504466e-11	-1.4169776463290873e-12	False	False
73	11.70290775869696	0.30291439720546987	4.012848539324354	9.00338659838277	0.9786434020030755	0.9572963576041709	-0.35968081939762464	0.704525385102014	0.1373656374406675	0.4285677908527537	11.70275426475765	0.3029212634509089	11.702907758619695	0.30291439720432983	10.010680706923253	-7.72644170865533e-11	-1.140032512836342e-12	False	False
74	11.702953631968612	0.3061370365762944	3.7819443210959816	8.760155428831306	0.9834467896943262	1.8595870616359687	-0.2676108936955971	0.7079833439009454	0.0012759471533120626	0.003980834384261518	11.704896220222203	0.30622292820165126	11.702953631987183	0.3061370365770046	15.300556197665008	1.857181075592962e-11	7.102096688527126e-13	False	False
75	11.702949247652647	0.30506107798719195	4.617286677752665	9.053682052178967	0.9873793307103421	2.0634533246135542	-0.2527328370205726	0.7108143801783753	0.0	0.0	11.704170204297396	0.30511229863227984	11.702949247573537	0.3050610779852516	16.679145109224205	-7.911005184269015e-11	-1.940336780137386e-12	False	False
76	11.702979796550364	0.3056554993988301	4.565415226619363	9.535148954013941	1.0848796323982688	1.7447408122775794	-0.1634931241829262	0.7810048473635137	0.0	0.0	11.703154575125719	0.305669652943154	11.702979784915112	0.3056554994466309	12.822876828436819	-1.1635252761266202e-08	4.780081885868981e-11	False	False
77	11.702987303792742	0.3048462378224454	4.180196038781716	9.16087946505962	1.1014251754067648	1.7830505689411902	-0.2515556627105614	0.7929159837753299	0.08750356455059179	0.27300284153951093	11.702915036695074	0.30487064041330353	11.702987297020414	0.30484623765034563	10.49012440782423	-6.772328475790346e-09	-1.7209977887233663e-10	False	False
78	11.702973951970812	0.30497559998492246	3.491625349431751	8.748074860185298	1.066326650800186	1.5432176405876477	-0.19314909623976903	0.767648555911054	0.08494529960937164	0.26502129699385746	11.703654673965024	0.30504425225250836	11.70297395212745	0.3049755999868535	11.98404722992457	1.5663914609831409e-10	1.9310109067305348e-12	False	False
79	11.7029167079338	0.3038457165507424	4.744821889594639	8.617084064051117	1.0049663747215185	0.3711737089150241	-0.35238716007055365	0.7234752931620212	0.0	0.0	11.701860944400833	0.30382172156779014	11.702916707911658	0.30384571654986176	3.6101467303300034	-2.2142288003124122e-11	-8.806289031326742e-13	False	False
80	11.702977890762499	0.30383388283060103	4.533001215238189	9.051360652245112	0.9331090671964287	2.531047895431998	-0.37590705074657005	0.671745217474709	0.0	0.0	11.704563926804218	0.30389282234722376	11.702977890778271	0.30383388283030266	19.91073965151164	1.5772272377034824e-11	-2.983724378680108e-13	False	False
81	11.7029467620026	0.30683871383673533	5.3945221132683185	9.060986022554163	1.0496449598944413	0.8899752108008967	-0.15677698595852047	0.7556394066280082	0.0	0.0	11.702526550669422	0.3068377355415705	11.702946762085025	0.30683871383825384	8.366333197263993	8.242473370501102e-11	1.5185075419310579e-12	False	False
83	11.70297481869664	0.3047353873380688	3.4709669553056886	8.76156474317231	1.0362822072673845	2.422252732213631	-0.2778373143720487	0.7460195610117901	0.3083786021726267	0.5906797169010866	11.706690740195684	0.30489105072832634	11.702974818637927	0.30473538733614536	15.152933373622117	-5.871392261269648e-11	-1.9234613901630837e-12	False	False
85	11.702982617603716	0.30174156864551555	2.8791757657098938	10.016860861852848	1.033740956642106	0.7283972690564686	-0.12746167462369268	0.7441901146866522	1.2547430468581275	0.45351820903324863	11.702944818431709	0.3017414684361091	11.70298261760919	0.3017415686457423	8.289261644643013	5.472955422192172e-12	2.2676305277968822e-13	False	False
87	11.702910582676616	0.30255692306852733	2.5191102194326707	9.602828085107122	0.8753704386523913	3.3568065503449986	-0.3346613456311713	0.6301791787858565	0.0003338591027027071	0.0007268787202936947	11.703491595373562	0.3025766806860035	11.702910582677925	0.302556923068671	26.676588126797178	1.3091749906379846e-12	1.4366285938649526e-13	False	False
89	11.702951862286145	0.3031759361080736	1.541246526156991	9.354793776307623	0.8665784420549197	4.394499483431766	-0.28303835521996035	0.6238498204353367	3.415523570024839e-05	0.00039682702516005854	11.704424845598433	0.3032243094753967	11.702951862288344	0.30317593610816085	29.45288030898791	2.19912976717751e-12	8.72635297355373e-14	False	False
92	11.703047560775913	0.3008289622007697	1.714451280580941	9.047170934362459	1.1785077490703868	0.9643632645796434	-0.16253887336098108	0.8484077285557714	0.03497966675297842	0.0027183231573957257	11.701763605755733	0.3008094317297415	11.703047514279074	0.30082895987658825	5.789378812733476	-4.649683837953944e-08	-2.3241814584018528e-09	False	False
93	11.7029306591789	0.30290587440542804	0.7388006611857592	10.024207095185528	0.9998975330947298	2.0591599257038107	-0.2733132133963893	0.719826234074896	0.8489764926229308	0.06597525574725528	11.703106508783454	0.3029128247052659	11.702930659175157	0.30290587440529954	18.307547905799506	-3.742783860616328e-12	-1.2850831510036187e-13	False	False
94	11.702974606695815	0.3034652006214301	1.298535186406885	9.04657270587352	0.9538347168339409	2.816161923690037	-0.28137741153856655	0.686665612648754	0.6921757710854425	0.053790032958778586	11.705227070277575	0.30354567999634613	11.702974606717595	0.303465200622019	20.660475167169015	2.177991120788647e-11	5.88862292261183e-13	False	False
95	11.70296182680216	0.3009608138982151	1.3164110795408877	9.359257284838161	1.0974174137302004	1.03578199936172	0.008130833986106064	0.7900307961443712	2.0086365620804205	0.15609420524368	11.702958550786763	0.30096996123366626	11.702961826800571	0.3009608138981313	10.600218643131106	-1.588063014423824e-12	-8.382183835919932e-14	False	False
99	11.703037922819854	0.30010949081420385	1.7119351231937958	8.90659935391534	1.0380731665645828	1.2571591970802523	-0.31149965411179004	0.7473088726098431	0.790758730687352	0.17943038532159022	11.703177745601025	0.3001401940973804	11.703037922821226	0.3001094908127904	11.347215434954068	1.3713474800169934e-12	-1.4134249326502868e-12	False	False
102	11.703087321586622	0.30234740659537646	1.9549107685281983	10.68595247886198	1.1814007166142693	0.22379439816688507	-0.03522494395201475	0.8504903758906124	0.0004517237729197097	5.4876716871408665e-05	11.70307553783291	0.3023471085938052	11.703087321586835	0.30234740659539405	2.9688346852428267	2.1316282072803006e-13	1.759703494030873e-14	False	False
103	11.703034801590885	0.30173139057630133	2.589158444586454	9.721125081611794	1.0032775122031712	0.7699283014996157	-0.1289324055579566	0.7222594810350629	1.8199804835419404	0.22109651892191293	11.702994223714006	0.3017321566433907	11.7030348015842	0.30173139057604725	9.378790385204702	-6.6844307866631425e-12	-2.5407453918546707e-13	False	False
104	11.702956061522537	0.30146694494095355	2.638861608616959	9.771236331066149	0.9274565317476796	1.9490811340974044	-0.4289833916987673	0.6676759572051545	3.5656866316820484	0.43316997570053045	11.703142253429089	0.30147445447488963	11.70295606152185	0.3014669449408888	18.565320958179484	-6.874500968478969e-13	-6.472600233564663e-14	False	False
106	11.703006881148333	0.298427884060518	1.8134264725235196	10.274023737433307	0.9681566140805131	1.5100994059119561	-0.2839316473848998	0.6969759464765614	0.024074194429027005	0.0031309057404796383	11.703043614723269	0.29842968374179696	11.703006881147006	0.2984278840605255	15.45957360959855	-1.326938559031987e-12	7.494005416219807e-15	False	False
107	11.703005179777731	0.3005229715035394	2.7718193161146285	9.502467615429463	0.9992611392147016	0.9188822018429035	-0.2365400204955382	0.7193680941206637	1.6032370455185496	0.2085047574057711	11.702967108099669	0.3005257145829369	11.703005179776083	0.3005229715035096	10.256027656769717	-1.6484591469634324e-12	-2.980948821118545e-14	False	False
108	11.70295358818902	0.3010617551399036	2.4833791901632702	9.737851187052843	0.9998975330947298	2.0591599257038107	-0.2733132133963893	0.719826234074896	3.0247132603457696	0.39337109027843803	11.703220027815881	0.30107296124733524	11.702953588190965	0.3010617551399708	17.400592485464966	1.9451107391432743e-12	6.722400414105323e-14	False	False
109	11.703002881603242	0.3002429420790645	1.8647232640658777	9.985671728738845	0.9605298564984807	3.022421529400831	-0.4028164744975864	0.6914854436932563	0.08251940295343903	0.010731842893831637	11.703287659538098	0.30025312826287365	11.70300288160298	0.30024294207906377	23.230640961720646	-2.611244553918368e-13	-7.216449660063518e-16	False	False
111	11.70306053865116	0.29798230697015016	2.3810107580685957	9.896700941786552	0.9361664539649821	1.8817183714693988	-0.25967788999075	0.6739462302093906	0.0006007656332311967	0.00021216689992028016	11.703192501141938	0.2979876924863485	11.703060538650654	0.29798230697015854	18.271523164621588	-5.062616992290714e-13	8.382183835919932e-15	False	False
