Iteration_step	Porb	eccentricity	Wdisk	logQ	primary_mass	age	feh	secondary_mass	posterior_probability	acceptance_ratio	inital_orbital_period	initial_eccentricity	current_orbital_period	current_eccentricity	current_spin	delta_e	delta_p	bad_solution_flag	gsl_flag	
1	17.031	0.142	4.1	7.378937893789379	0.9026069054396175	5.973003053398489	-0.1457467700777285	0.648793843629997	73.62292450415055	0.0	17.050846290225934	0.14242318662051212	17.030999999887918	0.14199999999482762	17.030999999887918	-1.120810111387982e-10	-5.1723625382749105e-12	False	False
2	17.031017242853924	0.14229979977951257	3.7754208565213543	7.387639668898112	0.9147104730188066	5.827863201472233	-0.08536215218171195	0.6574938880059181	68.09970832163596	0.9249796687687514	17.049755538754486	0.14271499527591142	17.031017242897477	0.1422997997821164	17.031017242897477	4.355271698841534e-11	2.6038338152289953e-12	False	False
4	17.030948603002177	0.14195098967150682	3.5448148808748376	7.308215208619125	1.046693484825733	6.13252468358646	0.0016814446100136826	0.7523632768927369	54.85929910151437	0.8055731875151808	17.053403360258084	0.14303428172813593	17.030948606046437	0.14195098980895837	17.03094860604644	3.0442599552316096e-09	1.3745155014177612e-10	False	False
5	17.031021501889303	0.1408439340671672	3.1017764697841144	7.347796291520327	1.0031839658288224	5.86054731365156	0.06653785120374152	0.7210886346377575	39.39436634779841	0.7180982439258132	17.049867970748657	0.14149655176213735	17.031021501883757	0.14084393406673743	17.03102150188376	-5.545786052607582e-12	-4.297673328323981e-13	False	False
9	17.031117383695875	0.1416213168609231	3.354016321229508	6.7679732420078835	1.0031839658288224	5.86054731365156	0.06653785120374152	0.7210886346377575	13.296425765038094	0.33752099596294627	17.05657585875885	0.144287168681393	17.031117384537772	0.1416213168978259	17.031117384537776	8.418972186063911e-10	3.6902786382242425e-11	False	False
11	17.031169135470726	0.14200591264650128	3.4868033990372487	6.916060965011372	0.9147104730188066	5.827863201472233	-0.08536215218171195	0.6574938880059181	1.9909397136211813	0.14973495500243386	17.05884140989277	0.14329758537638476	17.031169135840894	0.1420059126609528	17.031169135840898	3.701678963352606e-10	1.4451523311365122e-11	False	False
12	17.031101052989097	0.1415782284246229	3.559561894859855	6.48469385786925	0.8584823745411438	5.740222693270642	-0.07983089452201128	0.6170771308201742	18.725685043294032	9.4054505594422	17.065167012682807	0.14431329119363775	17.031101053168666	0.14157822843353893	17.031101053168673	1.7956836018129252e-10	8.916034577310938e-12	False	False
16	17.031043374875196	0.1404151584056534	3.3577563020980814	6.580330479280318	0.9147104730188066	5.827863201472233	-0.08536215218171195	0.6574938880059181	16.60872620886186	0.886948924456556	17.062425863906338	0.14328279101403898	17.031043375199616	0.1404151584302831	17.03104337519962	3.2441960229334654e-10	2.4629687178645554e-11	False	False
18	17.03106423034067	0.14050345323711097	3.7831364448689326	6.011626435677777	1.0806488150027178	7.019216816791017	0.13736351405458308	0.7767703682239535	17.1490662961802	1.0325335056116485	17.26937220253794	0.17604155638374794	17.031065378814766	0.1405035418648267	17.03106537881477	1.1484740944922578e-06	8.862771572193395e-08	False	False
19	17.031080792604758	0.141343589940075	3.602523586894211	6.775951720800353	1.1529666542159853	6.2817701610790095	0.06209645891518256	0.8287524310504503	28.856023421190564	1.6826585729403811	17.085094361304243	0.15007540627349028	17.03108079275258	0.14134358991797083	17.031080792752583	1.4782131074753124e-10	-2.2104179597803864e-11	False	False
22	17.03107175429334	0.14112318486891703	3.2654685004098174	6.670968275750836	0.9458702312848828	6.500556860820132	-0.13878611731852786	0.6798915222475738	26.01011365129105	0.9013755385362764	17.068845233749595	0.14445818454324477	17.03107175442841	0.14112318487298706	17.031071754428414	1.3507062135431624e-10	4.070022097124593e-12	False	False
23	17.031067169817415	0.1417779839613795	3.340422756721875	5.776828059718912	0.9568144071463678	6.676081631978171	0.05631318285674397	0.6877581958568092	43.82234427397111	1.6848194076151577	17.22120180853272	0.17131272838273734	17.031067170371674	0.14177798397344415	17.031067170371678	5.542588610296661e-10	1.2064654830723498e-11	False	False
24	17.03108656468703	0.14154456445531458	3.857307873893032	5.998677139069307	0.9889150852474735	6.184031246699836	0.13195233064596168	0.7108321632758839	30.606983652692108	0.6984332800943183	17.124486049458433	0.15827403331736883	17.0310865650989	0.14154456446125105	17.031086565098903	4.1186964949702087e-10	5.9364735349731745e-12	False	False
25	17.030991575298874	0.14191948580600117	3.6478662975993648	5.460086594626008	1.1100168503240389	6.949471393856152	0.14117522010452466	0.7978801120129191	88.35489356328077	2.8867559954902418	17.26728887885666	0.13918462220937136	17.03204693497394	0.056938516209535495	17.032046934973945	0.0010553596750675354	-0.08498096959646567	False	False
26	17.030983998569283	0.14156824764109724	4.175877523777802	5.787163689536158	0.8577730604821981	6.838843275382938	-0.10462078269679785	0.616567275874604	64.76297097588895	0.7329868031531833	17.158602463051817	0.16062017865610137	17.030983998574353	0.1415682476658975	17.030983998574353	5.069722419648315e-12	2.480027294637921e-11	False	False
31	17.03095081209936	0.14172008552927814	4.032660276744933	5.470564541649366	0.7504866983163097	7.070362651928968	-0.22705848756030494	0.5394498387497634	54.396890876383345	0.8399381630690652	17.22342687167615	0.1689026638368334	17.030950812765646	0.14172008556374308	17.03095081276565	6.662865814632823e-10	3.446493090919489e-11	False	False
32	17.030979495969746	0.1426587863414744	3.842222800667289	5.359664249601386	0.8487438074981217	7.111939462429367	-0.2285291763881852	0.6100770488296499	58.17114699547732	1.0693836735572066	17.516880112001935	0.20453042062509097	17.03097584370718	0.14265342041464443	17.030975843707186	-3.6522625670443176e-06	-5.365926829953294e-06	False	False
37	17.030998223190572	0.1414395370058187	3.9700622544103275	5.436476883501321	0.8744627400878862	7.038618888885651	-0.18240949302545498	0.6285638175751725	63.57984036484906	1.0929789706534796	17.450930588793064	0.1972608394575341	17.030998223324367	0.14143953702928713	17.030998223324364	1.3379519714362686e-10	2.3468421650463256e-11	False	False
39	17.03097234626484	0.1416245293935841	3.8346559411055097	5.402813824079936	0.8759679156885221	6.577989621021562	-0.07304949085001086	0.6296457377969097	62.24400313843222	0.9789896102482922	17.410041064879227	0.1947922296430238	17.03097233300748	0.1416245284066403	17.030972333007487	-1.3257359654517131e-08	-9.86943804459628e-10	False	False
40	17.030983473397136	0.1414827436219746	3.708465991150117	5.41758243090587	0.8829122037398842	6.655376481461004	-0.0852965056032945	0.6346372920482287	62.008170092094154	0.9962111523287863	17.423360441043553	0.1957563279772162	17.03098311116977	0.14148271817421376	17.030983111169768	-3.6222736454760707e-07	-2.544776084301148e-08	False	False
42	17.03092749902484	0.14104964261977224	3.9385253048899065	5.294323796990555	0.9481185372811395	6.240875416797511	-0.051194969694318734	0.681507604597683	23.729384676613932	0.382681582787739	17.37647789987383	0.17396654443359802	17.022061945457384	0.10415208988846548	17.022061945457384	-0.008865553567456885	-0.03689755273130675	False	False
45	17.030976753112387	0.14169682751744792	4.086563251921139	5.676861000164436	0.9659882255288867	7.098071398894123	-0.025299962199134496	0.6943523365101638	67.16974282513537	2.8306567464993435	17.377476782668133	0.1895525725391738	17.030976752229396	0.14169682750186985	17.0309767522294	-8.829914577290765e-10	-1.5578066614452268e-11	False	False
46	17.030938743815714	0.141694577127107	3.4450149837122	6.157774006506319	0.9375158742395503	6.565379792917659	-0.10536704856982107	0.6738864104033887	43.42746249990047	0.6465331066244551	17.106127201788485	0.1527163102789527	17.030938742958583	0.14169457710742114	17.030938742958583	-8.571312548610877e-10	-1.9685864049989732e-11	False	False
47	17.031026070779237	0.14206614613097307	3.8307972883897605	6.639586464745393	0.9010519933254971	5.969681653255243	-0.03734027928626193	0.6476761728023673	68.62992003319495	1.5803345644096114	17.062975320613468	0.1444557692996961	17.03102607041545	0.14206614611545088	17.03102607041545	-3.637872225681349e-10	-1.5522194640738007e-11	False	False
51	17.031018194958577	0.14256104986586612	3.198456542742867	7.069773833478475	1.019421956252698	5.108605041625636	0.2558378311070406	0.7327605021544393	96.06585244751399	1.3997663468214565	17.045715064289954	0.1435396570189361	17.031018195448144	0.14256104988018403	17.031018195448144	4.895674976523878e-10	1.4317907970351484e-11	False	False
55	17.030971674302204	0.14261975019488027	3.0176212687278796	6.526987477438221	1.197318842105116	5.293127442004622	0.18396221769994384	0.8606327837051574	75.98994380424048	0.7910193046562297	17.07936511024039	0.15418964791157033	17.030971673775227	0.1426197501709419	17.03097167377523	-5.269775726901571e-10	-2.3938379056787085e-11	False	False
56	17.031005084925805	0.14296613804392136	2.568211667203909	6.6380814374846	0.9365010975023984	4.874800075301423	-0.21874235636244427	0.673156988884724	47.830070091427594	0.6294263121794613	17.052528385215016	0.14528389976981074	17.031005085711346	0.14296613809528402	17.031005085711346	7.855405215195788e-10	5.136266412186785e-11	False	False
57	17.030973332781034	0.14287202739126761	2.180467148043426	5.79888137468937	0.819281933146628	3.971642815725426	-0.33269852297836333	0.5888998535457962	51.53790091796793	1.0775209155966694	17.065730039446432	0.15082059928508265	17.030974221799656	0.1428721048860003	17.030974221799656	8.890186222743068e-07	7.749473268647833e-08	False	False
58	17.031040209749577	0.14197299876443675	2.1371434391538946	5.828079187804947	0.8543437605041937	3.1650416847618668	-0.22486670854615326	0.6141022950504145	61.65964411547727	1.1963941685095005	17.041546856337373	0.14823254901167193	17.031040209929465	0.14197299875609554	17.031040209929465	1.7988810441238456e-10	-8.341216606311264e-12	False	False
59	17.031014216542218	0.14176250640268467	2.0412895016367516	6.1549446105840975	0.9018526144347544	2.8063505389552263	-0.04136152932517023	0.6482516592557015	76.18537991912187	1.2355793000757602	17.027867530222412	0.14452554987162863	17.031014216274833	0.1417625063870952	17.031014216274837	-2.673843368938833e-10	-1.5589474156030292e-11	False	False
60	17.03097862039803	0.14182016102640693	1.1622575181311576	5.50037364447499	0.8060933496982993	3.2273322559607363	-0.4322106964845615	0.5794198997631375	82.80556622308714	1.0868957575717708	17.072255365128044	0.15393726207735578	17.030978620542456	0.1418201610254415	17.030978620542456	1.4442491647059796e-10	-9.654221866384205e-13	False	False
61	17.030952290955867	0.14131305188746235	0.47665573770821623	5.451972135771649	0.7887649565582859	1.6463833550924882	-0.6164314278887513	0.566964250774096	73.95662825603613	0.8931359524405519	17.032674761461035	0.14720161506752516	17.03095228934053	0.14131305179388798	17.030952289340533	-1.6153371973359754e-09	-9.357437047441408e-11	False	False
69	17.030930825230232	0.14139073744461406	0.8339453332489615	5.477553686037978	0.7256722181537938	2.738689800197589	-0.7362228248577967	0.5216131904089469	76.19492859483921	1.0302650403565472	17.050634461057783	0.14841208402623043	17.030930824816814	0.14139073742373215	17.030930824816814	-4.134186326609779e-10	-2.0881907314418413e-11	False	False
71	17.03094772535473	0.14166586974440942	0.8323651456248319	5.456716641829699	0.7851376202357926	2.282919316996981	-0.608896566535723	0.5643569214254877	78.41769352467065	1.0291720849513597	17.03845958365684	0.1495134275976931	17.03094772461964	0.141665869708502	17.03094772461964	-7.350884345669328e-10	-3.590741592951474e-11	False	False
72	17.030920764868934	0.14164019228353075	0.6414930300375536	5.177500100213534	0.8151214409771254	2.944113025626742	-0.46427697960448455	0.5859092917743577	38.830108894007566	0.495170249833877	17.117612691889565	0.1450512746508756	17.03102507565103	0.12247345202288204	17.03102507565103	0.00010431078209549582	-0.019166740260648713	False	False
78	17.030987251501372	0.14163887458133337	1.224373497605162	5.416719855385806	0.7898986658630028	4.104352605188134	-0.5713457514162535	0.5677791610223264	112.79468718400305	2.904825415037917	17.128743244341138	0.16036006917972073	17.030987252486803	0.14163887461582908	17.030987252486803	9.854304039436101e-10	3.4495711842552623e-11	False	False
84	17.030982179887207	0.1416685030281416	1.7437796741336125	5.577352865790363	0.8423575793462198	4.842831673526782	-0.4754392616006012	0.6054866280340628	93.58672261767893	0.8297086055570154	17.14633583594169	0.16189753279733696	17.030982180082912	0.14166850304554085	17.030982180082916	1.957047857104044e-10	1.739924870847176e-11	False	False
86	17.031032681833477	0.14084108164359083	1.7760963270899988	5.650038109506594	0.7249066397471077	4.504382731190946	-0.524856669230941	0.521062892650221	50.70619535590152	0.5418097133612295	17.08523764853993	0.14947878720892155	17.0310326816336	0.14084108164404016	17.0310326816336	-1.9987567156931618e-10	4.493350136414165e-13	False	False
87	17.030932242271746	0.14216155500258368	2.7125588365419664	5.074670428564403	0.863413001472796	4.688238371310612	-0.4850296718121158	0.6206212654586457	57.744306208521024	1.1388017934143893	17.676001091362952	0.22519602392987076	17.030932243569257	0.14216155505874853	17.030932243569257	1.2975114316304825e-09	5.616485054815712e-11	False	False
93	17.03093627160406	0.14253808550250666	3.209558939677752	5.405515498555379	0.8774533040623644	4.188630892827714	-0.3854383608060919	0.6307134349600275	45.54262554615157	0.7886946529704963	17.179559062525396	0.17273721920794682	17.03093627195338	0.14253808551716513	17.030936271953376	3.4932057246805925e-10	1.465846888315525e-11	False	False
96	17.030953982995936	0.1437957095918217	2.394753511233161	5.344248106915841	0.7370231135671528	4.212367669478923	-0.5237087373276691	0.5297722140320694	17.074776808468222	0.37491858678997636	17.122411507116052	0.1620301134441912	17.030956400561692	0.1437975742605251	17.030956400561696	2.417565756474005e-06	1.8646687034162834e-06	False	False
97	17.030979288573704	0.14413558290309597	2.0985419027661223	5.1697098164093145	0.7249066397471077	4.504382731190946	-0.524856669230941	0.521062892650221	10.999764766228568	0.6442113352119041	17.198732145223268	0.17356902282181697	17.030979288696013	0.14413558292705353	17.030979288696013	1.2230927382006485e-10	2.3957558159537484e-11	False	False
100	17.03102630812727	0.1428065457714922	0.9707377067487992	5.03162937153533	0.8421651705114627	4.994665060472227	-0.3709718869370292	0.6053483245636394	57.89330039140262	5.263139859967405	17.885042797423516	0.23672918169167234	17.03102381036118	0.1428063530451156	17.031023810361184	-2.497766089959441e-06	-1.927263766077214e-07	False	False
