Iteration_step	Porb	eccentricity	Wdisk	logQ	primary_mass	age	feh	secondary_mass	posterior_probability	acceptance_ratio	inital_orbital_period	initial_eccentricity	current_orbital_period	current_eccentricity	current_spin	delta_e	delta_p	bad_solution_flag	gsl_flag	
1	7.217	0.036	4.1	8.216848427374744	0.9609697627982433	5.817115352585852	-0.3204599974675104	0.8778458783161952	23.35812699062463	0.0	7.317279561270682	0.037171358008722906	7.216999999966813	0.03600000165966935	7.216999999966815	-3.318678665209518e-11	1.6596693533377227e-09	False	False
7	7.217005108831837	0.03366710199650735	4.325373292931545	7.945478606733697	0.9302597110822334	6.562014698161903	-0.3579328027643653	0.8497922460736201	22.9241297908029	0.9814198629883327	7.383153709212995	0.035776051410465234	7.217005108829205	0.033667101964930134	7.217005108829204	-2.632560835991171e-12	-3.157721306656924e-11	False	False
8	7.217004303011664	0.026792202661591047	4.189329236400693	7.893360389561758	0.9943767101648099	6.828729319382968	-0.4466354470759648	0.9083631247355538	17.19618324542634	0.7501346137171759	7.38787821980674	0.031012616323648663	7.21700430305768	0.026792202648852733	7.217004303057681	4.601563574624379e-11	-1.273831387593738e-11	False	False
10	7.2170157680239395	0.03730828722959649	3.829677335450146	7.943474385223234	1.0051965159523029	7.933212859776128	-0.3475233467798835	0.9182470173224286	19.017510566017766	1.1059146262049657	7.440220304018806	0.04627566405715018	7.217015768505933	0.03730828736165814	7.2170157685059335	4.819931120891852e-10	1.3206165327961372e-10	False	False
11	7.217018820874345	0.02705756518432913	3.5292283879649946	7.990848345675615	0.9413667160540666	8.519300279177722	-0.30256478273044574	0.8599384951153899	12.11060993012844	0.6368136296329336	7.441307183774184	0.029726177463001217	7.217018820950054	0.027057565182696173	7.217018820950055	7.570921667365837e-11	-1.6329576579821037e-12	False	False
12	7.2170025496068275	0.03894858864361747	3.480322922101008	8.21031041379355	0.9379563587838187	7.537283302363236	-0.3993293750643504	0.8568231337490183	25.80633101375647	2.1308861537647408	7.359411112384619	0.040834954563072505	7.217002550117706	0.03894858107860586	7.217002550117707	5.108784506546726e-10	-7.565011610199956e-09	False	False
20	7.2169954574220405	0.040666459904617404	3.40448034338107	7.677632145142292	0.9941851853697603	7.016993531917564	-0.4117718026381504	0.908188166835276	22.879747192963233	0.8865943469750436	7.397896020865144	0.05227932541797512	7.216995457609682	0.04066645996312691	7.216995457609684	1.8764190201636666e-10	5.850950279828737e-11	False	False
21	7.2169965350693355	0.0309950726450512	3.70816649445008	7.143539571023617	0.9446449685090238	7.088294578654896	-0.33361204960883784	0.8629331787329932	21.805820635590845	0.9530621318358501	7.401329124293565	0.051616321016557276	7.216996535254235	0.0309950727237211	7.2169965352542365	1.8489920705633267e-10	7.866990045513056e-11	False	False
22	7.216991875272452	0.026777447534413863	3.805496840230989	7.20935241313839	1.0061976356722673	7.404247690547253	-0.21328575805108121	0.9191615401866161	15.683158638263954	0.7192189140850928	7.390474590480152	0.054285493322672365	7.21699187523656	0.02677744754161692	7.21699187523656	-3.589217811850176e-11	7.2030575948289766e-12	False	False
23	7.217007623254478	0.03475002888763743	4.0821554641676805	7.488729563119305	0.9771596442822659	7.092267785185572	-0.34912121333163193	0.8926353350518499	23.008838432667442	1.4671048711150705	7.4000746760313065	0.04718976543172283	7.217007623011045	0.03475002892105781	7.217007623011046	-2.4343282944983e-10	3.342037757647631e-11	False	False
26	7.2170055496597305	0.03406610652732129	3.9386831536314126	7.741962168406337	1.0507876197189694	6.906153677628689	-0.29075344860489527	0.9598944906132785	22.989450899788334	0.9991573875866945	7.380760971434291	0.04755965891314374	7.217005549505734	0.03406610653122014	7.217005549505735	-1.5399681529970621e-10	3.898853462303009e-12	False	False
29	7.217026563785001	0.04036988482926531	3.855755178387704	7.962528735733402	1.018460599219578	7.095011463473789	-0.21898657251505663	0.9303637573870845	7.840052006892229	0.34102824121668834	7.398494478009696	0.045703703651377506	7.21702656375699	0.040369884816674174	7.217026563756991	-2.801048282208285e-11	-1.2591136466788555e-11	False	False
34	7.2170207769711245	0.045803360787795434	4.19140759432865	8.16217974280394	1.0003935569582953	6.9018559592550055	-0.25902443034650097	0.9138595142814028	7.833229372547042	0.9991297718000864	7.375148623547223	0.048865311869204606	7.217020777106371	0.04580336079288594	7.217020777106371	1.3524648068141687e-10	5.090504406890517e-12	False	False
36	7.217020200197693	0.05109577892776464	3.6267114726936978	7.22987241269567	0.9664484036230585	6.790345763226572	-0.043849274836094576	0.8828506167096639	5.008999598955485	0.63945524390112	7.401290842793109	0.07314495945639776	7.21702019996128	0.05109577874643893	7.217020199961283	-2.3641266722052023e-10	-1.8132570445139606e-10	False	False
38	7.217039191027584	0.04789865877214297	3.5949636257122926	6.840461161305305	1.0072582583967864	7.056171220578161	-0.170940923116572	0.9201304190454643	1.2256070578446536	0.24468100538483303	7.737996023180776	0.20182494854596833	7.21704079512806	0.04789880338706537	7.217040795128061	1.6041004764488775e-06	1.4461492239825624e-07	False	False
39	7.217030156349197	0.05555888633061566	3.0730627755756705	6.756095842092496	1.1494359491470902	6.223958118310773	0.052395017932148936	1.050009739545867	1.2229640540788926	0.9978435145678674	7.323062172509906	0.11441140646901528	7.217247598156288	0.00513643781158457	7.217247598156288	0.00021744180709060146	-0.05042244851903109	False	False
40	7.217009252812472	0.03529049902252234	3.1451125388093146	7.311890635862773	1.1107885398471553	5.072252295403957	0.025305758192278358	1.0147053311503764	26.19600613917563	21.420094933947865	7.283770875799929	0.053683598192749496	7.21575399499252	0.03483733588018858	7.215753994992518	-0.0012552578199525044	-0.0004531631423337623	False	False
45	7.217028933564722	0.026091815169339408	3.743566869640819	7.588691182899603	1.0892009502659683	4.924621010518341	0.07943631735829462	0.994985068067962	5.718264293697182	0.21828763756264455	7.298810304194512	0.031043266994473	7.217028932529054	0.026091815191148466	7.217028932529055	-1.0356684398971083e-09	2.1809058031729833e-11	False	False
47	7.21701341603687	0.023963859245951884	2.9128735255839207	7.116580959074569	1.1606472422018397	4.4315917957184014	-0.06333058174836542	1.0602512557513806	9.935080914908173	1.737429472411563	7.200525535557155	0.05561246768335653	7.217013252544523	0.023963810826120688	7.217013252544523	-1.6349234766011023e-07	-4.8419831196605534e-08	False	False
49	7.217008530221777	0.0307794183607584	3.3425653831540316	6.777891770909247	0.9439339403609011	4.27701725059093	-0.3863941094753843	0.8622836545196831	21.12385430056582	2.1261884509534528	7.265352234951605	0.05396937402919347	7.217008670444538	0.030779433578941372	7.217008670444539	1.402227614022422e-07	1.5218182970733185e-08	False	False
51	7.217001433834312	0.04149557996702181	3.1676419615010705	7.098649806402612	0.8719946951722629	4.539008514511178	-0.4976003807415172	0.7965671540398621	26.57066989826106	1.2578514091317767	7.338122603872841	0.05053618832927262	7.2170014335678605	0.04149557981831995	7.217001433567863	-2.6645174955319817e-10	-1.4870185638393707e-10	False	False
52	7.217011599716424	0.03561175191096323	3.7969737744593983	7.4159349082765615	0.9857183007907733	3.652054028469322	-0.31629469839770025	0.9004536677723713	22.472404812704546	0.8457598133111154	7.277234964830341	0.04021929328580357	7.217011601728572	0.0356117531991456	7.217011601728571	2.0121477817269806e-09	1.2881823663324354e-09	False	False
53	7.217003128864303	0.02895896696676936	3.282681878510863	7.7090952294671276	1.0683617766837399	4.173160022216845	-0.1592508646555349	0.9759484830005963	19.527564180779564	0.868957476671115	7.2841486980188055	0.03233653840949732	7.21700312152934	0.028958963541358948	7.21700312152934	-7.334962859317784e-09	-3.425410413648855e-09	False	False
56	7.2170054466105755	0.02563626747241448	2.9514233050636034	7.439473761232572	0.9460920331277868	4.232018433347959	-0.5236941527738735	0.8642550722622332	18.77217767139082	0.9613169106809415	7.306716385877969	0.028971140151091826	7.217005446557345	0.025636267445092824	7.217005446557347	-5.3230309049467905e-11	-2.7321655354795027e-11	False	False
62	7.216986000716614	0.030554881247144693	2.92192331264024	7.508550369413451	0.9584031902660105	4.708217957095014	-0.35520917264651286	0.8755013143080006	16.01999299740904	0.8533902287651919	7.327438867302456	0.034571989883403695	7.21698600081581	0.030554881255315493	7.21698600081581	9.919620680420849e-11	8.170800841478254e-12	False	False
65	7.216980352345679	0.036855757388901476	3.9808715622083017	6.681260174175547	0.9418551815828815	4.341326865095856	-0.39470079172721945	0.8603847083759623	14.979008381443197	0.9350196584896008	7.269709595733465	0.0751492444762427	7.216980352734272	0.03685575741846984	7.216980352734272	3.885931576519397e-10	2.956836164802468e-11	False	False
66	7.216969877112332	0.03307464584216227	3.9506921680934184	6.737421987395528	0.9114367983931815	4.428219485506801	-0.34017152588798827	0.8325975153321713	6.125224521085572	0.4089205617024576	7.2838193430431675	0.05620005721080277	7.216969880181466	0.03307464702462846	7.216969880181467	3.0691342800537313e-09	1.1824661874659803e-09	False	False
69	7.216973917487361	0.0316178449679847	3.9561462939583456	7.886336550693392	0.9590974080081396	3.568542575551587	-0.6259491594418776	0.8761354822154355	14.934349120993774	2.4381717061282453	7.286242293027951	0.032730974850119256	7.216973917300305	0.03161784511161317	7.2169739173003045	-1.8705570425936457e-10	1.436284702283075e-10	False	False
72	7.217005865216322	0.038006963658338846	4.298081802577532	8.430388753693178	1.076107166478076	3.558444920794754	-0.31049773889177007	0.9830238965777224	25.985920239472755	1.7400102293673698	7.258084811065358	0.03864835457175726	7.217005879871295	0.038006963810214026	7.217005879871296	1.4654973234939916e-08	1.5187517909964754e-10	False	False
76	7.217004716628036	0.029334939565738866	4.231786966764205	8.156552073155046	1.081803272376859	2.8568134232361957	-0.12068442657169681	0.9882272893162606	24.257468500191898	0.9334850671689768	7.258117711127529	0.029961610357594877	7.217004716574969	0.029334939544513258	7.217004716574971	-5.306688422024308e-11	-2.1225608076713698e-11	False	False
78	7.217009709384747	0.029122457283459992	3.4886599428492246	7.869549953035523	0.9492083188203876	3.0625092404376066	-0.42233154227975367	0.867101799242424	23.002980190653474	0.9482844506413148	7.280477706791903	0.02991387799698029	7.217009709130043	0.029122456988442225	7.217009709130044	-2.547047017742443e-10	-2.9501776716012174e-10	False	False
81	7.2170217655708555	0.030200160561698778	3.2872265356871297	7.5404719491028285	0.8903232397281658	3.1448396135875867	-0.48886237945423583	0.8133102794916794	15.135937966459228	0.657999000173431	7.295639613794544	0.03162881508154529	7.217021765342784	0.030200160456342537	7.217021765342785	-2.2807178368111636e-10	-1.053562410924247e-10	False	False
84	7.217018125497832	0.03519503859281435	3.4782321142217416	7.4830008350301584	1.057459640480677	2.705870569222584	-0.26021639336048813	0.9659893815790985	18.92138155081605	1.2500963992284622	7.223227728552984	0.03872452140398311	7.2170181255451	0.03519503860992645	7.217018125545101	4.7267967318020965e-11	1.7112096462046367e-11	False	False
88	7.217033448747073	0.03418111152923135	3.210213333041727	6.982232485371212	0.9576421699815935	2.1336844198874387	-0.2842492227702349	0.8748061222781857	6.268985667567679	0.331317544161954	7.205555388142179	0.039470863541215935	7.217033448963401	0.0341811115444443	7.217033448963402	2.163282886158413e-10	1.5212948956122574e-11	False	False
91	7.217009159061435	0.023021381783554853	2.7723408554776454	7.098209902438238	0.9094533006360985	1.884313379756116	-0.4296715654385691	0.830785590131076	15.884248688838829	2.533782900639778	7.223009241361863	0.024833276351438435	7.217009159267354	0.023021381772155795	7.217009159267355	2.0591883753695583e-10	-1.1399058780225957e-11	False	False
92	7.217002956290074	0.030439834573629608	1.9982748838568316	6.651542074636815	1.0267598919747212	2.2229581789343245	-0.2835212634766894	0.9379451613189078	29.15788729570787	1.83564787147886	7.153354378138604	0.05013685483771246	7.217002956199725	0.030439834560009742	7.217002956199727	-9.034906156557554e-11	-1.3619865651959273e-11	False	False
97	7.2170199683937755	0.029271690024956817	2.0110286676098537	5.623539198137241	1.019673866842671	1.6398137872579643	-0.41743365300280644	0.93147207736078	18.830013806337007	0.6457948621369712	7.09685645182703	0.026797965817890106	7.217050426176615	0.00046652904142544264	7.217050426176616	3.0457782839832248e-05	-0.028805160983531374	False	False
100	7.216987840918467	0.03961567541359418	1.3190170429164811	6.102552155713879	0.8852723042453213	1.3916339886703697	-0.5507118549899377	0.808696249928101	43.41684024448438	2.3057253537367552	7.206515970468697	0.07445803561620812	7.216987840907385	0.03961567541383732	7.216987840907387	-1.1081802142598463e-11	2.431388423929093e-13	False	False
103	7.216991199874804	0.037984540317087416	0.5804848273936519	6.636479967665104	0.9609761555881249	1.6073664232613099	-0.3497725803048962	0.877851718129752	35.585117743092525	0.819615557988774	7.238509191147754	0.05100822429881728	7.216991199865389	0.037984540317071915	7.216991199865389	-9.414691248821327e-12	-1.5501488981328748e-14	False	False
107	7.2169845676549995	0.05031963937419016	0.8415685421908267	6.550954016596663	0.9765017092174866	1.7485719352199198	-0.18107828174469828	0.892034311370174	9.473713090283704	0.2662268299540096	7.23561450163382	0.07580616973715801	7.216984567638973	0.05031963937400206	7.216984567638974	-1.602629140506906e-11	-1.8809953594711715e-13	False	False
108	7.216995734093482	0.04136631982609636	0.9673085960569444	7.14128267999528	1.0575808890150973	1.395930184951622	-0.11736996421079748	0.9661001421152914	36.174562250264195	3.8184143751793624	7.1983275372411555	0.045678290142200845	7.2169957336030715	0.04136631938729377	7.216995733603073	-4.904103789726832e-10	-4.3880258454587207e-10	False	False
111	7.217026277652691	0.03977778251951789	1.3776007977436244	7.6613128506266825	1.0988839569579165	0.605792740660257	-0.09244254716402273	1.0038304946810568	19.279380764186445	0.5329540861008109	7.188423924515575	0.040009465788341525	7.21702627806366	0.03977778258287517	7.21702627806366	4.1096903657944495e-10	6.335727775752531e-11	False	False
113	7.217009761593062	0.04139660944184298	0.5707215499093474	7.391829011816919	1.0324189372833288	0.904707258791513	-0.027441246157007274	0.9431146992083208	41.810995567344904	2.16868975610531	7.215545490048406	0.04265444828032852	7.217009762672817	0.04139660960473609	7.217009762672817	1.0797549521157634e-09	1.6289310872386054e-10	False	False
119	7.216998525148412	0.047272684120401795	0.5729845449777223	7.336724322469285	0.9474115424638867	0.4170197453901341	-0.42513047852649455	0.8654604440407605	37.641424304940195	0.900275723985362	7.204485769731314	0.04779497149445148	7.216998525172581	0.04727268414713466	7.216998525172582	2.4169111156879808e-11	2.6732865920919835e-11	False	False
120	7.216994719755315	0.021567170919508945	1.33335674672461	6.641604139646165	0.9489766327080267	0.8368258076352986	-0.3321968838383229	0.8668901539787823	17.533566604388824	0.4658050785311983	7.148972720383008	0.024053450184523005	7.216994719503749	0.021567170899211698	7.21699471950375	-2.5156587923902407e-10	-2.0297246522416046e-11	False	False
121	7.2169994428005655	0.04030406867277936	1.4612208069306656	7.212166355364032	1.005691409846273	1.4145642420808515	-0.4708020216535277	0.9186991028945704	45.17307688754973	2.5763769520938467	7.188984022683657	0.04313911173661147	7.217015565403252	0.04031612626627578	7.217015565403253	1.612260268668564e-05	1.2057593496421493e-05	False	False
122	7.217004686797272	0.03653641598041962	1.6396565072616887	6.969014143985224	0.9672422681026863	1.3002665158700555	-0.4210609205154837	0.8835758119118039	46.11356636476391	1.0208196904442741	7.181012690434817	0.039856093161853665	7.216801767614985	0.03646340903790018	7.216801767614985	-0.00020291918228654282	-7.30069425194449e-05	False	False
123	7.216988145941497	0.03894872760422912	1.078629409344778	6.916407895847938	1.0007727107036142	1.6377171512723174	-0.20353304415955073	0.9142058712277515	29.910693116973565	0.648631096549253	7.199973637828932	0.04580591478262338	7.216988143397088	0.03894872521675523	7.216988143397089	-2.5444091278359338e-09	-2.387473892195846e-09	False	False
125	7.2169926957192105	0.025196182368440886	1.50523979645443	7.152677183798749	1.0903473557510965	2.240657373754433	-0.004259005503405078	0.9960323094786266	20.687180468557358	0.6916315976916598	7.2020065985528765	0.03011867999350252	7.216992695387938	0.025196182322317913	7.2169926953879395	-3.312727869797527e-10	-4.612297349604333e-11	False	False
128	7.217002847696976	0.018471621006143038	0.7507402876833044	7.885354985435722	1.097351624417641	2.1733376079354354	-0.026988788548659937	1.0024307089055149	8.394068551432596	0.40576184677224725	7.246520324406604	0.019087413525016264	7.2170028476867385	0.01847162100593416	7.2170028476867385	-1.0237144465463643e-11	-2.0887805374236734e-13	False	False
132	7.2170138131973465	0.02195988523778678	1.2832989864813868	7.221932730791981	1.1572569865148377	2.1075066430727665	-0.00523805706643519	1.0571542571813042	11.584721750558225	1.3801080703088955	7.185865124248241	0.026807297696418007	7.217013813058754	0.021959885246002217	7.217013813058755	-1.3859224878842724e-10	8.21543874596209e-12	False	False
135	7.217004568023204	0.02094329641720724	1.9808137508864379	7.449362427692061	1.0992092126300181	2.4751718600505974	-0.13433316124922398	1.0041276157375216	10.418726383224005	0.8993505936145566	7.212977933812264	0.023373069428354452	7.2170045682702435	0.020943296490228525	7.217004568270244	2.4703972201223223e-10	7.302128346431402e-11	False	False
136	7.21700872148814	0.028047983259987894	1.6652353329302325	7.5138213584443605	1.0367563608554196	4.0176848863742505	-0.11497248936453516	0.9470769356414257	17.201233865188414	1.6509919958053076	7.288616126004459	0.03210487612300029	7.217008724647022	0.028047983303192824	7.217008724647024	3.15888204482917e-09	4.3204929217610655e-11	False	False
137	7.2169965846488715	0.024434485649484607	2.5297118879995217	6.400944473917661	0.9729367297363226	4.846929096330264	-0.12035929914697238	0.8887777026141307	12.445324638664115	0.7235134837536723	7.231549739535246	0.06810210321200284	7.215525011265457	0.012720927302639429	7.215525011265457	-0.001471573383414082	-0.011713558346845178	False	False
140	7.216991570825155	0.032263457526644654	2.3896993712680086	6.576879146176288	0.9507276254143322	6.2850757471685075	-0.12764029608547423	0.8684896858159924	23.204437019910653	1.864510383909232	7.216991570825155	0.032263457526644654	7.13607303019179	0.00738112841646931	7.136073030191792	-0.08091854063336523	-0.024882329110175343	False	False
