Step	Time_elapsed
1	0.0
2	1582679431.8020213
3	1130.9449694156647
4	1001.7723441123962
5	801.9209082126617
6	801.9209082126617
7	1403.5417280197144
8	634.3438248634338
9	763.0247280597687
10	1122.0429210662842
11	1334.691462278366
12	1579.74227809906
13	1627.85507273674
14	1630.0454223155975
15	1921.7718555927277
16	3197.2679541110992
17	2055.038429737091
18	2055.038429737091
19	3336.9890832901
20	3336.9890832901
21	4324.761761188507
22	6099.013269662857
23	3499.973415374756
24	4184.877840518951
25	5369.462262630463
26	13389.294661283493
27	13389.294661283493
28	13389.294661283493
29	5291.7751677036285
30	4511.0884046554565
31	4284.3332188129425
32	4284.3332188129425
33	4284.3332188129425
34	5471.048402070999
35	5367.126242160797
36	5284.392376899719
37	3900.2679283618927
38	44765.549328804016
39	9275.53341293335
40	1583107091.9122066
41	1583107091.9122066
42	1583107091.9122066
43	5743.7031264305115
44	4781.1602149009705
45	4781.1602149009705
46	4781.1602149009705
47	31978.31591820717
48	2315.286331176758
49	1555.184959411621
50	1628.638611793518
51	1014.7098612785339
52	1280.852289199829
53	7246.727744579315
54	1957.50665640831
55	1693.578637123108
56	1297.6860208511353
57	1297.6860208511353
58	2642.115392446518
59	1434.2875516414642
60	1472.1647713184357
61	2684.003704071045
62	992.6124680042267
63	899.4229409694672
64	1071.0379478931427
65	2987.5809078216553
66	2987.5809078216553
67	2394.964297771454
68	1089.3751530647278
69	476.7824487686157
70	487.20791125297546
71	487.20791125297546
72	701.6656892299652
73	1034.4395904541016
74	1034.4395904541016
75	2673.24987244606
76	1431.047788143158
77	1122.906846523285
78	1486.5765223503113
79	1365.2263629436493
80	2509.9483020305634
81	5026.965756177902
82	1136.751580953598
83	851.4891679286957
84	820.4538536071777
85	820.4538536071777
86	1177.9881999492645
87	512.4231004714966
88	403.67291021347046
89	562.9202411174774
90	553.1207954883575
91	329.6890072822571
92	676.039802312851
93	442.80479645729065
94	298.7970244884491
95	617.5944454669952
96	278.94962310791016
97	45.908015727996826
98	332.8181486129761
99	44.69764852523804
100	526.6875443458557
101	276.81859040260315
102	570.8880085945129
103	383.6060175895691
104	250.8666319847107
105	242.93946528434753
106	341.4932670593262
107	638.5888631343842
108	671.788738489151
109	548.1988763809204
110	285.66122460365295
111	533.0455071926117
112	348.65472388267517
113	373.9196102619171
114	484.73843336105347
115	492.2480924129486
116	381.6176447868347
117	466.08901357650757
118	701.421811580658
