Iteration_step	Porb	eccentricity	Wdisk	logQ	primary_mass	age	feh	secondary_mass	posterior_probability	acceptance_ratio	inital_orbital_period	initial_eccentricity	current_orbital_period	current_eccentricity	current_spin	delta_e	delta_p	bad_solution_flag	gsl_flag	
1	10.135	0.014	4.1	8.249624962496249	0.9390077245290988	6.54970566905419	-0.2532289869289897	0.9061424541705803	6.4236184976552675	0.0	10.168354934348377	0.014108422814445194	10.134999999949565	0.013999999996347864	11.62227744148687	-5.043432338425191e-11	-3.65213588537916e-12	False	False
2	10.13499265247322	0.014345991420722397	3.2050519564802604	8.10957630764468	0.9025973012746332	5.618029537042648	-0.4730517192972641	0.871006395730021	9.075095428344346	1.4127699880771116	10.166320116390365	0.014452105778716407	10.134992652459609	0.01434599142098099	11.595798212681682	-1.361222246032412e-11	2.5859349384038666e-13	False	False
15	10.134965129507584	0.012475890917701191	2.7266700336058713	8.033001405757144	0.8158082733774764	5.497633680594346	-0.6270471517850931	0.7872549838092647	3.329950306835282	0.36693281444014475	10.157501567151172	0.012541886333922407	10.13496515650829	0.012475890911684936	14.293638112049452	2.700070567129842e-08	-6.016255202356824e-12	False	False
16	10.134998269992531	0.014627635398997795	2.7775981529171414	7.287353962595786	0.829445344720503	5.398532292398707	-0.7674167985386355	0.8004147576552854	5.442530385805818	1.634417899460575	10.206699781934494	0.015098479081056231	10.134998269951263	0.014627635366037065	10.134998269951268	-4.126832209294662e-11	-3.2960729631770214e-11	False	False
17	10.134968049659706	0.01717835381966431	2.7910227431790564	7.65370282115896	0.8251230211050092	5.815235921608185	-0.7474595780113792	0.7962437153663339	2.548157817454617	0.46819358585488874	10.197031072747855	0.017426371354342593	10.134968049624579	0.017178353821413937	10.134968049624579	-3.512745649913995e-11	1.7496282200823998e-12	False	False
18	10.135004791548647	0.015174908489882833	2.838623538644946	6.868564690400651	0.8079899549451546	6.2911160135162865	-0.7268022870307	0.7797103065220742	3.9638319149643597	1.5555676684593558	10.217105981384352	0.016673086413440587	10.135004791507766	0.015174908443779452	10.135004791507766	-4.0881076301957364e-11	-4.610338152910565e-11	False	False
19	10.135012890132481	0.009768827300746132	3.521240284623825	6.8431474441406515	0.8608772233679775	5.722637581036032	-0.3805495421336026	0.8307465205500982	1.6156811539653675	0.40760586942796606	10.189465731390321	0.010945706575864422	10.13501289159498	0.009768827221796403	10.135012891594982	1.4624994548739778e-09	-7.894972869904038e-11	False	False
20	10.134992533623457	0.021768079140653002	2.745620406947101	6.949921933970604	0.9342044358012542	6.916453232487343	-0.3264598063547149	0.9015072805482103	1.1488859665905995	0.7110845873091283	10.196185631806896	0.02626643629851083	10.134992534934849	0.021768079152013762	10.134992534934849	1.3113918839735561e-09	1.1360759555323341e-11	False	False
21	10.134997264401973	0.01491432798287274	3.3291699593146125	6.72387228128765	1.0574078855453508	7.987992839715775	-0.10950919370053902	1.0203986095512636	1.6686192924644212	1.4523802544269622	10.176361589203164	0.04559781972417258	10.134997264924166	0.0149143280183774	10.134997264924168	5.221938437216522e-10	3.550465997592678e-11	False	False
31	10.134969811939696	0.01195433458756372	2.455957808515757	8.100567058155754	1.0274587414553265	9.430092599492587	0.03580736124042865	0.99149768550439	1.637614161720542	0.9814186909597054	10.235075209009963	0.012366915293429686	10.134969811921026	0.011954334575868416	10.134969811921028	-1.8669510382096632e-11	-1.169530444711242e-11	False	False
34	10.134981783068001	0.0038473835469023925	3.0975342716589593	8.926146299863335	1.0636474650361047	8.827102639798879	0.17097436420286566	1.026419803759841	3.0974997140562124	1.8914710109748056	10.154439099445593	0.0038643988947925085	10.13498178306006	0.0038473835468028033	14.373188530022952	-7.94209142895852e-12	-9.958917371322151e-14	False	False
37	10.135002115797036	0.012193338771377286	2.5258068747587927	8.504806100448263	0.9434560198632057	8.491936895817926	-0.18752187525304104	0.9104350591679935	8.391767026387612	2.7092067154377535	10.16518492731455	0.012276402543464694	10.135002117245268	0.012193339741781724	12.702595600265957	1.448231756739915e-09	9.704044373615162e-10	False	False
48	10.135011187936316	0.014952382156074601	2.72574789842167	8.642545976930116	0.9300706268161206	8.789731336938765	-0.14944351603582584	0.8975181548775564	0.8351420784470022	0.09951921637253844	10.155361216481293	0.01502098906536306	10.135011187919273	0.014952382155933756	15.278109614160178	-1.7042367517206003e-11	-1.4084566846150892e-13	False	False
50	10.134992754693215	0.004960701881863603	3.5648741956955536	8.792339748477877	0.9961839168479839	8.814873731475938	0.0024705540960661757	0.9613174797583044	1.957677689770255	2.3441253174677494	10.155105952922204	0.0049832872907421555	10.134992754659253	0.004960701881848865	14.600207900505021	-3.396216641249339e-11	-1.4737343290160965e-14	False	False
58	10.135008873063882	0.01226491239932562	4.325500010155458	8.270026432282858	0.9287693539673093	9.416066096852122	-0.18441861118172742	0.8962624265784535	2.59626614860066	1.3261969333191652	10.191889999318008	0.012420991252659438	10.13500926094948	0.012264913071507023	10.428451893696254	3.878855991956698e-07	6.721814025528738e-10	False	False
66	10.135020637102524	0.015102981998511143	4.24193888222682	8.723683278581856	1.0348329448333078	8.82771730398745	-0.06636699920752281	0.998613791764142	6.20072238876541	2.388323089336386	10.177390064537844	0.015245568464537401	10.13502063709356	0.015102981956489158	11.544104646920568	-8.965272968453064e-12	-4.2021984850149074e-11	False	False
105	10.134970190408211	0.015650874009593925	3.577234683261663	8.762421832181676	0.9911480600196146	9.413190161870737	0.0035308259222861516	0.9564578779189281	4.633017073438603	0.7471737618560048	10.159070203824486	0.01573549145269108	10.134970190531384	0.015650874009482004	13.822293261205642	1.2317258324401337e-10	-1.1192088922307164e-13	False	False
110	10.134980624193746	0.02204334301986719	3.509581347662594	8.350814915535464	0.8972307094754836	8.586170734129624	-0.205501607476119	0.8658276346438416	3.7914498479583765	0.8183543871864863	10.166599118333565	0.02220038775400802	10.134980624200441	0.022043343019244575	13.483492821446243	6.695088927699544e-12	-6.226165416567397e-13	False	False
112	10.134965811702044	0.013222310646953318	3.8212321054403584	8.469595721446868	0.9529739961128697	8.446860305234155	-0.1182390103118455	0.9196199062489192	4.72746527642401	1.246875328964106	10.167057769760495	0.013318363330586282	10.134965811735224	0.013222310644025115	12.490096896436938	3.318056940315728e-11	-2.9282028191079945e-12	False	False
118	10.134976237262066	0.020169012822134527	3.538818503885002	8.526608783703425	1.0032320858712467	8.106588672210844	-0.023441935673069736	0.968118962865753	4.658845371312255	0.9854848420666431	10.169101090451626	0.020325258859351925	10.134976237257472	0.02016901282235914	11.59683368351304	-4.593658786689048e-12	2.2461199566947698e-13	False	False
123	10.134977801219357	0.009400781993952454	3.3475946223068873	7.908673254819956	1.0826987064486648	7.886374658568449	0.15624630297280068	1.0448042517229614	1.8383282759345514	0.3945888153434786	10.209664320514259	0.009827177634990704	10.134977801217522	0.009400781996173342	10.134977801217525	-1.8349766151004587e-12	2.220888403736687e-12	False	False
125	10.134955050266884	0.023657113243585055	3.715982458625534	8.501833424570599	0.9669015412906148	7.2325572105602705	0.12992578066549168	0.9330599873454433	0.3713187220721416	0.20198716787042523	10.154149387048244	0.023763078076959834	10.134955050269406	0.023657113245006956	14.977174821275094	2.5224267119483557e-12	1.4219007915539095e-12	False	False
126	10.1349715355611	0.017347737189070397	2.7830356616635874	8.170706344479393	0.9968616440658341	6.892891673629374	-0.08879687600643171	0.9619714865235299	0.9451370616701209	2.5453525650303597	10.190356457293543	0.01757694650468036	10.134971535759389	0.017347737188127838	10.134971535759389	1.9828938491173176e-10	-9.425585312250462e-13	False	False
127	10.134970283989114	0.02491913214942102	3.2400977048583197	7.352920328033388	1.0094075840473777	7.2446185512699195	-0.038467520799883775	0.9740783186057195	0.5639187750998397	0.596652906725885	10.201324488927131	0.027668317487253395	10.134970287074173	0.024919131579998113	10.134970287074175	3.0850593191189546e-09	-5.694229081310009e-10	False	False
129	10.135027524667946	0.03697149847490394	3.3201957977297103	8.665129213734708	1.06717074407666	6.474723973176638	0.0761957628644939	1.029819768033977	0.4630992933619327	0.8212163059829719	10.156675927940467	0.03704449722724688	10.135026450228205	0.03685788804848403	12.504721220978304	-1.0744397407336237e-06	-0.00011361042641991337	False	False
130	10.134989699010182	0.02964905321721785	3.253777319740773	8.059133117139032	1.0486012761500363	7.038892952839234	-0.09022762603971568	1.011900231484785	0.4365047584182298	0.9425727153444	10.205786170681455	0.030493585210097637	10.134989699122915	0.029649053327078217	10.134989699122913	1.127329340988581e-10	1.0986036733107163e-10	False	False
131	10.135023685852344	0.04225878445428234	3.139646997075217	8.36600852387462	0.9456741068488579	7.075821629740609	-0.167255027836674	0.9125755131091479	0.10572013816715935	0.2421969889864645	10.164518240394042	0.04254215796954789	10.13502368585219	0.04225878445423519	12.528857507266538	-1.545430450278218e-13	-4.7149784077049617e-14	False	False
135	10.135002823905413	0.024667200139838356	2.8799065744846652	8.49411345528676	1.083658066098747	7.277386785961024	-0.0523674830921278	1.0457300337852908	0.9337037295523398	8.831843636791456	10.191855071652796	0.025036414769042524	10.13500282387958	0.024667200133472948	10.135002823879582	-2.5833557515397843e-11	-6.365408200537104e-12	False	False
140	10.134985690632819	0.030672460372737475	2.4807574229581197	8.294132744394	0.9664543021037891	7.496319094418898	0.10709520333487024	0.9326284015301565	2.526326384790568	2.705704502221282	10.165391217600988	0.030655894196864167	10.13166540693547	0.03041943059414187	12.381555471142576	-0.0033202836973487138	-0.0002530297785956065	False	False
142	10.135017472704922	0.014983051405335599	1.9144531423073308	8.8844977865208	1.0940361591365648	8.434888937087607	0.2461841494528324	1.055744893566785	12.611133121243713	4.991885924624571	10.156438688416406	0.015056479501069227	10.135017573486868	0.014983051386974207	13.552341917227581	1.0078194634388637e-07	-1.8361392267740584e-11	False	False
163	10.135025252710228	0.01542285498976334	1.3103716009692525	8.783186572111974	1.1503338589067764	8.217286268005596	0.27581775178447565	1.1100721738450392	9.723512159937078	0.771026050272804	10.175384383655606	0.015564165459924928	10.135025252653428	0.01542285493040155	11.226157993703785	-5.680078629666241e-11	-5.936178978926954e-11	False	False
164	10.13503369313902	0.012492583464260543	1.5717633268768534	8.552653582756953	1.0636474650361047	8.827102639798879	0.17097436420286566	1.026419803759841	1.9407983672325937	0.19959849232555008	10.181302599198666	0.012622895812959771	10.13502810603933	0.01249210775133325	10.170972844951729	-5.587099689563502e-06	-4.757129272933702e-07	False	False
166	10.135044881116732	0.022182385629389293	0.9307827265385584	8.435854260272219	0.9376774636256933	8.753760942592987	-0.10503602401934403	0.904858752398794	2.1672147040254606	1.1166614423298988	10.168281539510204	0.0223480642947232	10.135044881111686	0.022182385629161847	12.826146187135352	-5.0466297807361116e-12	-2.274465338292231e-13	False	False
172	10.135038950609372	0.021374419788592135	1.8498988535423424	8.15483413332028	0.8650956339038675	9.137819734359564	-0.3369460300428834	0.8348172867172321	2.5958691737691066	1.197790495306002	10.135038950609372	0.021374419788592135	10.085167647211293	0.02113790545911985	11.825964706987776	-0.04987130339807955	-0.00023651432947228643	False	False
173	10.135035738842223	0.01714411414874717	1.1525814547274527	7.491656459167517	0.8205872428751168	10.308955382255984	-0.5349212903570001	0.7918666893744877	0.9763831615087388	0.37612957208127185	10.300177117760729	0.018028342300650438	10.13503573973325	0.017144114207470182	10.135035739733251	8.910259197136838e-10	5.87230125637106e-11	False	False
174	10.135045730270855	0.016337159165462377	0.9053182861707029	7.407962295088544	0.7531022705047905	11.000985968444198	-0.7387066698548392	0.7267436910371228	1.006318696081038	1.0306596178144263	10.314786368512548	0.017040465187566124	10.135045730326553	0.016337159192038955	10.135045730326555	5.5697668699394853e-11	2.657657774407518e-11	False	False
183	10.13495063449318	0.002901733623617838	0.7936780030683193	7.845681003325015	0.8402298330588035	11.893158176280652	-0.5721724973329315	0.8108217889017454	0.5660316598166776	0.5624775352192161	10.280852866164947	0.0030198032449070124	10.134950489062488	0.0029017331198235674	10.13495048906249	-1.4543069148942322e-07	-5.037942706238863e-10	False	False
188	10.134936687147425	0.01284508635866127	1.0840102451121116	8.505717762414656	0.8136560015859373	11.664019773825798	-0.608820562759048	0.7851780415304295	0.4898519329016557	0.8654143710977324	10.163378511113935	0.01292417397672382	10.134936687156362	0.012845086359386793	14.642905438530585	8.93685125902266e-12	7.255238076986359e-13	False	False
191	10.134945441659442	0.024283263180143684	1.3691870164139224	8.550196271057107	0.8402298330588035	11.893158176280652	-0.5721724973329315	0.8108217889017454	1.5264932988208546	3.116234103188317	10.171395342366239	0.02447480081462959	10.13494552737496	0.024283263156592023	13.69095670014277	8.571551823877144e-08	-2.3551660621734527e-11	False	False
231	10.134967803174424	0.02566106357706982	1.0513984057014016	8.372348498461804	0.8378696318093711	11.46140969018895	-0.5206662212157088	0.8085441946960431	4.0594501704481125	2.6593304887639206	10.179879827141583	0.0259131863761677	10.134967474634099	0.025661063676089998	12.072549404685187	-3.285403256114705e-07	9.902017747420722e-11	False	False
232	10.134980604012473	0.023478549190912464	1.1593681547777803	8.568489673500938	0.8459998010238632	11.349975139448212	-0.57412819403736	0.816389807988028	4.509318586303541	1.1108200364498546	10.167725126064129	0.023645231254483704	10.134980605698027	0.023478549190345276	13.812816671081254	1.6855548068406279e-09	-5.671886571523288e-13	False	False
240	10.135002743449453	0.02160543587140211	1.6289950758449012	8.727981716876378	0.8960957615783598	11.352495673701284	-0.26053730148294535	0.8647324099231172	3.012360281737015	0.6680300413651546	10.160835705304816	0.021726669285498188	10.135002743442808	0.021605435871406432	14.59273738310009	-6.645350936196337e-12	4.322930902134203e-15	False	False
244	10.135038256668397	0.01592100937877334	1.588093723845231	8.548520558288276	0.9122758303800752	10.994205882260397	-0.1597129020709802	0.8803461763167726	6.162280712386473	2.0456652379021283	10.170996966325896	0.016047613294732577	10.13503680828246	0.015921014892950426	12.871883390932657	-1.4483859374081476e-06	5.5141770871625084e-09	False	False
257	10.135040586824474	0.015594852493159762	1.158889950618935	8.373937926795417	0.909602597093847	10.135438105204384	-0.18026904178158104	0.8777665061955624	3.8673067176475686	0.627577174450054	10.179876467587222	0.015750267113248385	10.135040586834243	0.01559485249317055	11.87984994948078	9.769962616701378e-12	1.0788245297099763e-14	False	False
258	10.135031925577673	0.021642838942429715	0.987330777298647	8.024257352785003	0.8516920265743261	10.778991302056102	-0.3832565170592496	0.8218828056442247	0.7956434448590687	0.2057358008942844	10.141000905840407	0.021727696346407737	10.053008372110844	0.021309265648536205	10.053008372110842	-0.08202355346682921	-0.0003335732938935104	False	False
260	10.135032366881113	0.03363083657659227	1.6514281765604153	7.842525871887047	0.8747393247619937	10.700012017585319	-0.4523907401036026	0.8441234483953238	0.16939480035641946	0.2129029044994195	10.271068158669681	0.03497210367024178	10.13503236690191	0.03363083657648785	10.135032366901914	2.0797585875698132e-11	-1.0442341435989988e-13	False	False
262	10.135036329552479	0.01689659027006928	1.4645783343666998	7.9792470107139595	0.777190603457398	10.306404956407045	-0.5461440108540401	0.7499889323363891	4.216127109871079	24.88935375229953	10.188970836872137	0.01709850487038095	10.135037430772453	0.016896590065202135	13.251943320915547	1.1012199738758e-06	-2.0486714408241014e-10	False	False
263	10.135034177405151	0.016329198040531227	1.6207655496698297	8.143850149849825	0.7971342147677396	10.879024857129778	-0.5566778504799601	0.7692345172508687	5.032856096714159	1.1937154562847263	10.18195472324682	0.01649839028818231	10.135034177407332	0.016329198040450365	13.310482701556735	2.1813661987835076e-12	-8.086240010918289e-14	False	False
277	10.134996211527064	0.014098779946129208	1.2195545187604864	8.322422843978055	0.8516920265743261	10.778991302056102	-0.3832565170592496	0.8218828056442247	10.748073042018433	2.1355812356796	10.178225480375941	0.014233465250400403	10.134996211525182	0.0140987799462625	12.587473667840445	-1.8811618929248652e-12	1.3329094772362993e-13	False	False
285	10.135003469071824	0.002331664638105706	1.182582519045191	7.855501394390094	0.7372645889627398	11.308453834733267	-0.9207157645849853	0.7114603283490439	15.237830376702599	1.4177267233979471	10.200589902042115	0.0023654036786788166	10.135003468308618	0.0023316646381019656	12.791973161136067	-7.632063869777994e-10	-3.74049749507499e-15	False	False
298	10.135022836270567	0.012172973065064034	1.128447248216376	7.7226480660800165	0.7728027449346424	10.247927061556828	-0.8126546566023499	0.7457546488619299	3.68908125399051	0.24210016536414622	10.231933662267258	0.011867735124445462	10.134801104108497	0.01161753113723824	10.357335402248728	-0.00022173216206944346	-0.0005554419278257939	False	False
305	10.135023571088873	0.009731523982810963	1.3018175351847607	7.948446580762292	0.780349057932914	9.541444693141349	-0.6977633812029567	0.753036840905262	9.7956286710148	2.655303040674094	10.188288136191078	0.009846903104256767	10.135024865140014	0.009731523841826139	12.734285076579958	1.294051141798036e-06	-1.4098482450930483e-10	False	False
310	10.135007856272464	0.014717350255873292	1.2304667454608929	8.186932679012777	0.8181750008299931	10.834095889130621	-0.5167154503760849	0.7895388758009433	11.121814888142223	1.135385513443522	10.184232052752895	0.014877296283855474	10.135007856273711	0.014717350255812996	12.51557175101669	1.2470025012589758e-12	-6.029551857800186e-14	False	False
330	10.135007846883816	0.013650273803430858	1.3208707660071526	8.453342597275977	0.9149337436833571	11.10986541444153	-0.33778802713140227	0.8829110626544396	2.343854746905067	0.21074390919813107	10.205146545898254	0.013860195421445759	10.135007207493677	0.013650273881250195	10.135007207493679	-6.393901390566725e-07	7.781933777928352e-11	False	False
332	10.134999357361881	0.02822651751487261	1.5450296366894103	8.23310924654131	0.8181750008299931	10.834095889130621	-0.5167154503760849	0.7895388758009433	3.911062020223742	1.6686452201818764	10.179574010069297	0.028504121584014424	10.134995826029984	0.028227567449010893	12.967261637411383	-3.5313318971219587e-06	1.0499341382835814e-06	False	False
334	10.13498931764225	0.017656450805721296	1.293685638901096	8.52345554222319	0.8738381855571075	11.748624586107066	-0.4060867475487868	0.8432538490626087	15.475620592282247	3.956884475945213	10.180241582853888	0.017831243721238427	10.134989317642736	0.017656450805712483	12.306427019980516	4.867217739956686e-13	-8.81239525796218e-15	False	False
341	10.134998478179007	0.02558487144842059	0.8218225941151267	7.752553722743544	0.8263054723626043	11.935864049757463	-0.5900491403214753	0.7973847808299132	2.180251010122487	0.1408829453475867	10.29250205815833	0.026694609226731454	10.134998478161739	0.025584871451575005	10.13499847816174	-1.7267964835809835e-11	3.154414229822322e-12	False	False
354	10.135026274591125	0.01260782115053061	0.5935620741688545	8.016758654906756	0.8589084292221397	11.345110802258496	-0.28232387578512025	0.8288466341993648	1.932187629544591	0.8862225590419702	10.227750717986957	0.012872352319376097	10.13434607122894	0.012609779978634394	10.134346071228942	-0.0006802033621848835	1.9588281037832833e-06	False	False
359	10.135045950440528	0.014701538134239887	0.6234842408153741	8.073253655272383	0.8683205514950781	11.942678697973125	-0.42754212688458326	0.8379293321927503	1.2435696567409011	0.6436070895630388	10.250956812383617	0.015123170890992745	10.135046240350997	0.014701538115589668	10.135046240350999	2.899104689646492e-07	-1.8650218522320294e-11	False	False
363	10.135042727517437	0.026237272866102064	1.6579803142260072	7.723985255173164	0.8941764412243433	11.33135303805078	-0.19793156865892408	0.8628802657814912	0.5485812526993814	0.44113431823118116	10.292635855120679	0.02760323677016467	10.135042727600299	0.02623727288561528	10.1350427276003	8.286171748750348e-11	1.9513217430766616e-11	False	False
364	10.135015947640992	0.017835394730032143	1.951790668818064	7.439885242982259	0.9387913622889592	11.138050596530931	-0.19829796893987142	0.9059336646088456	2.318183667691286	4.22577996656702	10.2844370402596	0.017835388333730644	10.133740865564999	0.015139386632014713	10.133740865565	-0.0012750820759936943	-0.0026960080980174307	False	False
366	10.134994133582765	0.014399452698939276	2.0795041808659454	7.052842579414786	0.940031738849399	11.111330447608132	-0.1697998096548548	0.9071306279896699	2.927081492448473	1.262661597199327	10.271386225314897	0.02098943880679002	10.13499413358561	0.014399452693863835	10.134994133585613	2.8457236567192012e-12	-5.07544180294861e-12	False	False
367	10.135005157817966	0.025827754080437512	1.7984584915062234	6.845153386081869	0.9119187130200987	11.514605077722939	-0.1360983571881019	0.8800015580643953	1.9915524880181612	0.6803884665172915	10.28527479086441	0.040674468375466226	10.135005157837787	0.025827754072906117	10.135005157837787	1.9820589614027995e-11	-7.53139564602101e-12	False	False
368	10.135027940303415	0.017592707350608215	1.6440312716599736	6.368232314266221	0.8121381186918077	11.130075100085598	-0.44804368961354674	0.7837132845375945	1.4565079291712253	0.7313429788740488	10.291439853689777	0.03624828588387801	10.135027939273574	0.017592707333833186	10.135027939273577	-1.0298411012854558e-09	-1.6775029282323217e-11	False	False
369	10.135046532441109	0.0336030448457601	1.810121349611509	6.393632738913086	0.7858782258082126	11.090095433838151	-0.5641920858715979	0.7583724879049252	0.11169767858585057	0.07668868555312858	10.32953732914042	0.06019153807204384	10.135046531198652	0.03360304480238917	10.135046531198654	-1.2424568041069506e-09	-4.337093184592078e-11	False	False
375	10.13504461060305	0.03944994625603077	1.4224469633358559	6.437787082016975	0.8960957615783598	11.352495673701284	-0.26053730148294535	0.8647324099231172	0.03833257011238044	0.34318143937895823	10.475229332725426	0.12824696888968906	10.135044610563742	0.03944994625461406	10.135044610563744	-3.930722414224874e-11	-1.4167139683607388e-12	False	False
377	10.1350123981905	0.04268306403641974	2.583675942404592	6.548762477087151	0.8402298330588035	11.893158176280652	-0.5721724973329315	0.8108217889017454	0.060914225325241565	1.5890983867415618	10.410903455615411	0.09901476699376821	10.135010830525669	0.04268140410819468	10.13501083052567	-1.5676648317253239e-06	-1.659928225060392e-06	False	False
381	10.135033821554838	0.03235234707222193	3.065658981376594	6.5649542683348505	0.9112599035490687	10.97079182040888	-0.30159635623891684	0.8793658069248513	0.2306401613464822	3.786310342371042	10.34833007839718	0.09097533298679683	10.134819874539552	0.03232073170218653	10.134819874539557	-0.00021394701528620885	-3.161537003540382e-05	False	False
384	10.135006578942479	0.023834538401903645	2.5337162581360273	6.7909106235615075	0.8516920265743261	10.778991302056102	-0.3832565170592496	0.8218828056442247	1.8686941638738486	8.10220628083319	10.285721133236937	0.033465970994180805	10.13500657881423	0.02383453842276779	10.135006578814227	-1.2824941109101928e-10	2.086414374602441e-11	False	False
385	10.134988572760596	0.0020470636944904946	2.10779834422213	6.966123940693591	0.8619637845160029	10.162842826848957	-0.3127116914035978	0.8317950520579427	1.337477385190287	0.7157283471243169	10.27196254397789	0.002513331735284404	10.134988572741966	0.0020470636947525498	10.134988572741966	-1.8630430531629827e-11	2.620551345366984e-13	False	False
386	10.13498023053365	0.002525647398788159	2.6280919713163895	7.199506490723836	0.8752286743053387	10.206990146340063	-0.4558109125376466	0.8445956707046518	1.2481228862167788	0.9331917683521838	10.276811444115198	0.002958423377659213	10.134980227162634	0.0025256473966703274	10.134980227162636	-3.3710154667687675e-09	-2.117831517794988e-12	False	False
387	10.13499817445896	0.0016991884038092043	2.8773709374539123	7.3723319269861625	0.9227310989067986	10.807105465518896	-0.31258995859178784	0.8904355104450606	1.5470419563863256	1.2394949034831089	10.282262013962406	0.0020392780449026548	10.134998174375799	0.0016991883997558117	10.134998174375799	-8.316192179336213e-11	-4.05339260420301e-12	False	False
388	10.134997904865925	0.0066514232627877656	2.5832554660532487	7.497423280948857	0.9089273294740223	10.539103871364297	-0.1782407140148568	0.8771148729424315	3.0068657808865185	1.943622646091731	10.27813112272741	0.007223399819823255	10.134997904816926	0.006651423263012712	10.134997904816926	-4.899902705801651e-11	2.249467973003405e-13	False	False
392	10.135004966828825	0.01952885133120239	2.97830755643945	7.93684713052758	0.8765427622296954	10.523593526296668	-0.4104072599546509	0.845863765551656	2.4958625764147797	0.8300545346187421	10.249558931953365	0.020095631497548783	10.135004966413407	0.019528851333021957	10.135004966413407	-4.1541881046214257e-10	1.8195688011868327e-12	False	False
393	10.13499590657126	0.008095267058649437	2.4178019986389034	8.116244407786425	0.8869596199295824	9.578689878317268	-0.49803400182962715	0.855916033232047	2.859963721360313	1.145881888043913	10.214807440076415	0.008247042169689744	10.134995710123201	0.008095266724126096	10.134995710123203	-1.9644805959728728e-07	-3.3452334131933714e-10	False	False
394	10.134977122370485	0.02152754748203979	2.3100666612382654	7.446505833564775	0.8777528857795898	9.128589204152942	-0.5358052671608605	0.8470315347773041	2.266112959528226	0.792357239570288	10.263861972459045	0.023214792026041545	10.134977122182654	0.021527547397300388	10.134977122182654	-1.8783019584134308e-10	-8.473940299458249e-11	False	False
395	10.134983547635917	0.010336256418592938	3.007534424996654	7.988430212828439	0.8545932697279555	8.395280506323791	-0.6195525490011906	0.824682505287477	4.479050196770068	1.9765343902814736	10.201028813478018	0.01048980537250621	10.134983547959939	0.010336256767812262	10.134983547959939	3.240216983613209e-10	3.492193235976604e-10	False	False
397	10.13502451430024	0.014326786747019546	2.6082788398781522	8.09689042660937	0.8304473743210844	9.238973466915784	-0.5733089345144683	0.8013817162198464	14.501282829102786	3.2375798868161714	10.185162912570048	0.014486995919003582	10.135025908438257	0.014326814625171711	11.877666936501598	1.3941380174742335e-06	2.7878152165233816e-08	False	False
400	10.134987647113054	0.006264053085467252	2.442297424381158	7.9749264096127135	0.8175380181042878	9.508855267116388	-0.6704251132510672	0.7889241874706377	9.1487916661857	0.6308953334683527	10.200277417852718	0.006355193636880903	10.13498764709812	0.006264053085240708	10.884085019768794	-1.4933831948837906e-11	-2.2654361025997716e-13	False	False
406	10.134987990489558	0.005245566873725096	2.8240011312114337	7.379633934330286	0.8725462238615675	9.333046496551834	-0.2974523867822961	0.8420071060264127	1.8099339217704355	0.1978331114982128	10.266419776844918	0.005631373326987089	10.13498799043832	0.005245566873407697	10.134987990438322	-5.1237236675660824e-11	-3.1739888495252444e-13	False	False
410	10.134984515201985	0.023874029537988447	2.0401282024922693	7.186069772503665	0.8924953441024782	10.593191798227988	-0.4980448490687579	0.8612580070588914	1.6988445103021135	0.9386223938166445	10.288853037339164	0.030714663154647978	10.134984516502248	0.023874029710903053	10.13498451650225	1.3002630083747135e-09	1.7291460624457855e-10	False	False
412	10.134980434452567	0.026870138598296414	1.4126745185124097	6.981891978263272	0.944761531022847	10.653846853765982	-0.24484906755074254	0.9116948774370474	1.2379001733180992	0.728671850667462	10.282146596674906	0.04475656099271334	10.13498043451581	0.026870138599510516	10.13498043451581	6.324363255316712e-11	1.2141017358135997e-12	False	False
413	10.1349541513098	0.019663351838409227	1.6161091865133812	7.1263128347243505	0.8748201736842884	11.014187389714756	-0.3884617391022318	0.8442014676053383	0.8928681685064479	0.7212763902546206	10.29328946246574	0.02422862459859752	10.13495415126457	0.019663351964706283	10.13495415126457	-4.523137420164858e-11	1.2629705614664033e-10	False	False
414	10.134944051137067	0.026383814673704882	0.7215881919179008	6.517969139893097	0.8924953441024782	10.593191798227988	-0.4980448490687579	0.8612580070588914	0.25788243617654566	0.2888247618995316	10.367437130026754	0.08749841498107572	10.134944094260012	0.026396588760362622	10.134944094260014	4.3122945214690844e-08	1.277408665774013e-05	False	False
415	10.134958934928127	0.026292464675415933	1.2587706300868087	6.021139589118709	0.8336033516364727	10.76632448843147	-0.42358115041180705	0.8044272343291962	0.5673852065447204	2.200170026919902	10.295885398189975	0.07129570608011264	10.132799783367853	0.011887537135702928	10.132799783367851	-0.0021591515602743527	-0.014404927539713005	False	False
416	10.134976195713604	0.02141981893293464	2.0576879553725114	6.042110919266507	0.9244709167357674	9.794362420805609	-0.2693939944702084	0.8921144346500155	1.6419661549831779	2.893917811115438	10.24466941752154	0.08481610613859805	10.133598894261775	0.005321108465065965	10.133598894261773	-0.001377301451828572	-0.016098710467868677	False	False
421	10.13497235464616	0.020894068122388774	2.088949340711165	6.126710184235337	0.8939841393605406	9.002238031135729	-0.24330301910961752	0.8626946944829216	1.4687801851050233	0.8945252498947344	10.234850362652885	0.07503184570404235	10.134280436472444	0.018293139320537822	10.134280436472444	-0.0006919181737163882	-0.0026009288018509526	False	False	False
424	10.134947400724336	0.023071788189891036	1.6940163584865153	6.618894700261491	0.9609611740664409	8.103173042434983	-0.09725879260468656	0.9273275329741154	0.41351090680056285	0.2815335548463947	10.19773467474541	0.03942324836196865	10.134947400157102	0.023071787981312448	10.134947400157102	-5.672333713846456e-10	-2.0857858842870947e-10	False	False	False
425	10.134923504292075	0.025286156246488323	1.400225867176533	6.436136517714664	0.9238361332707978	8.597237758905608	-0.39749015456044284	0.8915018686063199	0.06392940490609936	0.1546014962476737	10.245592768343435	0.06660738863585967	10.134922953623938	0.025285380683929434	10.13492295362394	-5.506681368672162e-07	-7.755625588898307e-07	False	False	False
426	10.13490023486752	0.02814919898655223	1.262377968819624	6.775588584454341	0.9841993818046578	8.460723901161217	-0.25707791857563655	0.9497524034414948	0.004014713411283444	0.06279916756898217	10.230644281817288	0.0544976699020811	10.134900236947455	0.028149198898287053	10.134900236947455	2.0799362232537533e-09	-8.826517641780107e-11	False	False	False
427	10.13492879436603	0.03785664609706668	1.695475436852878	8.150502600225117	0.8481736218627949	9.43009916757438	-0.45988720314749865	0.818487545097597	0.05030125783226219	12.529227538605706	10.18599053227717	0.0382828752577421	10.134929017319116	0.037856646001687796	11.757306348289815	2.2295308710340578e-07	-9.537888534527639e-11	False	False	False
428	10.134948668880115	0.03789001973843829	2.0054007457265475	8.039587063845836	0.956190435213913	8.965677760120768	-0.39293880052957364	0.922723769981426	0.04109967454269228	0.8170705130226743	10.24369888196178	0.039406307127869925	10.134948667645872	0.03789001936366905	10.134948667645874	-1.2342429300815638e-09	-3.7476923647750127e-10	False	False	False
431	10.13499037350764	0.02843068621409675	0.6238251393069971	8.344324813232618	0.8115720707841341	8.651417103956268	-0.5161663861182553	0.7831670483066894	0.040266954778131116	0.9797390180378149	10.157157472830999	0.02857195631981848	10.134990494556458	0.0284306861652787	16.642348875023956	1.210488189684611e-07	-4.881805029666175e-11	False	False	False
433	10.135012644352107	0.037377262850684025	1.037031777296471	8.090941824932571	0.8279185035200629	9.117906307171793	-0.33275797910824567	0.7989413558968607	0.7638259673331279	18.969052205257892	10.179901947002051	0.03775029328294036	10.135010162887996	0.03737849409676072	13.210866962707343	-2.481464111525611e-06	1.231246076698056e-06	False	False	False
434	10.134978598136211	0.02969144293444975	1.241956478216671	8.167281689366762	0.957035732774976	10.007298185109969	-0.1964223029753185	0.9235394821278519	0.7636608618539105	0.9997838441133471	10.234053466721761	0.030479906187862966	10.13497914702895	0.029691447027607443	10.134979147028947	5.488927392605092e-07	4.093157694728955e-09	False	False	False
435	10.134963954442954	0.023319579605535882	2.1110031956104143	7.971517741170259	0.8411181091266882	10.40836286104936	-0.39732504658406687	0.8116789753072541	1.1099921788847464	1.4535145564355105	10.217915075527367	0.023747562830199267	10.134942669930547	0.02331946260114767	10.276181274308671	-2.1284512406793965e-05	-1.1700438821288239e-07	False	False	False
437	10.134967329946555	0.017247560831538708	2.4376968171237294	8.016696778601109	0.8405418732883079	11.398620696479878	-0.5582918925181368	0.811122907723217	2.365393479662231	2.1310001319458274	10.235990878822715	0.017653967612531647	10.134968958105492	0.017249866134233734	10.13496895810549	1.6281589374500527e-06	2.305302695026351e-06	False	False	False
438	10.134999230635186	0.02156777766100454	2.2702819154113096	8.323522319754321	0.9066162908339143	10.45478491537096	-0.4706865428107799	0.8748847206547272	2.2831365636592356	0.9652248487576193	10.220343032874537	0.022002295078638247	10.13499923072174	0.021567777662419848	10.134999230721741	8.65529869997772e-11	1.4153088423451976e-12	False	False	False
440	10.135040594082088	0.017993859019156126	1.5753966570918538	8.264071531458457	0.7824922620086171	11.644492672111323	-0.5999012551493113	0.7551050328383154	2.0172860533268158	0.8835590850919863	10.171708017782624	0.018138811686899695	10.135040162586128	0.01799385911751431	14.863992525866681	-4.314959607398805e-07	9.835818617909275e-11	False	False	False
443	10.135054848172933	0.014654389308151501	1.75451220076213	7.6797478009142885	0.8871217265349021	11.381531366059187	-0.2537773966937251	0.8560724661061805	0.9335400688297215	0.46277029838686984	10.297704882974147	0.015519531301585033	10.13505484873242	0.01465438930927219	10.135054848732421	5.594866792080211e-10	1.1206886113557246e-12	False	False	False
445	10.13501332426924	0.0245766899572778	1.3515234740221536	8.302132824630458	0.8426347089418179	10.85026136054515	-0.46760818349059363	0.8131424941288543	8.238449074487852	8.82495497468631	10.13501332426924	0.0245766899572778	10.088328944105664	0.02432598987054928	12.103515323395966	-0.04668438016357612	-0.00025070008672851973	False	False	False
448	10.13500296559519	0.011817372238674132	1.5725541750337948	7.761743516229369	0.750632310666854	9.784938354972901	-0.6102945458804427	0.7243601797935141	21.71324657672405	2.635598809970658	10.204971834569388	0.012001242384941631	10.135003324820069	0.011817372200171641	12.46478545855468	3.5922487917616763e-07	-3.850249112591353e-11	False	False	False
458	10.135006413216948	0.019613913494085797	1.297831488040397	7.354265592982885	0.7732200988564913	9.478736282762164	-0.7912501761005835	0.7461573953965142	7.566892888418251	0.348492007479422	10.297808997525186	0.020491815165871303	10.135006413159234	0.019613913494049333	10.135006413159235	-5.771383371211414e-11	-3.6463887465032485e-14	False	False	False
459	10.135043705596637	0.0153950864038713	1.1143055667152457	7.425501402408416	0.812058045606563	10.663480753154534	-0.36162549720965065	0.7836360140103333	1.0457490574952242	0.13820058945142843	10.311722925656099	0.01623576266122678	10.135043705535075	0.015395086413112125	10.135043705535077	-6.156142262625508e-11	9.2408251189946e-12	False	False	False
462	10.135069597712546	0.006370171146626281	0.9327581495995201	7.112438820744032	0.9502473605281057	10.563561642037802	-0.20852791778185717	0.916988702909622	0.18727938749701384	0.17908635552164398	10.266550799365588	0.009085757852765887	10.135069597822236	0.006370171146518589	10.135069597822238	1.0969003483296547e-10	-1.0769250075037817e-13	False	False	False
463	10.135069174306375	0.010006076845045958	0.8622983333182817	7.0456664062739796	0.8765427622296954	10.523593526296668	-0.4104072599546509	0.845863765551656	0.19073558766540472	1.0184547814609122	10.28239700766433	0.012672767181883834	10.135069173938927	0.010006076831412492	10.135069173938929	-3.674482940141388e-10	-1.3633465884010931e-11	False	False	False
466	10.134987922502832	0.009766476989216684	0.9591509931475241	6.316476580202364	0.8774617263572034	9.824073164225197	-0.2902630128172081	0.8467505659347013	2.4701442988274067	12.950620956801325	10.23327722813039	0.02601819807167276	10.134987921844878	0.009766476963060584	10.13498792184488	-6.579536915296558e-10	-2.6156099855456638e-11	False	False	False
470	10.134996748897594	0.01840652627397911	1.5646046832225133	6.696644965189034	0.8947796646163786	10.332476484409302	-0.43133698318540387	0.8634623763548053	2.6487655165254673	1.0723120579566356	10.265421109814612	0.03528275843455597	10.134996748842468	0.01840652628134329	10.134996748842468	-5.512568179710797e-11	7.364178711277702e-12	False	False	False
471	10.134987049883662	0.020507436362896724	1.8584041647119516	6.671967603112428	0.8527968042416427	11.194529075241467	-0.3295757604847106	0.8229489160931852	2.8506655792355318	1.0762242114110985	10.288859863655075	0.03263901444553163	10.134987049117587	0.020507436208489865	10.134987049117589	-7.660752032734308e-10	-1.5440685882661676e-10	False	False	False
472	10.1349819260445	0.014924375542849097	1.826968518964796	6.669515760106361	0.944761531022847	10.653846853765982	-0.24484906755074254	0.9116948774370474	2.9111233584635405	1.021208302955067	10.263218575784494	0.04258204829660272	10.134981926801121	0.014924375501794443	10.134981926801123	7.566214321741427e-10	-4.105465446768708e-11	False	False	False
475	10.13495098237521	0.01926405255790118	2.7207008114937277	7.201368406546485	0.89352658484513	10.623824745185672	-0.40098799318177003	0.8622531543755505	0.6852119504077456	0.2353771606468072	10.282038014660058	0.023609691404322834	10.134950982755221	0.019264052590136013	10.134950982755225	3.800106895823774e-10	3.223483285852424e-11	False	False	False
478	10.1349817612293	0.008630857949827554	2.001836470499519	7.308283261145984	0.8200555056370868	11.204939602636351	-0.5436603662168171	0.7913535629397888	2.8595050936051774	4.17316874275702	10.317740786696701	0.009464263501629192	10.134981761097537	0.008630857931983727	10.134981761097539	-1.3176304491935298e-10	-1.7843827110342048e-11	False	False	False
479	10.134996381509678	0.0030402704716023044	2.064837250436514	7.335213422956595	0.8200555056370868	11.204939602636351	-0.5436603662168171	0.7913535629397888	2.163575130554452	0.7566257305828687	10.317949676409636	0.003314506661993525	10.13499638157155	0.003040270471972807	10.134996381571552	6.187228507315012e-11	3.7050267367999545e-13	False	False	False
483	10.134985481495443	0.0036799496502409926	2.6321626839367958	7.506904013468687	0.8954520249895811	10.488248653656232	-0.34607512617384695	0.8641112041149457	1.5504223150760823	0.7166020228189446	10.282779173166828	0.004021786633184517	10.134985481499614	0.0036799496488093045	10.134985481499616	4.170885858911788e-12	-1.4316881014053706e-12	False	False	False
485	10.134969262570133	0.023300611551063184	1.5693556067844339	7.3689891848693545	0.8960957615783598	11.352495673701284	-0.26053730148294535	0.8647324099231172	1.842748944562485	1.1885464538557404	10.297444461754793	0.026635751092901786	10.13496926256729	0.023300611550735387	10.13496926256729	-2.8421709430404007e-12	-3.277968174675294e-13	False	False	False
