Iteration_step	Porb	eccentricity	Wdisk	logQ	primary_mass	age	feh	secondary_mass	posterior_probability	acceptance_ratio	inital_orbital_period	initial_eccentricity	current_orbital_period	current_eccentricity	current_spin	delta_e	delta_p	bad_solution_flag	gsl_flag	
2	10.134982386944312	0.0027903389313635764	5.098003667090245	7.805635864687621	0.8849665724131479	6.436651759031834	-0.39209091050107947	0.8539927423786877	0.0	0.0	10.20215537624311	0.0028347048267401407	10.134982308979744	0.0027903388979855833	10.134982308979746	-7.79645681348029e-08	-3.337799307778777e-11	False	False
3	10.135034609749747	0.007443283246768507	4.6542037138708	9.196453865686873	1.057174203998645	6.995426573078369	-0.2741448544171264	1.0201731068586923	nan	0.0	nan	nan	10.135034609749747	0.007443283246768507	nan	nan	nan	False	True
4	10.135022578360715	0.03302194879917991	4.682394188100079	8.589834959906568	0.864239578812957	6.659482813040847	-0.49305835465695125	0.8339911935545035	0.0	0.0	10.146111802245118	0.033105010249549434	10.135022578328195	0.033021948799008376	18.39776157765791	-3.2519764658900385e-11	-1.715363961984906e-13	False	False
5	10.135027496595166	-0.004333363938873727	4.42041234381225	9.291242805804242	0.8484708097453946	6.428233570068173	-0.3216566302622699	0.8187743314043058	0.0	0.0	10.146111802245118	0.033105010249549434	10.135022578328195	0.033021948799008376	18.39776157765791	-3.2519764658900385e-11	-1.715363961984906e-13	False	False
6	10.134963532986747	0.003164964502803399	4.60189442614401	8.197053440403208	0.9655325270656351	6.540384230826732	-0.27381306418008067	0.9317388886183379	0.0	0.0	10.134963532986747	0.003164964502803399	10.088456088687021	0.003130824885827676	10.088456088687023	-0.046507444299725975	-3.4139616975722986e-05	False	False
7	10.13502916943932	0.026401581977334665	2.965029880280002	7.9631071065222105	1.0749746921829026	6.792802817880542	-0.15454653014151729	1.037350577956501	0.4405249401745932	0.0685789388467914	10.199565109122961	0.027727475391213206	10.135029169705568	0.02640158203897818	10.135029169705572	2.6624746851666714e-10	6.164351668003221e-11	False	False
8	10.135017920469625	0.002918405497523608	4.245791129607613	8.31965462323766	1.0640991325869653	6.341179707788049	-0.10015736799250952	1.0268556629464214	0.7127893687019649	0.1109638389769296	10.185139002741046	0.002958311987826042	10.13501790633591	0.0029184054978731505	10.135017906335914	-1.4133714643094208e-08	3.495424436006367e-13	False	False
9	10.135023063401635	0.011566127962671714	3.645170723376808	7.879565753514657	1.0021596116277152	7.547447063467175	-0.3712590505262895	0.9670840252207451	1.2057198513867091	0.18770103668101112	10.21934788783362	0.012228259363486739	10.135023063382315	0.011566127961603079	10.135023063382315	-1.9319656985317124e-11	-1.0686347640120886e-12	False	False
11	10.134985052422389	0.015088116778994576	3.9838399554556045	8.424907482238057	1.0543492585812775	7.924744774322888	-0.09858993665735265	1.0174470345309328	nan	0.06958142300417657	nan	nan	10.134985052422389	0.015088116778994576	nan	nan	nan	False	True
12	10.135073045741233	0.00601902201435243	3.8345719579191297	8.379772438668468	1.0844054326925405	6.522508991703638	0.04534979510919275	1.0464512425483017	0.06388427397925775	0.142929184978247	10.135073045741233	0.00601902201435243	10.087408189874566	0.005947485600228999	10.087408189874571	-0.047664855866667466	-7.153641412343051e-05	False	False
13	10.135072181743316	0.015819879878196483	4.179646285784953	8.439250715756513	0.8017318299782177	6.781287174830005	-0.5182733169372179	0.77367121592898	3.379905953048353e-08	7.561911141530346e-08	10.146243304985564	0.015859381231653813	10.135072181736845	0.01581987987817359	19.972303407690035	-6.4712679659351124e-12	-2.2891410988989946e-14	False	False
15	10.135058225899039	0.028733522340934133	3.064672057854056	7.112152655159541	1.0557069344621688	5.321699131020204	0.08279250995465046	1.0187571917559928	0.10899346677366577	0.08492316413208736	10.15599448730889	0.03264221474618609	10.13505822519747	0.02873352235448723	10.135058225197472	-7.015685810074501e-10	1.3553096145368926e-11	False	False
16	10.134995943106688	-0.005421341257719587	3.586057822762226	8.70833327546045	0.9947265405827169	5.483282128987781	-0.15478307142018638	0.9599111116623218	0.10899346677366577	0.08492316413208736	10.15599448730889	0.03264221474618609	10.13505822519747	0.02873352235448723	10.135058225197472	-7.015685810074501e-10	1.3553096145368926e-11	False	False
17	10.134931609585257	0.0030785933131295858	3.9325920612918948	8.23699649492696	1.0500253834712412	5.121831184839369	-0.019528388832957266	1.0132744950497476	0.07482995634498003	0.058304381471578924	10.134931609585257	0.0030785933131295858	10.099588574471765	0.003051340588332464	10.099588574471765	-0.035343035113491794	-2.7252724797121805e-05	False	False
18	10.135033223750343	0.006623505933386786	4.400090810341762	8.573202267382683	0.9081981798391925	4.966753812035794	-0.1726831905579574	0.8764112435448207	0.00015355033870001334	0.00011964002065405876	10.14287784308856	0.006636277370793348	10.13503295638498	0.006623505961305469	18.3238599279808	-2.6736536185012483e-07	2.7918682990457633e-11	False	False
20	10.135010170754468	-0.007828149782274814	3.687724501356514	8.424516824084362	0.8849665724131479	6.436651759031834	-0.39209091050107947	0.8539927423786877	6.009343330483123	4.682229725203912	10.16155705271777	0.007381859695156233	10.135017689830422	0.007336025020694362	12.643524614764253	3.4507507962189266e-11	-6.908007152417461e-13	False	False
21	10.135020381067873	0.009302181963906763	3.7623601242931675	8.420034764150742	1.046721641642683	5.546819107469832	-0.05901510212733785	1.010086384185189	nan	4.682229725203912	nan	nan	10.135020381067873	0.009302181963906763	nan	nan	nan	False	True
22	10.135104003694046	0.0212776328036929	3.0729629616118324	8.147900375541708	1.1286363883166481	5.317266968519296	-0.13237842866475136	1.0891341147255653	0.003319145189178301	0.000552330763386664	10.169862561229397	0.021815497852579576	10.135104003876844	0.021277632833759413	10.135104003876847	1.8279777691532217e-10	3.006651178028008e-11	False	False
23	10.1349950673682	0.013136295515203724	3.0321402316688837	7.613272411343024	1.0591601886755002	5.60052784545409	0.0379982881240547	1.0220895820718576	1.8754078727670351	0.3120819979204385	10.177060314755545	0.013748996805271472	10.134995070970094	0.013136295570166151	10.134995070970094	3.6018938942561363e-09	5.4962426970783795e-11	False	False
24	10.135021848710833	0.0015857464638898491	3.8546341014098418	7.777053357726882	0.9227699936890547	5.733515126757336	-0.2714971687617451	0.8904730439099378	0.6087119953831633	0.101294261603493	10.19896294462009	0.001612708138997902	10.135021848667119	0.001585746470564064	10.135021848667119	-4.3714365460800764e-11	6.6742147832726806e-12	False	False
25	10.134978175313456	0.015867697594879767	3.631153795889189	9.21145495044587	1.1638490961668393	5.574949820398842	0.041424664367306206	1.123114377801	0.5326837493629111	0.08864258872692597	10.144267966812905	0.01590390047658921	10.134978175018206	0.015867697307653215	15.465230431790639	-2.9525004663355503e-10	-2.872265515707628e-10	False	False
26	10.13498199776178	-0.004525592843387078	2.9467935799815907	8.684085558527947	1.0839159948236812	6.083612221373471	-0.2677072777403785	1.0459789350048523	0.5326837493629111	0.08864258872692597	10.144267966812905	0.01590390047658921	10.134978175018206	0.015867697307653215	15.465230431790639	-2.9525004663355503e-10	-2.872265515707628e-10	False	False
28	10.135072421606663	0.006829430701475071	4.720816704350142	7.629533794593393	0.8383262900820001	5.282151283993018	-0.3718246973642162	0.8089848699291301	0.0	0.0	10.193561781000458	0.006923558401732156	10.135072421601889	0.006829430700925522	10.135072421601889	-4.774847184307873e-12	-5.495491214868586e-13	False	False
29	10.135015736894234	-0.006984169907027035	2.9455069977079646	6.675595754099881	0.752581971070645	3.6206553630908944	-0.7098113604599631	0.7262416020831723	0.0	0.0	10.193561781000458	0.006923558401732156	10.135072421601889	0.006829430700925522	10.135072421601889	-4.774847184307873e-12	-5.495491214868586e-13	False	False
30	10.135019979181644	-0.004318258863154498	3.5676348856795688	6.870100228143761	0.861168391994731	4.7341731691106235	-0.5737327955839224	0.8310274982749154	0.0	0.0	10.193561781000458	0.006923558401732156	10.135072421601889	0.006829430700925522	10.135072421601889	-4.774847184307873e-12	-5.495491214868586e-13	False	False
32	10.135015204351017	0.00849674705414165	3.021595259431316	5.740769712615737	1.1391410400956103	5.675318529504246	-0.07646768653106362	1.099271103692264	nan	0.41643612536530555	nan	nan	10.135015204351017	0.00849674705414165	nan	nan	nan	False	True
33	10.135057327116982	0.018334047768613967	3.4675037868358105	7.452035503255097	0.8799201990296668	5.492677713021276	-0.18688471231684733	0.8491229920636284	0.25189530268745947	0.516596337200526	10.202529435027541	0.018823812563781895	10.135057328103377	0.01833404781368769	10.13505732810338	9.863949657074045e-10	4.5073722532151805e-11	False	False
37	10.135072715553289	0.031803663984931965	1.8598177699377556	7.240580298498206	0.8318408115265326	5.836666924862065	-0.400552700661594	0.8027263831231038	0.021365949396831972	0.4411256539492438	10.216359769498329	0.03308228596963522	10.13507271556322	0.031803663962744054	10.135072715563219	9.9316110890868e-12	-2.2187911230542312e-11	False	False
40	10.135070315570479	0.016380258027833272	0.9157752897336161	7.506462675953151	1.0715672602783632	6.307122221331125	0.12942868838112354	1.0340624061686206	0.132706240750812	0.4525972534841669	10.185754715690885	0.01759352951943417	10.135070315536419	0.016380258036152437	10.13507031553642	-3.40598660386604e-11	8.319164801484646e-12	False	False
41	10.135104830363543	0.017939345696878852	1.683956208966038	7.784599974166752	0.9794378164651645	7.3305742947906065	-0.5473393154230135	0.9451574928888837	0.004561114180106204	0.015555769940164811	10.217809010476325	0.019147712170341443	10.135070909429292	0.017926856828111955	10.135070909429292	-3.392093425169662e-05	-1.2488868766896699e-05	False	False
43	10.135046615554023	0.012079690493056596	0.13893213828803802	6.619198378495536	0.9335567498738628	7.104258233974851	-0.10621238710831168	0.9008822636282776	nan	2.4355059909978882	nan	nan	10.135046615554023	0.012079690493056596	nan	nan	nan	False	True
44	10.134970474682438	0.0074564923330163735	-0.18392805564882464	7.19189907771175	0.9702969199049857	7.173092364752415	-0.3349706280728453	0.9363365277083111	0.0	0.0	10.262208476948961	0.008788058220483156	10.134970474699372	0.007456492333152417	10.134970474699372	1.6934009750002588e-11	1.3604308651826713e-13	False	False
45	10.134977305350752	0.019793573923164574	0.11521076782627448	7.408640819400178	1.089110257236473	5.982104250121176	-0.01857522610944738	1.0509913982331964	0.0	0.0	10.205320014190239	0.02236490834424527	10.134965894409934	0.019793564520335108	10.134965894409937	-1.1410940818024073e-05	-9.402829466431673e-09	False	False
46	10.135078631487783	0.0028154091410765095	1.0392819427548865	6.867582062334551	1.0213622020273616	7.360301708425649	-0.03585788588237167	0.9856145249564039	0.0292051277470604	0.04089690808022086	10.180930280651483	0.00408353834827643	10.135078639974163	0.002815409052247162	10.135078639974164	8.486379599048632e-09	-8.882934752346694e-11	False	False
48	10.134973265799582	0.005468534271913245	0.4372171077884239	6.147754799647354	1.0844625922237863	6.944884027660476	-0.10704156128744852	1.0465064014959538	0.0	0.0	10.135054737424428	0.0047012371882912225	10.089207954745302	0.00010754971719443353	10.089207954745302	-0.04576531105428039	-0.005360984554718812	False	False
50	10.134994981329571	0.0038330026287746975	1.0638043770990042	6.246460704191112	1.0289587050454247	5.599727970864249	-0.12079612658364733	0.9929451503688349	0.9882420058209488	0.6500761890239614	10.099329852967411	0.011809019730518839	10.134994982873664	0.0038330026308447274	10.134994982873662	1.5440928535781495e-09	2.07002991137184e-12	False	False
53	10.1349485101989	0.027593244310547528	1.4474354202596031	5.365195643621743	0.8865560205179649	4.179891985070354	-0.4325755553417744	0.855526559799836	nan	1.0218928665983766	nan	nan	10.1349485101989	0.027593244310547528	nan	nan	nan	False	True
54	10.134963544945156	0.03025112971142129	0.8767161071809231	4.818519048583502	0.9282564130851033	4.867487893283659	-0.20703882802868212	0.8957674386271247	0.0	0.0	10.118855925786255	0.023586594536760735	10.134842971427704	3.3934155351479906e-08	10.134842971427704	-0.00012057351745298206	-0.03025109577726594	False	False
55	10.135002342172452	0.00762550352915518	1.4575985914888674	6.035811431570269	1.1406493671718172	5.773593311672415	0.006051709300260999	1.1007266393208035	nan	0.0	nan	nan	10.135002342172452	0.00762550352915518	nan	nan	nan	False	True
56	10.134972043134239	0.023428593292990296	0.8422930567593905	5.786210661321571	0.917524573831405	5.636820511866506	-0.3284549914563791	0.8854112137473058	nan	0.0	nan	nan	10.134972043134239	0.023428593292990296	nan	nan	nan	False	True
57	10.135026100580685	0.013630809814874849	1.1527263002820916	6.16012011193493	1.0888192883243195	6.192647845441815	-0.3029436431672165	1.0507106132329682	nan	0.0	nan	nan	10.135026100580685	0.013630809814874849	nan	nan	nan	False	True
58	10.135042717184987	0.003579227878130928	0.8108699582329604	5.972267697462584	0.8775640140195488	6.427092074159726	-0.5514635079622737	0.8468492735288645	0.5058365733746113	0.15613231868552488	10.160778222082564	0.005861193691850087	10.135020728066827	0.0016453341165277011	10.135020728066827	-2.1989118160092858e-05	-0.001933893761603227	False	False
60	10.1349904883562	0.023272865933102398	0.326769065405344	5.480201712148798	1.0032861640435247	7.566467174408891	-0.21356270926645082	0.9681711483020012	nan	0.5343204680238882	nan	nan	10.1349904883562	0.023272865933102398	nan	nan	nan	False	True
61	10.13501891348101	-0.005254118063576375	0.7073632675400224	5.433594207339957	0.910268145867334	7.774995089842553	-0.3571344255520869	0.8784087607619773	nan	0.5343204680238882	nan	nan	10.1349904883562	0.023272865933102398	nan	nan	nan	False	True
63	10.135065548753296	-0.00493308488016011	1.6145511136266628	6.177633170871089	1.078288234437532	5.71885281545317	-0.3258260853063929	1.0405481462322184	0.41847943778162844	0.24174354988883168	10.130377369061824	0.03974963880719137	10.135038014551919	0.002785715354969481	10.13503801455192	1.7034188726228194e-06	9.43933566726141e-05	False	False
64	10.135060555730284	0.004856742871960735	1.229032942512042	5.1809237257573155	0.9958827254503191	7.2787277409144835	-0.520943055778263	0.9610268300595579	0.1799581254992079	0.4300285969919361	10.113102792481772	0.0063896428327488135	10.135060400932398	2.694193107721455e-08	10.135060400932398	-1.5479788650907267e-07	-0.004856715930029658	False	False
65	10.135026574522364	-0.000664562405080827	1.2279393602630622	6.018934721467893	0.9407331292367136	7.223420564186762	-0.07482832381975493	0.9078074697134286	0.1799581254992079	0.4300285969919361	10.113102792481772	0.0063896428327488135	10.135060400932398	2.694193107721455e-08	10.135060400932398	-1.5479788650907267e-07	-0.004856715930029658	False	False
66	10.135065796530114	0.014589497442747174	1.559935042133692	5.255751162787383	0.8429894700978812	6.21365903621401	-0.44891632511627855	0.8134848386444553	nan	0.4300285969919361	nan	nan	10.135065796530114	0.014589497442747174	nan	nan	nan	False	True
68	10.135018735971027	0.015203712367072582	0.4440693939957848	5.270120114051082	1.0608008375254614	6.470721957820267	-0.3440406703530436	1.0236728082120703	0.0	0.0	10.184832756212433	0.014811998788342126	10.135020667732737	2.262513475382592e-08	10.13502066773274	1.93176171059406e-06	-0.015203689741937828	False	False
69	10.134999238340441	0.005991518311919389	0.41985709362884405	5.575087647589297	1.1384516407232008	5.468400976467272	-0.24959532976705032	1.0986058332978887	0.0	0.0	10.172021106907257	0.022550750451946485	10.134934297286764	1.1811881290889933e-08	10.134934297286767	-6.494105367771397e-05	-0.005991506500038098	False	False
70	10.135010112979137	-0.0009722804140896704	0.32045936230051947	5.643791620151712	1.117829817008008	5.540331146481804	0.030986700363990538	1.0787057734127279	0.0	0.0	10.172021106907257	0.022550750451946485	10.134934297286764	1.1811881290889933e-08	10.134934297286767	-6.494105367771397e-05	-0.005991506500038098	False	False
71	10.135024595395757	0.024705251742328953	-0.31675602651560786	4.901053878774668	0.9368432781203423	5.495590624283994	-0.24815096808999	0.9040537633861303	0.0	0.0	10.272063390699895	0.020707971571024785	10.135024468197324	3.5224075136455233e-08	10.135024468197326	-1.271984331197018e-07	-0.024705216518253817	False	False
72	10.135051328082648	0.0044111090828788	0.21992421151916214	5.254821122552302	0.9525954594612154	5.459362733339966	-0.13657170672096466	0.9192546183800728	0.0	0.0	10.196878105627508	0.004392976953802007	10.13505134007538	4.741465683437687e-06	10.13505134007538	1.1992732140697626e-08	-0.004406367617195362	False	False
75	10.134980355193152	0.019982617127609254	0.39751992052244334	5.473617190936736	0.877775081635497	4.450642300299241	-0.44832496662125243	0.8470529537782546	nan	1.958306275755473	nan	nan	10.134980355193152	0.019982617127609254	nan	nan	nan	False	True
76	10.135029180449784	-0.0049381676386453105	0.8710383644533707	6.5736918380995935	0.8799201990296668	5.492677713021276	-0.18688471231684733	0.8491229920636284	nan	1.958306275755473	nan	nan	10.134980355193152	0.019982617127609254	nan	nan	nan	False	True
78	10.13493755095646	0.002198342056710949	1.122710232249601	6.009236974482408	1.1780328516398046	5.231424078352672	0.23275846650776977	1.1368017018324115	0.17274728883424906	0.08623789182181729	10.047615580479503	0.01380345996337688	10.134942499933578	0.0006621471475738314	10.13494249993358	4.948977117891218e-06	-0.0015361949091371179	False	False
79	10.134942452391774	0.005250934506540421	0.6463940443821342	6.592439391089507	1.137609825480021	4.3885148795975635	0.1680347906576145	1.0977934815882204	0.3210058103955541	0.16025064438277975	10.114009193305067	0.008644168945425648	10.134942452517924	0.005250934496979005	10.134942452517928	1.2614975730684819e-10	-9.561415895142922e-12	False	False
81	10.135037677359126	0.007315592381982688	1.7927124645993133	7.688315535210791	1.124860598596485	6.408623691502624	0.005317176100527871	1.085490477645608	0.6283403064538451	0.6676210967799029	10.180406949171635	0.008021422579478153	10.135037677415992	0.007315592214476436	10.135037677415992	5.686651149972022e-11	-1.6750625192463175e-10	False	False
86	10.134965764611847	0.025330638559824297	2.9654447749666697	7.591368067622887	1.0019088086691428	6.347091302103378	-0.07796358934686361	0.9668420003657228	0.43676401192381475	0.4409486967861813	10.19635019027117	0.026527124779421835	10.134965764564713	0.02533063855958729	10.134965764564713	-4.7133852376646246e-11	-2.3700832962880725e-13	False	False
88	10.135013149453009	-0.0004864268809178923	3.005103052968912	6.867256760960169	1.078519942276281	7.0706789711528355	-0.18453697359056476	1.0407717442966111	1.8655179941063706	1.883391730717644	10.156427403704766	0.019084037914425093	10.13500420446121	0.011998231028247383	10.135004204461211	-4.1527670191499055e-11	1.2320953285405167e-11	False	False
90	10.135059551761278	0.010549261533339687	3.0963576058821265	6.874903573840342	0.9796698536186209	9.149943523983227	-0.06301658208723168	0.9453814087419692	0.2774849278950397	0.36083633707254886	10.21157313329425	0.016054866427418473	10.135059551935374	0.010549261539273927	10.135059551935372	1.7409540475910035e-10	5.9342392111361164e-12	False	False
91	10.135077366660628	0.004881709848995811	2.8416383250891037	6.315031762705283	0.8912750966175857	6.8494403838501405	-0.3249596608686911	0.8600804682359702	0.03815935499012589	0.04962172894989247	10.148711673496981	0.008899523615137418	10.135077366692412	0.004881709856145547	10.135077366692414	3.178435292738868e-11	7.1497365319861395e-12	False	False
92	10.13506962013896	0.008478513842989508	2.9082818357797864	7.161338306814854	0.8304983635937486	7.08374766435574	-0.4327272966550432	0.8014309208679674	0.10558062050643209	0.1372951124170547	10.234917425357589	0.00901871575035073	10.135069620241536	0.008478513824186807	10.135069620241538	1.0257572569116746e-10	-1.8802700715858656e-11	False	False
93	10.135034136483466	-0.0061962290488367135	3.512453597525788	7.395784244774859	0.9052004756300236	6.647530492646241	-0.14718483336538535	0.8735184589829728	0.10558062050643209	0.1372951124170547	10.234917425357589	0.00901871575035073	10.135069620241536	0.008478513824186807	10.135069620241538	1.0257572569116746e-10	-1.8802700715858656e-11	False	False
95	10.135012268809891	0.024873603865146324	4.81911066945168	6.986570660739506	0.9434560198632057	8.491936895817926	-0.18752187525304104	0.9104350591679935	0.0	0.0	10.220723693107775	0.0315765624218398	10.135012268806335	0.024873603861190623	10.135012268806337	-3.5562663924793014e-12	-3.955700350610769e-12	False	False
96	10.135023807006327	0.025560268076959686	4.316114152233936	6.492392098854673	1.0170118346517394	8.281071452537581	-0.16464465195522082	0.9814164204389285	nan	0.0	nan	nan	10.135023807006327	0.025560268076959686	nan	nan	nan	False	True
101	10.134971230984434	0.024341661341755062	2.8851137415053962	6.457527203634316	0.9536199850656412	9.6791707896969	-0.29255882745445516	0.9202432855883437	0.667473123916371	0.4382812939018995	10.264991371800965	0.07417711511681947	10.135056268714598	0.01575196871421338	10.1350562687146	8.50377301642169e-05	-0.008589692627541681	False	False
102	10.135024391961123	-0.00019271602711685466	3.0182426779301346	6.6048056931971	0.8976403855681494	10.634821702292202	-0.4139110084976928	0.8662229720732642	0.667473123916371	0.4382812939018995	10.264991371800965	0.07417711511681947	10.135056268714598	0.01575196871421338	10.1350562687146	8.50377301642169e-05	-0.008589692627541681	False	False
105	10.13498224883321	-0.0006724821128610906	2.8839983784813112	7.269193282303924	0.8650274301200812	10.932387350717605	-0.49500545316338357	0.8347514700658784	2.057293582091648	1.205380845286126	10.303560241162446	0.013948726929362422	10.135002184351743	0.010412211968788632	10.135002184351748	-2.751026073610774e-10	-8.471901999373976e-12	False	False
106	10.135057899305162	0.008093728255045242	4.273228228480984	6.330438436157939	0.9493557832903339	9.693128503400255	-0.2753738834461853	0.9161283308751722	0.2371328354958819	0.11526446082371444	10.19795722008784	0.052747968103367765	10.13505789951975	0.008093728269902708	10.135057899519751	2.1458745891322906e-10	1.4857465951978455e-11	False	False
108	10.13501484630794	-0.0013772794113148484	3.597145673073674	6.491926870754979	0.8273427068930392	11.276543851782977	-0.5300537904740283	0.7983857121517829	0.8157672417797648	0.39652446732973096	10.245039489358748	0.0020839227046039635	10.135012377142457	0.0009340024239900391	10.13501237714246	1.5021139887494428e-09	8.560670618565358e-13	False	False
110	10.135028998190037	-0.007037211323796037	2.762404339472483	5.527948609887095	0.9148082086283715	10.475897059140248	-0.41131594331063626	0.8827899213263785	1.3164670087539694	1.6137777313560968	10.2765251084576	0.007096845304837546	10.13500701469603	0.0056559774384278205	10.135007014696027	-6.405063146530665e-10	-2.6120825034198214e-10	False	False
113	10.134951185883201	-0.0014732427841329058	3.506785949672194	8.404605900004587	0.8729372617317538	8.879858857658624	-0.3866000143014342	0.8423844575711423	1.3634268140318901	0.8129693136676925	10.250597508304716	0.006968295393986255	10.134990594716418	0.0067562046057269	10.13499059471642	-1.2451017994408176e-10	-1.6726984380932564e-13	False	False
115	10.135029153394184	0.005283309967268377	2.628327713752223	7.80327353141032	0.8552425175740659	11.959839641432348	-0.3638276046785954	0.8253090294589736	nan	0.8444331987229097	nan	nan	10.135029153394184	0.005283309967268377	nan	nan	nan	False	True
120	10.134988066638373	0.03379027569805595	2.4501391567704944	7.959795642865356	0.8941764412243433	11.33135303805078	-0.19793156865892408	0.8628802657814912	nan	1.0492603198526753	nan	nan	10.134988066638373	0.03379027569805595	nan	nan	nan	False	True
123	10.135041168546264	0.0029256929719835515	2.784176581605463	7.099358919578274	0.8273427068930392	11.276543851782977	-0.5300537904740283	0.7983857121517829	0.5615626131549399	0.24145037032350142	10.310705792186662	0.003444389142072033	10.135041168486385	0.0029256929885024987	10.135041168486385	-5.987921269934304e-11	1.6518947234395176e-11	False	False
124	10.13506483566304	0.012198712099014141	1.9317825233639492	7.304206652693113	0.8516920265743261	10.778991302056102	-0.3832565170592496	0.8218828056442247	0.20084481991417272	0.08635556393860934	10.298046121261057	0.013504284303624402	10.135064835644982	0.012198712094405428	10.135064835644984	-1.8058443629342946e-11	-4.6087127170135744e-12	False	False
129	10.134979492353773	0.03345790274287437	3.7741179901130497	7.132417181930005	0.8959896758472096	8.013999815536334	-0.23500141088826196	0.8646300371925572	0.19006863930002535	0.3515676925639235	10.234037019694368	0.03740580924004729	10.134979492342904	0.03345790274505762	10.134979492342906	-1.0869527500290133e-11	2.1832466390314664e-12	False	False
135	10.135079335774085	0.009724920745132782	2.64085577421195	6.539286187203118	1.089922535731437	6.414084071003564	-0.021641267711654824	1.0517752469808368	0.04619510350974477	0.11230497172200413	10.093607751973632	0.027292386388873276	10.135079335684122	0.009724920761450234	10.135079335684123	-8.996359213142568e-11	1.6317452597447435e-11	False	False
137	10.134975224311484	-0.00236490222602119	1.3096953875825297	7.036811811734819	0.921758776331003	8.758578190660607	-0.16380927613788393	0.8894972191594178	1.9053132244676	4.632009272373564	10.281200154255918	0.014705592214172218	10.135007505652428	0.012300199191649005	10.135007505652428	-2.865974124688364e-11	-1.4739700779364817e-11	False	False
138	10.135042948233538	0.010832840421034185	1.7919021587599206	6.951197286510925	0.9973569065542486	7.831474687248028	-0.3764802154824548	0.9624494148248498	0.5776683921137851	0.30318815021881895	10.1939684036114	0.018585622329702744	10.135042940813904	0.010832840406306016	10.135042940813905	-7.419634684424636e-09	-1.4728168337696523e-11	False	False
139	10.135068666796046	0.006016351407119594	2.042457416493208	7.585797310509704	0.9575844247835805	8.619354828993249	-0.37610024678890475	0.9240689699161552	0.09250711808670177	0.04855218391325182	10.239936174921839	0.006621173565209815	10.135068666749575	0.006016351414952675	10.135068666749577	-4.647127127554995e-11	7.833081405728137e-12	False	False
140	10.135005222778258	0.02742366454868885	1.2113634536311202	6.924606046888597	0.9434560198632057	8.491936895817926	-0.18752187525304104	0.9104350591679935	0.6734385635505341	0.3534529414389135	10.228065396866054	0.03624113968538643	10.135005226413774	0.027423666453140032	10.135005226413778	3.635516776512304e-09	1.9044511800903052e-09	False	False
141	10.135008269365795	0.021461283646961617	2.0512034350537753	7.199507609203806	0.8805830046223985	9.751513250885296	-0.41901128105038504	0.8497625994606145	1.3413000862457258	0.7039787836566999	10.269636724132456	0.02478527251996041	10.135008269403663	0.021461283646712126	10.135008269403665	3.786837510233454e-11	-2.4949139976193635e-13	False	False
144	10.135087541794798	0.016992527262809566	1.0565272195487276	7.029797423586812	0.9154771562392323	9.135213711947587	-0.28597842880581015	0.8834354557708591	0.023468880705693956	0.027291543890776752	10.246285135008236	0.021237350016558257	10.13508754190161	0.016992527273327025	10.135087541901612	1.0681233675313706e-10	1.0517458431946736e-11	False	False
150	10.13510951833101	0.01920818306325916	2.6138292807714754	7.363837635792285	1.012498088844906	5.426451693481719	-0.11085179325218296	0.9770606557353343	0.0019268382179337706	0.009413564926284104	10.174996550013121	0.020538087602176448	10.135109518306692	0.019208183062241545	10.135109518306697	-2.431832513138943e-11	-1.0176130771366587e-12	False	False
151	10.135074707719948	0.01649133163998499	1.907342629877395	7.531840621980711	1.0615856388361347	6.7727255237996244	-0.1637800658647835	1.02443014147687	0.06638295270732027	0.3243138056390189	10.18915952496325	0.01651998213789223	10.13507605506483	0.014694813136453865	10.13507605506483	1.347344882773882e-06	-0.0017965185035311252	False	False
152	10.135074932868063	0.01902158160558748	3.2087124881471474	7.240319174881652	0.9775422415592261	7.69070228451078	-0.26516803835035135	0.9433282631046531	0.060817821690193966	0.29712536726084854	10.207370817023572	0.019045658433449526	10.134028024649368	0.016217661972324864	10.13402802464937	-0.0010469082186954637	-0.0028039196332626144	False	False
153	10.135054301846388	0.03583612903876197	2.0148709925338277	6.354183285083576	1.0813784700101996	6.617768069471449	-0.14399210608549828	1.0435302235598425	nan	0.29712536726084854	nan	nan	10.135054301846388	0.03583612903876197	nan	nan	nan	False	True
155	10.135090705458145	0.015162936061587366	2.937643593280361	7.311258680684723	0.9486266974454899	6.331625789033439	-0.041861921554140494	0.9154247630348977	0.016878803328116806	0.16588751823051884	10.198478903696737	0.016122870715286015	10.135090707192179	0.015162936040454189	10.13509070719218	1.7340333613447e-09	-2.1133176805743226e-11	False	False
158	10.135059457091963	0.02818819252818528	2.022497240322708	9.667860616566992	1.0273326157574114	7.945819656574283	0.03222253148033333	0.991375974205902	2.0895903639141598e-35	2.65235711992281e-34	10.137709823921536	0.02820468646603689	10.135059457073817	0.028188192527558067	28.79610319659165	-1.814548511447356e-11	-6.272135588680783e-13	False	False
159	10.135020258253105	0.01964041915160694	2.7333938221194094	8.694429032170092	1.168553261609151	5.552851289363661	-0.0453588551046274	1.1276538974528307	nan	2.65235711992281e-34	nan	nan	10.135020258253105	0.01964041915160694	nan	nan	nan	False	True
160	10.13509049530108	0.006302678025590251	2.4473980609362416	8.237888318837294	1.0479453491271442	8.347606958333332	-0.03300694859678428	1.0112672619076941	nan	2.65235711992281e-34	nan	nan	10.13509049530108	0.006302678025590251	nan	nan	nan	False	True
163	10.135045126210134	0.001841174351649186	2.269376734181911	7.775773165794148	1.0543492585812775	7.924744774322888	-0.09858993665735265	1.0174470345309328	0.25972739246439897	0.27935840772036874	10.21777910020478	0.00200565243432947	10.135045126166899	0.0018411743543552937	10.135045126166899	-4.3234749114162696e-11	2.7061076903617254e-12	False	False
165	10.13498838280633	0.005383661160934154	4.308061566363218	7.834935164265034	1.0543492585812775	7.924744774322888	-0.09858993665735265	1.0174470345309328	1.0790907429888938	0.7804456742723428	10.217918472624566	0.0057983292642073995	10.134988382785918	0.00538366116294098	10.134988382785918	-2.0412116441548278e-11	2.006826128886363e-12	False	False
166	10.135035522402173	0.011019843132279354	3.666920289199434	8.432860814118245	1.1579829226884883	6.13211361688832	0.1125404490057409	1.1174535203943912	0.986499985953415	0.7134799846160794	10.18153900220547	0.011180951013063973	10.135035522360786	0.011019843093406305	10.135035522360786	-4.1387338001186436e-11	-3.887304887706389e-11	False	False
168	10.135018920970586	0.0008198337193085006	3.5276688581884965	7.303303459862335	1.0806870030054447	5.61787577761611	0.11902396740404805	1.0428629579002542	0.7496093037774604	0.5222540716137857	10.1611562864812	0.0009051707505749508	10.135018920501546	0.0008198337198546216	10.135018920501546	-4.690399180162785e-10	5.461209826376767e-13	False	False
171	10.13499961641603	-0.01040191586211163	2.60502950182327	8.16265134295028	0.9212831451275835	4.224331155460107	-0.28309507855643035	0.889038235048118	3.838557477128041	1.7488484161080207	10.164283964220582	0.0034519518670191847	10.134989656213447	0.003427921404737011	11.643302521425563	5.718398199405783e-09	-2.9160788367343926e-13	False	False
172	10.134933644589552	-0.004931038163781281	2.591036949107332	8.19656707153408	0.9448656559584792	5.81056614364264	-0.08215890731609204	0.9117953579999324	3.838557477128041	1.7488484161080207	10.164283964220582	0.0034519518670191847	10.134989656213447	0.003427921404737011	11.643302521425563	5.718398199405783e-09	-2.9160788367343926e-13	False	False
173	10.134975995451697	-0.015046250605970934	2.879238975977726	8.681428204711892	0.9343165938088123	5.451686322460219	-0.11405318194302758	0.9016155130255038	3.838557477128041	1.7488484161080207	10.164283964220582	0.0034519518670191847	10.134989656213447	0.003427921404737011	11.643302521425563	5.718398199405783e-09	-2.9160788367343926e-13	False	False
174	10.134930843777637	-0.005096396140998284	2.4462164805720343	8.79207878822718	1.1309954044157737	5.278230018239365	0.02125782033355228	1.0914105652612216	3.838557477128041	1.7488484161080207	10.164283964220582	0.0034519518670191847	10.134989656213447	0.003427921404737011	11.643302521425563	5.718398199405783e-09	-2.9160788367343926e-13	False	False
176	10.135075561149305	-0.005383471289711066	3.4583163853980814	7.978856294016141	1.1359429981387617	5.655049220892759	-0.17128370770562548	1.096184993203905	1.0220761938730156	0.26626570006129485	10.159360160541318	5.0945440808720534e-05	10.135031286340276	5.09658026501176e-05	10.692730140785487	-1.4096457334744628e-10	1.2941985807687906e-16	False	False
177	10.13498290948774	-0.016907746090089118	3.344107916427528	8.593485871012838	0.9702841442593402	4.709468536631679	-0.09325611299341609	0.9363241992102632	1.0220761938730156	0.26626570006129485	10.159360160541318	5.0945440808720534e-05	10.135031286340276	5.09658026501176e-05	10.692730140785487	-1.4096457334744628e-10	1.2941985807687906e-16	False	False
178	10.135022587462315	-0.0007974866991802648	2.807934915838647	8.023309789619987	0.9818685707132636	4.2363713236401495	-0.31573566645996454	0.9475031707382994	1.0220761938730156	0.26626570006129485	10.159360160541318	5.0945440808720534e-05	10.135031286340276	5.09658026501176e-05	10.692730140785487	-1.4096457334744628e-10	1.2941985807687906e-16	False	False
179	10.135025279203154	-0.006738017145997354	3.350771836142154	7.956144244828321	0.8977205063972498	4.134323982533485	-0.4185511214196964	0.866300288673346	1.0220761938730156	0.26626570006129485	10.159360160541318	5.0945440808720534e-05	10.135031286340276	5.09658026501176e-05	10.692730140785487	-1.4096457334744628e-10	1.2941985807687906e-16	False	False
180	10.135052241875096	-0.012208019890592047	3.0950863749796804	7.244734065857084	0.893200045473117	3.299956608096852	-0.5253262683061732	0.8619380438815579	1.0220761938730156	0.26626570006129485	10.159360160541318	5.0945440808720534e-05	10.135031286340276	5.09658026501176e-05	10.692730140785487	-1.4096457334744628e-10	1.2941985807687906e-16	False	False
181	10.135060009386146	0.006463455012282166	3.224500299312668	8.952468992884684	1.0524850510566928	5.0367749460334705	-0.14844134857695912	1.0156480742697085	0.015925673075081366	0.015581688694590609	10.142613070934365	0.006475673146604673	10.13506010853045	0.006463455002093561	16.19362456276007	9.914430343371805e-08	-1.0188604300520598e-11	False	False
182	10.13503879345283	0.020514328760655523	4.510059985465226	7.813889883327562	0.9102402466845825	4.023626177500578	-0.3559378351354191	0.8783818380506221	0.0	0.0	10.169986305646077	0.020694540439533827	10.135038793426137	0.02051432874995058	10.135038793426137	-2.6693314225667564e-11	-1.0704943875783357e-11	False	False
183	10.135054265052712	-0.0038713585579983776	2.4241225946712333	8.447737031189916	1.1197930073237092	4.801016010481103	-0.03335541454985974	1.0806002520673794	0.0	0.0	10.169986305646077	0.020694540439533827	10.135038793426137	0.02051432874995058	10.135038793426137	-2.6693314225667564e-11	-1.0704943875783357e-11	False	False
186	10.135019620537882	0.0038685759913984104	3.2388843468483035	8.878042623094089	1.0802470863945322	2.9434963404318233	0.03832291041285271	1.0424384383707235	0.29145657913545886	0.2568968928676151	10.137581566625695	0.0038720039040011233	10.13501944428578	0.0038685760036905764	15.762449855631699	-1.762521026904551e-07	1.2292165983002201e-11	False	False
189	10.135007803776432	0.014317160993861832	2.7977525120089926	8.717820935422587	1.125913530456332	5.462222461876914	-0.044008840439290015	1.0865065568903602	2.536180640197942	0.5862241008860132	10.158938795085835	0.014400682338731572	10.13500780425099	0.014317160958127574	10.427037307342799	4.745572823594557e-10	-3.573425756686621e-11	False	False
191	10.134966341117119	0.009552315293000931	2.835506786765242	8.797190395733528	1.006378766498213	3.4625424995343765	-0.13715481250526196	0.9711555096707755	0.005922856525296798	0.0018277195026410449	10.1387926789438	0.009562748838569902	10.134966722912708	0.00955231369092363	17.294771915647267	3.817955889218183e-07	-1.602077300683069e-09	False	False
192	10.135011293678843	0.02920863496923483	3.516191340842088	8.973347549686448	0.8961501416123949	5.516762542950176	-0.3214405238511038	0.8647848866559611	9.379347702285811e-18	2.8943494822644237e-18	10.138777293035625	0.02923410009446919	10.135011293678168	0.029208634969264763	24.108359747471688	-6.750155989720952e-13	2.9934388301455783e-14	False	False
194	10.134989380866035	-0.00011162968616390025	2.620564074085192	8.5466457709385	0.9754293726987848	4.252650677369892	-0.35023384866805757	0.9412893446543273	1.5903945686369036	0.4907758878806201	10.170070579120997	0.014477251845750293	10.134977873399755	0.014287934386825228	10.134977873399755	-1.275726191352078e-10	-4.6543307402613365e-12	False	False
199	10.135034734233304	0.009966486856650088	2.4870892025215636	6.743164533710111	1.0130646235345522	5.050097991606726	-0.18577657293219035	0.9776073617108428	0.8645164762144857	0.11522560131604252	10.123025084561819	0.013109724425630758	10.135034734204126	0.009966486883871684	10.135034734204126	-2.9178437443988514e-11	2.7221596504700685e-11	False	False
200	10.135022983319473	0.019844902195446396	1.961348583865011	7.804508907450425	0.9415951295303695	5.353275319929738	-0.264110600805323	0.9086392999968066	1.1362246657356043	0.15143976308326917	10.193234393267266	0.02016692505303369	10.135022983323843	0.01984490219449209	10.135022983323845	4.369837824924616e-12	-9.543060786043611e-13	False	False
202	10.134986826904969	-0.0018398483599972142	2.0219588044435595	8.45769924041327	0.9001311577136036	7.284498752343153	-0.40275157901258296	0.8686265671936275	4.790644810403592	0.6385129076861926	10.161333223372047	0.007425099948231909	10.134998340160081	0.007379709255644861	13.815689640712156	-4.61918624239388e-07	-4.587066428259068e-08	False	False
203	10.134963358182349	0.013691216994250152	1.962954980250766	8.450583839423883	1.0608008375254614	6.470721957820267	-0.3440406703530436	1.0236728082120703	nan	0.6385129076861926	nan	nan	10.134963358182349	0.013691216994250152	nan	nan	nan	False	True
204	10.134955317288172	0.016475515672429608	1.5635802763236946	8.182007539869936	0.8914872803215277	6.172505494340313	-0.21018141767098508	0.8602852255102742	2.00315293634849	0.41813847939599863	10.161160997876955	0.01657624582269464	10.134955317296576	0.0164755156725276	13.422305807591332	8.403944207202585e-12	9.799105971097788e-14	False	False
206	10.134976637817097	-0.004906766646231723	1.9579970849541797	8.574512056096342	0.9775422415592261	7.69070228451078	-0.26516803835035135	0.9433282631046531	1.8516818998911413	0.3865203898794461	10.156488293794283	0.0037911395382793193	10.13498867299322	0.0037724134713847573	14.167179780860037	-4.517275442594837e-12	-5.754598186857862e-14	False	False
207	10.134987777842147	0.0060090395611481435	1.493292001218011	9.47607711020491	0.8608179616907259	7.2804635971504625	-0.3126234037200146	0.8306893330315505	6.358158867681284e-64	3.433720915052998e-64	10.136505590025866	0.00601106653921785	10.134987777841848	0.006009039561155792	34.719956242903606	-2.984279490192421e-13	7.648395805581742e-15	False	False
208	10.134971570491867	0.005818736444497886	1.4589529115963977	9.19887658319974	1.0171746895734364	7.3045128725389326	-0.19021415588481194	0.9815735754383661	nan	3.433720915052998e-64	nan	nan	10.134971570491867	0.005818736444497886	nan	nan	nan	False	True
209	10.135029207728095	-0.005209298692559562	2.0358724394844487	8.291132021526181	1.0554916063945494	7.854250492305925	-0.1484786230338212	1.0185494001707402	nan	3.433720915052998e-64	nan	nan	10.134971570491867	0.005818736444497886	nan	nan	nan	False	True
210	10.135019981663904	-0.008787121067016068	2.405561258658119	7.631624564727808	1.0340525272000671	7.451527629913188	0.04293572461181741	0.9978606887480648	nan	3.433720915052998e-64	nan	nan	10.134971570491867	0.005818736444497886	nan	nan	nan	False	True
212	10.13501963464685	0.03585108062646651	1.3310476241943305	8.180280404025108	0.9775422415592261	7.69070228451078	-0.26516803835035135	0.9433282631046531	0.11595849299138135	0.2336655870576845	10.205149659672303	0.036487098021211875	10.13501963462618	0.03585108062030854	10.135019634626182	-2.0669688183261314e-11	-6.157969967279797e-12	False	False
213	10.135078897149937	0.038708197253920995	1.9078430773000332	7.0790987859579	0.9594846627057999	7.873700949275047	0.07404799818353101	0.9259026995110968	0.0032437042183581085	0.006536322013778407	10.21656239032184	0.04476936858347336	10.135078900706992	0.03870819908964495	10.135078900706993	3.557055094915995e-09	1.8357239547905913e-09	False	False
214	10.135067735667858	0.04579503746306069	1.5694992123270837	8.160392495837016	0.9673765776310504	7.128678949674007	-0.3948187689591286	0.9335183974139637	0.0008534948221756805	0.0017198599561758473	10.200724805487347	0.046564407318107306	10.135067731001698	0.045795035969921426	10.135067731001698	-4.666160791089169e-09	-1.4931392650074926e-09	False	False
215	10.135071732384317	0.034256603251449864	1.7500486437346237	6.880609355475338	0.9883006064159552	7.46130477551441	-0.16432917105731126	0.9537100851913968	0.011394144021028185	0.02296010652614502	10.201355355754295	0.04796736200854432	10.135071732367557	0.034256603247259064	10.13507173236756	-1.6759926779741363e-11	-4.190800484416002e-12	False	False
217	10.13494818967373	0.03541899786282171	1.5756096674974338	8.047839436204274	0.9291877012160001	7.881570070936439	-0.30391097844832615	0.8966661316734401	0.03643351640998742	0.013979919003296244	10.208127257069098	0.03602485922057024	10.134948593750504	0.035417540767294316	10.134948593750504	4.040767738189288e-07	-1.4570955273948694e-06	False	False
218	10.134945871039559	0.04277554390973136	2.211664860185078	7.523957750158402	0.9154771562392323	9.135213711947587	-0.28597842880581015	0.8834354557708591	0.0054188581204108015	0.002079272194350435	10.258052910219718	0.042886588273350054	10.134947006637876	0.039993231361286276	10.134947006637876	1.135598317603126e-06	-0.002782312548445083	False	False
219	10.134993218910665	0.05073765382746916	1.0097078348768682	7.998019587941924	0.8437662128658425	8.773666576333845	-0.389828014966485	0.814234395415538	0.0075198265623200545	0.002885435626829914	10.195333137896357	0.05140999155487994	10.134993216001584	0.05073765382974166	11.42632390993294	-2.90908097611009e-09	2.272494692423521e-12	False	False
220	10.135014182999342	0.015534834467629755	0.7499867407077415	8.966010641739501	0.9721202001997071	8.834827745535879	-0.155412625686123	0.9380959931927173	0.06290285317713827	0.02413647869167983	10.149452374286776	0.015584377024892808	10.135014160210032	0.01553483447243381	16.52444896058623	-2.278930999466411e-08	4.804054723472895e-12	False	False
221	10.135052111645509	0.02019486860925726	1.664512727507026	8.603547308351386	0.9796605315782744	8.024534250090882	-0.12331537447011232	0.9453724129730348	1.5308250769746101	0.5873934962383495	10.161798337020324	0.020317115689175897	10.1350519176241	0.020194868856937803	12.75959005190106	-1.9402140871704887e-07	2.4768054274204587e-10	False	False
223	10.135045556579362	0.03218547705390414	1.2297377883572866	7.8625328955102445	0.9110988607858072	8.291184443461228	-0.40205973739327433	0.8792104006583039	0.10670525775493692	0.05228884802317977	10.23515839056901	0.03308684234922629	10.135045556786714	0.032185477120254755	10.135045556786718	2.0735235750635184e-10	6.635061250426233e-11	False	False
225	10.135082513972904	0.014246196807831218	1.223444235296215	8.68996030649075	0.8729372617317538	8.879858857658624	-0.3866000143014342	0.8423844575711423	8.881599858308708e-05	5.376840757592095e-05	10.15007427609691	0.014293020028484878	10.13508251378891	0.014246196807616374	17.58760414191263	-1.8399326506823854e-10	-2.1484376777625158e-13	False	False
226	10.135046312503802	0.005802217457404229	1.2306632570546447	7.877586399415389	0.9841993818046578	8.460723901161217	-0.25707791857563655	0.9497524034414948	0.3585847208184434	0.21708396828333823	10.23755353025736	0.006098059074139695	10.135046312572797	0.005802217451642421	10.135046312572799	6.899547599914513e-11	-5.76180856498576e-12	False	False
227	10.134965009971179	0.01594330533623407	1.5832782842151156	8.973993949988829	0.9493557832903339	9.693128503400255	-0.2753738834461853	0.9161283308751722	0.012124093492317974	0.007339817271475922	10.15307792753041	0.01600619522810773	10.134964898579545	0.015943305359991226	16.953069516085	-1.1139163369477956e-07	2.375715596469874e-11	False	False
228	10.135017973572486	-0.0053206017747398845	1.2257913365391142	8.83038660996025	0.9794597660187825	8.931627516840745	-0.24978591250104487	0.9451786742081251	0.012124093492317974	0.007339817271475922	10.15307792753041	0.01600619522810773	10.134964898579545	0.015943305359991226	16.953069516085	-1.1139163369477956e-07	2.375715596469874e-11	False	False
229	10.134973081298337	0.012471642820111997	2.8592406219402706	9.36788557952809	0.9244709167357674	9.794362420805609	-0.2693939944702084	0.8921144346500155	1.3596500361884207e-21	8.231199161489361e-22	10.140454521910392	0.012486296980741045	10.134973081296835	0.0124716428196714	25.426823381607495	-1.5027978861326119e-12	-4.405972114929213e-13	False	False
230	10.134994713066861	0.01275221248026955	1.5281540537282159	8.914838950796332	0.9160909668235289	8.664966690361375	-0.2077162583400931	0.8840277829847053	6.017891757937264e-07	3.6431776025784953e-07	10.145119016985547	0.012780433944055423	10.134994713060594	0.012752212480292591	19.920091688002472	-6.266986929404084e-12	2.3040597207923952e-14	False	False
232	10.134958140227468	0.015483477123677408	1.830869007115389	9.090541770082503	0.8483593319754901	9.700201685014191	-0.3911362227892322	0.8186667553563479	9.514030920388253e-25	3.114899415531149e-25	10.140789174700755	0.015502892300360118	10.134958140231578	0.015483477123661675	26.266355709531123	4.1104897263721796e-12	-1.5732207203633664e-14	False	False
234	10.135007675887328	0.03621456783755692	3.166477254091587	8.201352637810007	0.9690932340294254	8.484260195086529	-0.23452866581665208	0.9351749708383954	0.13599796973894945	0.04363565242580108	10.21041888056872	0.03689430189087464	10.135007675583855	0.03621456783519268	10.135007675583857	-3.034728024431388e-10	-2.3642407476209826e-12	False	False
235	10.134941398408131	0.028533229065408543	1.3087969803384927	8.81842362342181	0.8939841393605406	9.002238031135729	-0.24330301910961752	0.8626946944829216	4.551047774886039e-07	1.460227231769237e-07	10.146984470051093	0.028607773987509376	10.134941398424836	0.028533229065407454	19.297341359559137	1.6704859717719955e-11	-1.0894063429134349e-15	False	False
237	10.134989282832603	0.0116291118030962	1.2764755921782376	8.876376293714983	0.942075195344512	7.607494459175622	-0.2955174908353867	0.9091025635074541	0.004769540445405301	0.004143755363438499	10.146456226141975	0.011659040965987447	10.134988600389267	0.011629181240966001	17.45034315503996	-6.824433356200643e-07	6.943786980129207e-08	False	False
238	10.135067199230965	-0.009661027647086113	2.0551649052836307	8.649149322359307	0.9630062380586232	9.181570041510597	-0.31833525861569384	0.9293010197265713	0.004769540445405301	0.004143755363438499	10.146456226141975	0.011659040965987447	10.134988600389267	0.011629181240966001	17.45034315503996	-6.824433356200643e-07	6.943786980129207e-08	False	False
239	10.135078181478386	-0.004916672135820518	2.681502432833754	8.990780028392317	0.8437662128658425	8.773666576333845	-0.389828014966485	0.814234395415538	0.004769540445405301	0.004143755363438499	10.146456226141975	0.011659040965987447	10.134988600389267	0.011629181240966001	17.45034315503996	-6.824433356200643e-07	6.943786980129207e-08	False	False
241	10.135083267378148	0.012224096135634832	0.9165131331817311	8.86489564028237	0.6912229253964609	8.652073331910627	-0.9241546839666506	0.6670301230075848	4.537508488326194e-74	2.4545495959362614e-73	10.13840114247363	0.01223281464539667	10.135083267376467	0.01222409613568761	36.281325345425074	-1.680433570072637e-12	5.2778961756594356e-14	False	False
244	10.135112280677664	0.012477237621806272	1.0519722652141403	7.526604377433279	0.8788588505862039	7.458269510653209	-0.15639629731502402	0.8480987908156867	0.0013985985347980483	0.0029070602458168907	10.237556926399309	0.012902884316280469	10.13511228045144	0.012477237622696187	10.135112280451441	-2.262243725681401e-10	8.89914877899578e-13	False	False
245	10.13509458873524	0.021204979660717955	1.3265093518464672	7.622838903741494	0.9487777548208686	8.505576332723649	-0.03149578056545135	0.9155705334021381	0.010644163477446051	0.022124450816565142	10.239137653734188	0.02222756285251164	10.135094588728489	0.021204979659577607	10.13509458872849	-6.751932346560352e-12	-1.1403482325089698e-12	False	False
246	10.135071164962662	0.012224973513853984	0.4189405352027248	8.418834821556198	0.9691909800310737	7.22505172778732	-0.0778558205917751	0.9352692957299861	0.0	0.0	10.164789164592197	0.012308523004751444	10.135071164986357	0.012224973513834147	12.50600821863324	2.369482388075994e-11	-1.983656294779479e-14	False	False
248	10.13495592786877	-0.002427295655533743	0.17012873106298965	8.013618999947148	0.915399971803641	6.142874691238915	-0.46732339415474955	0.8833609727905135	1.28210123292218	2.6649145073493696	10.185212597313246	0.008411924971809176	10.135004048586925	0.007694615904507778	10.135004048586923	4.76475747746008e-10	7.503369973960172e-11	False	False
249	10.135034119656787	0.001246074379741567	0.27972357467407544	7.762720691928996	0.9831489977058211	6.095393321984747	-0.18760868399438058	0.9487387827861173	0.0	0.0	10.206625629954127	0.001283181122657346	10.135034119499128	0.0012460743794347742	10.13503411949913	-1.5765877492412983e-10	-3.0679278562040224e-13	False	False
250	10.1349653898623	-0.00989758792215448	1.1102586509928374	7.223185203991962	1.1058164130470327	6.65571766107228	0.06205298079929614	1.0671128385903865	0.0	0.0	10.206625629954127	0.001283181122657346	10.135034119499128	0.0012460743794347742	10.13503411949913	-1.5765877492412983e-10	-3.0679278562040224e-13	False	False
251	10.135042626930495	0.01036932971632961	0.44391230312723823	7.735098889149893	0.8961501416123949	5.516762542950176	-0.3214405238511038	0.8647848866559611	0.0	0.0	10.201140346944753	0.01053877210295198	10.135042626050192	0.010369328826650821	10.13504262605019	-8.803038298310639e-10	-8.896787889733915e-10	False	False
252	10.134997982728098	-0.001795052991304535	0.5359602088737264	8.101204408896896	0.9525954594612154	5.459362733339966	-0.13657170672096466	0.9192546183800728	0.0	0.0	10.201140346944753	0.01053877210295198	10.135042626050192	0.010369328826650821	10.13504262605019	-8.803038298310639e-10	-8.896787889733915e-10	False	False
254	10.134992522710505	0.01132758755530882	0.8802536905207902	7.567475944604358	1.0018783153015731	5.626672001923162	-0.16363365655972767	0.9668125742660181	1.5587468282157964	0.8327600558006906	10.188290670676265	0.011834356987634577	10.134992522723985	0.011327587555235559	10.134992522723984	1.34807720542085e-11	-7.326084183745252e-14	False	False
255	10.134999397059374	0.005491311019887916	0.8216384877539379	7.435101164273819	1.1855574955396673	6.26878472359026	0.11136358986193179	1.144062983195779	1.443125946249203	0.7709896320376242	10.169267421674869	0.006856880585338412	10.134999397073042	0.005491311015065387	10.134999397073043	1.3667289522345527e-11	-4.822529528492048e-12	False	False
258	10.134966123887667	-0.0002057188986553226	0.7457866174673342	7.487729763448884	1.1717273348609343	6.11403100695967	0.029097101825973543	1.1307168781408015	0.7095092757235362	0.5388397584341762	10.181258105696559	0.014531622263310999	10.134962752590337	0.010495964710762399	10.13496275259034	8.801494111310149e-08	2.6984047015420065e-07	False	False
260	10.134930249937343	0.01129253313007579	1.194232347896351	5.942907429511994	0.9122323768433068	6.757491869940133	-0.2891044937734596	0.880304243653791	0.101367155114086	0.25541346091161715	10.158276759705021	0.05572544057892058	10.134930249604638	0.011292533132811283	10.13493024960464	-3.327045305923093e-10	2.735492388161731e-12	False	False
261	10.134894381280366	0.024018561016295153	-0.08473998863386933	5.300684118712399	1.0026341166792756	8.860611016366446	-0.07873108287623998	0.9675419225955009	0.0	0.0	10.280828602259161	0.011720246944271751	10.13489503639261	3.842187395975581e-08	10.134895036392614	6.55112243563849e-07	-0.024018522594421193	False	False
262	10.134924539987892	0.027036450500646438	1.1937562299421551	6.753702547640386	0.9006060558729657	7.111964453588557	-0.5560559338809745	0.8690848439174119	0.0410051777852422	0.10332019638548091	10.207251415915344	0.0359871863136434	10.134924547990147	0.02703645519467294	10.134924547990149	8.002254858752167e-09	4.694026500828841e-09	False	False
263	10.134961554500396	-0.017636017995297147	1.574636567634164	5.74606816036482	1.0236358129184637	6.3485225264662635	-0.37795568805801727	0.9878085594663175	0.0410051777852422	0.10332019638548091	10.207251415915344	0.0359871863136434	10.134924547990147	0.02703645519467294	10.134924547990149	8.002254858752167e-09	4.694026500828841e-09	False	False
264	10.134964630604738	0.024028547869614923	1.4914182622812748	5.7317132099981585	0.9578899625907992	6.658077914540852	-0.2905602659334571	0.9243638139001211	nan	0.10332019638548091	nan	nan	10.134964630604738	0.024028547869614923	nan	nan	nan	False	True
265	10.134984093790138	-0.008230758146206616	0.7931917359578313	5.919689523562309	0.8815836554588963	7.3214749775080605	-0.2992491672150088	0.8507282275178348	nan	0.10332019638548091	nan	nan	10.134964630604738	0.024028547869614923	nan	nan	nan	False	True
267	10.134990104724267	0.0312967069527476	1.555805827867958	6.523965377326735	1.0904411390274973	6.755784862606522	-0.04865475637229211	1.0522756991615347	nan	3.11821730952429	nan	nan	10.134990104724267	0.0312967069527476	nan	nan	nan	False	True
268	10.134971901999316	0.019737602908326504	0.7557401941817585	6.406752120470465	1.111762986546466	6.268624098897126	-0.17944228204222765	1.0728512820173397	nan	3.11821730952429	nan	nan	10.134971901999316	0.019737602908326504	nan	nan	nan	False	True
269	10.134943460276475	0.010933582829292084	0.4169672052642954	6.548960162026596	0.9936981699733193	7.046957884165404	-0.22641751807119745	0.9589187340242531	0.0	0.0	10.199571227305292	0.023183179715979448	10.134943463565044	0.010933583473169344	10.134943463565044	3.2885694167816837e-09	6.438772605366072e-10	False	False
271	10.134977028900288	0.011058332328420588	1.660088214262887	5.703084240882982	0.8617967557520422	7.117242449123044	-0.4072798072528757	0.8316338693007207	nan	1.6882356574949635	nan	nan	10.134977028900288	0.011058332328420588	nan	nan	nan	False	True
272	10.135006848992782	0.023537383077309546	1.4631018140949987	5.092094770935913	0.9967826892438232	7.30089890971114	-0.1080937191287786	0.9618952951202894	nan	1.6882356574949635	nan	nan	10.135006848992782	0.023537383077309546	nan	nan	nan	False	True
273	10.13499125548436	0.011062009721223117	2.541176676370258	5.667497740932814	0.7966407348033065	7.57782391427618	-0.7751544001986533	0.7687583090851908	nan	1.6882356574949635	nan	nan	10.13499125548436	0.011062009721223117	nan	nan	nan	False	True
274	10.134935183038987	0.017674621684039243	1.55410180571618	6.154376260562856	0.7869982601434978	8.661605443560749	-0.7498463706769134	0.7594533210384754	0.3341850141059405	0.1599536106149662	10.239438571115924	0.03587482617085569	10.13493518405317	0.017674621826757057	10.134935184053171	1.0141825157461426e-09	1.4271781326180566e-10	False	False
275	10.134950838668445	0.0070500275818996105	0.8811808206406544	5.5327973900427585	0.9702969199049857	7.173092364752415	-0.3349706280728453	0.9363365277083111	nan	0.1599536106149662	nan	nan	10.134950838668445	0.0070500275818996105	nan	nan	nan	False	True
276	10.134991709940314	0.02506865673956284	1.5017822141718977	5.301889992339479	1.0486012761500363	7.038892952839234	-0.09022762603971568	1.011900231484785	0.821834083239171	0.3933609329916668	10.124280653460156	0.07312596394350007	10.135047751217465	2.6717072573829524e-08	10.135047751217465	5.604127715130858e-05	-0.025068630022490265	False	False
278	10.13502247549866	-0.001631843743788072	1.0826742359245665	6.455163145361145	0.9645253781494398	7.233953027241985	-0.2753591258043202	0.9307669899142094	2.1118114003626576	1.0107929564991538	10.123064276290402	0.04489983769586602	10.135031513445046	0.0035274609719821767	10.13503151344505	1.2023303678887487e-05	-0.0030455265909603586	False	False
280	10.135033810005206	0.002143465205084724	2.550520888837443	7.283628555220762	0.8448133544960466	8.117730254833523	-0.47730565686340404	0.8152448870886849	0.5105569099557098	0.17570232851885073	10.251997939198558	0.0022840170692302268	10.135033809998701	0.002143465204888678	10.135033809998705	-6.505018745883717e-12	-1.960463041905669e-13	False	False
281	10.13498291666497	0.01983342592937247	1.9597117429379556	6.179372005598653	0.8439915659408634	8.052175525896043	-0.3989701566974838	0.8144518611329332	1.2559566698262967	0.43222314124865135	10.201573665491258	0.044503021990029056	10.134982916781551	0.01983342591955345	10.134982916781555	1.1658052301299904e-10	-9.819020596602002e-12	False	False
283	10.1349849599692	0.013056280844886425	1.4878182496184054	5.990618652679007	1.043503590695152	7.102757423283337	-0.24589266094218556	1.0069809650208217	nan	0.48002658301828627	nan	nan	10.1349849599692	0.013056280844886425	nan	nan	nan	False	True
285	10.135000528087133	-0.015477663895920517	1.5604338798801922	7.228226739699111	0.9994392644993733	6.077034447074446	-0.07530096588222773	0.9644588902418951	0.8733083064705403	0.6260884054909055	10.19172308756161	0.002362712834959381	10.135001073635987	0.0018951759150804806	10.135001073635987	4.948732463816441e-07	-2.7799610633665386e-08	False	False
287	10.135101030747432	0.02099239748261763	1.0889163822816506	8.289494987199408	0.8361555298884279	6.835954483769556	-0.6216168709446733	0.806890086342333	0.002872531198038402	0.021598126111077743	10.15534477815997	0.021089309559957806	10.135101030732676	0.020992397481611042	15.426490867895893	-1.475619626489788e-11	-1.0065871747233501e-12	False	False
288	10.13504170438752	-0.00027011405285516914	1.3167063624165922	7.8531941651824235	0.8304983635937486	7.08374766435574	-0.4327272966550432	0.8014309208679674	0.002872531198038402	0.021598126111077743	10.15534477815997	0.021089309559957806	10.135101030732676	0.020992397481611042	15.426490867895893	-1.475619626489788e-11	-1.0065871747233501e-12	False	False
289	10.135075134709503	-0.016700859974453825	2.6615090813404336	6.454443082864129	1.0373681468695741	7.157708564440576	-0.16755360276063347	1.001060261729139	0.002872531198038402	0.021598126111077743	10.15534477815997	0.021089309559957806	10.135101030732676	0.020992397481611042	15.426490867895893	-1.475619626489788e-11	-1.0065871747233501e-12	False	False
292	10.135055062816399	-0.0015305862120410874	2.7618696846154482	9.717566594920811	0.9936318731365795	6.527522704459403	-0.38622246333379456	0.9588547575767992	1.221780738549872	0.6564347123553383	10.156519492866776	0.005286506480775582	10.13504519213384	0.005259911404466273	12.886553839194734	-6.339488589190978e-06	-1.979235886717841e-05	False	False
295	10.13503569428482	0.015521752672861882	3.2541122876066733	8.418942990312674	1.1158544037194438	6.814713963822145	0.15528106199489145	1.0767994995892631	1.1213193036161144	0.348452220465407	10.184130850897937	0.015716154874837292	10.135035689300805	0.015521747899733835	10.135035689300805	-4.984014978504092e-09	-4.773128047322328e-09	False	False
296	10.135079759161625	-0.006310260375337013	3.862327465090195	9.183708988390048	1.0527294090672943	3.93062969999025	0.10362568759790108	1.015883879749939	1.1213193036161144	0.348452220465407	10.184130850897937	0.015716154874837292	10.135035689300805	0.015521747899733835	10.135035689300805	-4.984014978504092e-09	-4.773128047322328e-09	False	False
297	10.135065441061151	0.0195438752820573	4.404341386881521	7.910136041985399	1.1723635801314605	5.643399056642311	0.21267466051143358	1.1313308548268592	0.21601553186957978	0.06712725937405262	10.169463159294615	0.02031567303579309	10.135065441483732	0.019543875235221754	10.135065441483734	4.225810812386044e-10	-4.683554585827032e-11	False	False
298	10.135025730977674	0.0033786006441551934	3.8232716620685743	8.179773278397034	1.0712985999842544	6.510466328486599	0.14526900547709026	1.0338031489848054	0.869519460401337	0.27020491463728175	10.189245073069593	0.003427709025092986	10.135025733512038	0.003378600643517983	10.135025733512038	2.5343638299091253e-09	-6.372103365792636e-13	False	False
299	10.135026447667896	0.02940853619204227	3.2988057003134594	8.770940571475771	1.0733420531019293	6.640084525998061	-0.12453333528246328	1.0357750812433617	0.7400939847831899	0.22998568874997435	10.16208493481692	0.02959152574012015	10.13502644764887	0.029408536192208137	10.844828438655451	-1.9024781749976682e-11	1.6586731987899839e-13	False	False
300	10.135055670943741	0.03525373414206026	4.007062587784466	9.56942857699426	0.9912790425307492	5.667345697142514	-0.1805074634319008	0.9565842760421729	4.5928181594700145e-28	1.4272274460094932e-28	10.136681190587137	0.035267076332762694	10.13505567094315	0.035253734142013375	26.81013754969395	-5.915268275202834e-13	-4.688610610870114e-14	False	False
301	10.135019362736935	0.03197532084459475	4.579276043648845	7.72977019252942	1.1197930073237092	4.801016010481103	-0.03335541454985974	1.0806002520673794	0.0	0.0	10.157079777809516	0.03337015338792387	10.135019362724849	0.031975320839037334	10.135019362724853	-1.2086331935279304e-11	-5.5574156387905305e-12	False	False
302	10.135058592047983	0.026246505516002865	4.018688739068836	9.088455191037406	0.9953655571853843	6.585134132765626	0.038432295973176434	0.9605277626838958	1.1022003273835947e-11	3.4251096029110827e-12	10.140451765190798	0.02627910347594124	10.135058592048454	0.026246505515925972	21.60958671045595	4.707345624410664e-13	-7.689335279614795e-14	False	False
303	10.135067214114299	0.003244011735626738	4.292256510290815	8.86643984447455	1.0296939958999765	6.451160699467273	-0.0916304893075981	0.9936547060434773	0.03934936446542146	0.012227893854730967	10.14773097256479	0.003253683792997456	10.135067214105746	0.0032440117356104066	15.224350484567646	-8.553158181712206e-12	-1.633155416458365e-14	False	False
305	10.135051018020642	-0.003276906112206969	3.8182545180126115	8.551515144559414	0.9031677459532681	5.796782408178735	-0.16267573750820008	0.8715568748449037	2.702144692330093	0.8396968776197778	10.155268971367237	0.0027587847580745886	10.135032476437786	0.002745243073489127	12.611392016647972	-8.433407039376561e-08	3.230424174688329e-12	False	False
308	10.135068783471343	0.04869983484153645	2.480029728532865	9.105172580638918	1.0098356563622353	6.477912699341196	0.09151365579807375	0.9744914083895571	6.853179330189991e-14	2.3739932104054503e-14	10.140404192424507	0.04875924993991298	10.135068783458651	0.04869983484157964	21.45722750327442	-1.269206961751479e-11	4.318767565791859e-14	False	False
309	10.135046495774374	0.029249782912406843	2.8208108910428114	9.278844323492864	1.0839036623063725	7.162384438919561	-0.13408623778661533	1.0459670341256495	9.961163304001871e-11	3.450622391751243e-11	10.148371287229295	0.029336878773607633	10.135046495740074	0.02924978291092013	21.222475485469992	-3.4299674211979436e-11	-1.486713530063355e-12	False	False
310	10.135047407187104	0.012752576433636748	2.301838229383366	8.631659382860638	1.024085780137323	6.733105389889787	-0.10397376967021857	0.9882427778325168	nan	3.450622391751243e-11	nan	nan	10.135047407187104	0.012752576433636748	nan	nan	nan	False	True
311	10.135081350605775	0.033515667006690085	2.945443056848538	9.4898189318832	0.8106209114444773	5.9101028501225485	-0.6169718760587227	0.7822491795439206	1.637243369906152e-74	5.6715350010121365e-75	10.135944906872165	0.033522164599827216	10.135081350601915	0.033515667006642866	36.17331467734404	-3.860023412016744e-12	-4.721917301608869e-14	False	False
312	10.135077120714364	0.025103055312550377	3.0654955289246315	9.4793272159949	1.1309954044157737	5.278230018239365	0.02125782033355228	1.0914105652612216	1.466398702078081e-09	5.079716135757707e-10	10.138594102179598	0.025124826074028012	10.135077120848749	0.02510305530134496	20.41498143121407	1.3438494761430775e-10	-1.120541853749657e-11	False	False
313	10.135034314153891	0.02203483010918684	2.4768089997697653	9.21445020472651	1.0114624422109644	5.95245513242271	-0.35230108407375943	0.9760612567335806	1.1802667226126209e-05	4.088533293746709e-06	10.140691441621197	0.022063882386742086	10.135034314158977	0.02203483010901412	18.98675686579707	5.085709631202917e-12	-1.7271947760910678e-13	False	False
314	10.135032137535255	0.01939735691579606	2.5123552291694877	8.660357703617986	0.8813725804549855	5.4641730009537826	-0.25123314446857475	0.850524540139061	3.036053661018716e-08	1.0517119763572897e-08	10.14186530805294	0.019428362024859088	10.135032137530692	0.019397356915796905	20.429123404489612	-4.5634607204192434e-12	8.430756093247282e-16	False	False
316	10.135026909302534	0.03363312874780776	3.080251234504644	8.371949243356909	1.045351903614592	6.732681979600075	-0.08041734003538188	1.0087645869880812	0.1534011115442614	0.1229792725765571	10.183021729107496	0.0340213590362818	10.135026909319595	0.03363312875627065	10.135026909319595	1.7061907442439406e-11	8.462890110916277e-12	False	False
317	10.134983466338555	0.04063523974053136	1.992399147421048	8.93693774836831	0.9102810289071982	5.958716796270324	-0.1538670591727099	0.8784211928954462	1.8321117799245195e-16	1.468775367439555e-16	10.139708155363616	0.040679040754459196	10.134983466344506	0.040635239741157646	23.270749516119746	5.950795411990839e-12	6.262837470849547e-13	False	False
318	10.135010731487013	0.04583183046447969	2.8990409848490124	9.660836864601448	0.9953655571853843	6.585134132765626	0.038432295973176434	0.9605277626838958	3.5288185760546713e-38	2.828998676535861e-38	10.136492477700171	0.045847224679210236	10.1350107314878	0.04583183046443769	29.21336644925974	7.86926079854311e-13	-4.2001124800350453e-14	False	False
320	10.135056271542837	0.0030158771064685147	4.412711678709517	7.8807119536057595	1.0844054326925405	6.522508991703638	0.04534979510919275	1.0464512425483017	0.17151335396489986	0.180955384422209	10.190612328803113	0.0031344134935606094	10.13505627146164	0.003015877116838736	10.135056271461643	-8.119727112898545e-11	1.037022117483799e-11	False	False
322	10.135041937547717	0.011731018618660808	3.112684839886433	9.437680617748798	0.9578899625907992	6.658077914540852	-0.2905602659334571	0.9243638139001211	2.154561712486131e-26	6.597722073893412e-27	10.137683186385804	0.011738011759665642	10.13504193754549	0.01173101862150412	26.701606031974887	-2.227551476607914e-12	2.8433123910875935e-12	False	False
323	10.13498560878718	0.003304381993069374	3.2287276270975753	8.469451766883552	1.001366701704082	7.406797535325785	-0.266166458852394	0.966318867144439	nan	6.597722073893412e-27	nan	nan	10.13498560878718	0.003304381993069374	nan	nan	nan	False	True
324	10.134998104472066	-0.004421331608898658	3.528473931823262	8.052466131504472	1.0010099270185977	7.823243084868361	-0.327380067656328	0.9659745795729467	nan	6.597722073893412e-27	nan	nan	10.13498560878718	0.003304381993069374	nan	nan	nan	False	True
325	10.134968094749812	0.002469880982840179	4.402901005179049	8.739147512669728	0.9187220301029155	7.400329980177182	-0.4440119944443435	0.8865667590493135	0.08350567264181105	0.025571196985973564	10.148775597166633	0.0024776309496053386	10.134968176877324	0.0024698809797668287	15.90774552025054	8.212751190228573e-08	-3.073350168109057e-12	False	False
326	10.134933197588829	0.007824059478612908	3.752509248174877	8.307361032432537	0.6975835263024354	7.222923698890346	-0.7481267437049186	0.6731681028818501	7.112566781497691e-17	2.1780178578491475e-17	10.14487793497763	0.007841074663634777	10.134933197587344	0.007824059478613662	23.708426355337	-1.4850343177386094e-12	7.546047120499111e-16	False	False
328	10.135022570374607	0.008490593381399509	3.7960212032487584	8.370949565539792	0.9838377783310337	7.399249147966206	-0.42746227907428697	0.9494034560894475	1.1539795269396025	0.6393967295287619	10.189396280804562	0.008611001625301212	10.135022581861799	0.008490593380397083	10.1350225818618	1.1487191642345351e-08	-1.0024255731044818e-12	False	False
329	10.134949420345515	-0.000437987558927831	4.5971170285826375	8.641357200828947	1.0236358129184637	6.3485225264662635	-0.37795568805801727	0.9878085594663175	1.1539795269396025	0.6393967295287619	10.189396280804562	0.008611001625301212	10.135022581861799	0.008490593380397083	10.1350225818618	1.1487191642345351e-08	-1.0024255731044818e-12	False	False
330	10.134981025732543	-6.586950646927589e-05	3.637127481369528	8.637266460229434	1.057174203998645	6.995426573078369	-0.2741448544171264	1.0201731068586923	1.1539795269396025	0.6393967295287619	10.189396280804562	0.008611001625301212	10.135022581861799	0.008490593380397083	10.1350225818618	1.1487191642345351e-08	-1.0024255731044818e-12	False	False
331	10.13498444157337	-0.01750011464987642	4.058493874515318	8.204758376025556	1.0433737959774572	6.865440435985185	-0.2179608314960887	1.006855713118246	1.1539795269396025	0.6393967295287619	10.189396280804562	0.008611001625301212	10.135022581861799	0.008490593380397083	10.1350225818618	1.1487191642345351e-08	-1.0024255731044818e-12	False	False
332	10.134970458269455	0.011064453149050947	4.329888474429391	8.60876036827378	1.083658066098747	7.277386785961024	-0.0523674830921278	1.0457300337852908	nan	0.6393967295287619	nan	nan	10.134970458269455	0.011064453149050947	nan	nan	nan	False	True
333	10.1349515752719	-0.00700807328931572	4.854463169115121	8.077241427358382	0.8640430471141134	7.759551435570538	-0.3239592753966004	0.8338015404651195	nan	0.6393967295287619	nan	nan	10.134970458269455	0.011064453149050947	nan	nan	nan	False	True
334	10.13491031535363	0.014560622368433394	4.189841042483775	8.598054843191985	0.9450934368121376	8.825247705966504	-0.48598943387346705	0.9120151665237128	nan	0.6393967295287619	nan	nan	10.13491031535363	0.014560622368433394	nan	nan	nan	False	True
336	10.134935917761606	0.009305792623924534	3.709985711557403	8.57966122883196	1.008299134967239	7.250998725857648	-0.24327998317576283	0.9730086652433856	0.18110399504802596	0.07539087382466084	10.15729124837095	0.009296616869914422	10.122995808841448	0.00922431469597889	10.32847961596354	-0.0119401089201574	-8.147792794564387e-05	False	False
338	10.134985893484698	0.018512704480426904	3.758222540816551	8.50647396169803	1.0154311591948055	8.06147110448873	-0.16264385370351025	0.9798910686229874	nan	0.2513412346871979	nan	nan	10.134985893484698	0.018512704480426904	nan	nan	nan	False	True
339	10.134969952435693	0.01679291569687224	2.8333991018194293	8.737641418114624	0.9352800165483196	7.632356936578223	-0.09473717712814875	0.9025452159691284	0.0007560107989108867	0.001252146088644102	10.147291925107611	0.016840095643417322	10.134969952462155	0.016792915697048254	17.91249161357529	2.646238783654553e-11	1.760154522134627e-13	False	False
340	10.134970455558081	-0.007155186260038046	3.6867961026127007	7.5924482645311935	0.9342044358012542	6.916453232487343	-0.3264598063547149	0.9015072805482103	0.0007560107989108867	0.001252146088644102	10.147291925107611	0.016840095643417322	10.134969952462155	0.016792915697048254	17.91249161357529	2.646238783654553e-11	1.760154522134627e-13	False	False
342	10.135030447033406	0.007923453476150956	3.9263837119020932	8.682411372660425	0.933632298933142	7.072492758012903	-0.18472295719185428	0.9009551684704821	0.009301932698295793	0.004627619418327139	10.147944518037123	0.007947154057289652	10.135030541882603	0.007923453464832796	16.984054854617415	9.4849196941027e-08	-1.1318159950923778e-11	False	False
344	10.135000281582252	0.014661384295199047	2.4418715899016044	8.175787970330067	1.136126219241108	6.483827878059289	0.06671012663895937	1.096361801567669	1.889304612676706	0.28101383475811714	10.190460923630294	0.015088123629056675	10.135000278827883	0.014661384305387893	10.135000278827881	-2.754369177182525e-09	1.0188846294445497e-11	False	False
345	10.135064037076711	0.006965604512857459	3.3471121279638547	7.791318788457188	1.0172209013269076	8.607204791863298	-0.15144046824877772	0.9816181697804658	0.13997320450585052	0.020819515655468336	10.234097332693972	0.007524313042394858	10.135064037139948	0.006965604558950439	10.13506403713995	6.323652712580952e-11	4.609298012714369e-11	False	False
346	10.135036208654796	0.009300464098566755	3.047331219953542	8.964164135772155	0.9252792847255982	7.066529156222027	-0.2447442333004582	0.8928945097602022	1.1980685172982662e-10	1.781998657548233e-11	10.141742265842604	0.009314456234492929	10.135036208655258	0.009300464098530564	21.473704346654262	4.618527782440651e-13	-3.6191535879304126e-14	False	False
347	10.13503351161724	-0.012781467195994869	2.9405906773670227	7.937919559177213	0.9573893858742526	7.718508020338714	-0.12249783653707927	0.9238807573686537	1.1980685172982662e-10	1.781998657548233e-11	10.141742265842604	0.009314456234492929	10.135036208655258	0.009300464098530564	21.473704346654262	4.618527782440651e-13	-3.6191535879304126e-14	False	False
348	10.135074096558375	0.015028867378980878	2.903082946038949	8.525500033948454	1.0554916063945494	7.854250492305925	-0.1484786230338212	1.0185494001707402	nan	1.781998657548233e-11	nan	nan	10.135074096558375	0.015028867378980878	nan	nan	nan	False	True
349	10.135031829344252	0.0014746365045198197	3.1535331283189665	7.846857226282749	0.892530081607829	6.676543324356875	-0.36867457075827736	0.8612915287515549	0.4412495002496341	0.06563113926587899	10.203026575822811	0.0014982321775525238	10.135029872896897	0.001474637574777181	10.135029872896899	-1.956447354345414e-06	1.0702573612509508e-09	False	False
350	10.135006495948707	-0.018130104405504763	3.3635502891322115	8.009647672551727	0.9177148233031142	7.487075560311544	-0.20179714823066783	0.8855948044875052	0.4412495002496341	0.06563113926587899	10.203026575822811	0.0014982321775525238	10.135029872896897	0.001474637574777181	10.135029872896899	-1.956447354345414e-06	1.0702573612509508e-09	False	False
