Step	Time_elapsed
1	0.0
2	1582649465.1298797
3	1578.7693326473236
4	1578.7693326473236
5	1430.0206110477448
6	1406.9885437488556
7	1181.1100177764893
8	1802.2233822345734
9	2151.3631749153137
10	1541.3517644405365
11	1577.5652289390564
12	1795.19944190979
13	2293.2062664031982
14	4212.829508066177
15	3028.97461271286
16	1492.7032623291016
17	2811.3014721870422
18	2717.8561642169952
19	1806.4547669887543
20	1044.1883828639984
21	1248.4751393795013
22	1468.6072924137115
23	945.2702963352203
24	4927.345577001572
25	1056.4461734294891
26	1458.1964626312256
27	1477.3833904266357
28	1328.3853147029877
29	1339.6040835380554
30	2782.840753555298
31	1725.8407230377197
32	1032.537199497223
33	1540.296582698822
34	1540.296582698822
35	2659.3816776275635
36	2659.3816776275635
37	5850.40158200264
38	5850.40158200264
39	2601.1546936035156
40	2601.1546936035156
41	1392.0686247348785
42	1037.4276819229126
43	1074.5778105258942
44	2520.7722005844116
45	2590.92178273201
46	1789.276309967041
47	1018.9998984336853
48	4075.269740343094
49	942.3259284496307
50	1504.5926322937012
51	1145.3710808753967
52	1145.3710808753967
53	2201.1107006073
54	1301.001369714737
55	1368.5227401256561
56	1368.5227401256561
57	1082.8246338367462
58	1082.8246338367462
59	6517.054178714752
60	3382.7008171081543
61	1099.573383808136
62	1301.5265436172485
63	1412.024356842041
64	844.1889934539795
65	5392.480100393295
66	1444.7170360088348
67	1401.8757593631744
68	1221.7899272441864
69	1117.547158241272
70	1833.3514561653137
71	1833.3514561653137
72	2029.958610534668
73	1837.695541381836
74	1428.113305568695
75	1428.113305568695
76	1332.0929114818573
77	1332.0929114818573
78	1232.4728450775146
79	1232.4728450775146
80	3666.308687210083
81	3346.6694140434265
82	3331.6582231521606
83	1433.757281780243
84	2813.309139251709
85	2530.291756629944
86	1395.8902254104614
87	1395.8902254104614
88	1609.5262846946716
89	1966.4154987335205
90	2573.125981092453
91	3515.5997262001038
92	3111.763536453247
93	2498.0434803962708
94	2167.5221412181854
95	2131.8494617938995
96	4675.458322048187
97	1962.2233612537384
98	1962.2233612537384
99	5627.930297613144
100	3438.994663953781
101	2246.449730157852
102	2246.449730157852
103	1582862247.0174258
104	1410.2545022964478
105	1200.8182418346405
106	880.9276733398438
107	865.533842086792
108	1022.2948961257935
109	1238.484631061554
110	603.4340834617615
111	763.5049676895142
112	393.45376443862915
113	512.5676727294922
114	512.5676727294922
115	822.6694321632385
116	822.6694321632385
117	822.6694321632385
118	822.6694321632385
119	1039.885423898697
120	873.9065127372742
121	535.3149335384369
122	1397.1835703849792
123	1016.5002524852753
124	507.3160011768341
125	525.1169881820679
126	415.5556540489197
127	585.1722795963287
128	847.4475259780884
129	583.2559275627136
130	548.7588768005371
131	484.2582063674927
132	484.2582063674927
133	279.4193913936615
134	1233.5825917720795
135	788.903148651123
136	3289.696556329727
137	1456.8997457027435
138	1591.730229139328
139	1579.0786406993866
140	1854.573195695877
141	2454.9808416366577
142	1928.029147386551
143	1928.029147386551
144	642.3458359241486
145	376.41397356987
146	196.37737154960632
147	196.37737154960632
148	697.3302958011627
149	697.3302958011627
150	867.7490756511688
151	867.7490756511688
152	867.7490756511688
153	867.7490756511688
154	867.7490756511688
155	867.7490756511688
156	1165.4546225070953
157	1165.4546225070953
158	1165.4546225070953
159	435.1512713432312
160	938.4826035499573
161	860.339152097702
162	1200.6124501228333
163	1023.3096966743469
164	1609.2679405212402
165	2490.5532927513123
166	2203.5625989437103
167	2690.9300198554993
168	3047.968059539795
169	3047.968059539795
170	3895.7296466827393
171	3341.0897953510284
172	3341.0897953510284
173	27394.82863330841
174	27394.82863330841
175	23327.87856411934
176	2394.947186946869
177	2316.9845192432404
178	2316.9845192432404
179	3713.085757255554
180	3713.085757255554
181	95874.17369747162
182	3513.8215441703796
183	3513.8215441703796
184	44172.79629325867
185	44172.79629325867
186	6323.230117797852
187	2572.859374523163
188	2572.859374523163
189	4276.789291381836
190	2378.0654356479645
191	2921.349393606186
192	5760.4200801849365
193	3335.1326842308044
194	3335.1326842308044
195	3770.188111305237
196	4246.483397245407
197	5439.40141916275
198	5439.40141916275
199	5659.38459610939
200	2928.594052553177
201	2928.594052553177
202	5124.429407119751
203	9488.716289520264
204	9488.716289520264
205	2960.6808495521545
206	2223.682035923004
207	4790.9394109249115
208	4790.9394109249115
209	1583395177.3148742
210	2169.8244853019714
211	2296.721693754196
212	16073.67528629303
213	6737.142282962799
214	11027.515429019928
215	11027.515429019928
216	11027.515429019928
217	11027.515429019928
218	11027.515429019928
219	11027.515429019928
220	66177.00796556473
221	5535.823498249054
222	5535.823498249054
223	5535.823498249054
224	4762.673102617264
225	3279.2024738788605
226	20440.732517957687
227	2258.955753803253
228	2258.955753803253
229	1312.4859240055084
230	1362.0207092761993
231	1362.0207092761993
232	1409.9727704524994
233	1715.4486348628998
234	1715.4486348628998
235	1232.256462097168
236	1103.468073129654
237	2380.463447332382
238	1434.0762240886688
239	1495.9962890148163
240	3150.8355429172516
241	1471.3534982204437
242	909.5886464118958
243	1389.0089211463928
244	755.0683026313782
245	1400.5011236667633
246	1327.330066204071
247	796.2909488677979
248	1345.4542508125305
249	1084.799504995346
250	1773.052285194397
251	1608.4813063144684
252	2746.3768544197083
253	1630.5722754001617
254	1239.2519857883453
255	1050.2598888874054
256	1009.6014211177826
257	1049.609436750412
258	2722.4575185775757
259	822.9325265884399
260	845.290599822998
261	845.290599822998
262	1137.0592107772827
263	1040.8511180877686
264	1340.7044639587402
265	986.3961663246155
266	814.9799911975861
267	1049.948574066162
268	739.4206852912903
269	3181.1140582561493
270	5330.4869928359985
271	823.4785962104797
272	3104.7891840934753
273	1266.650563955307
274	4490.889739274979
275	2340.052608728409
276	3426.6554043293
277	3626.5642387866974
278	2789.691540956497
279	2507.311710357666
280	26496.47194504738
281	2572.636794090271
282	2237.9143340587616
283	1915.9377584457397
284	1940.463530778885
285	3670.253083705902
286	3670.253083705902
287	5501.344263553619
288	5501.344263553619
289	8194.212626457214
290	26675.86355781555
291	26675.86355781555
292	5862.075420379639
293	1584602765.6207092
294	5361.4050369262695
295	4977.728867053986
296	4977.728867053986
297	3554.629125595093
298	3554.629125595093
299	23276.551606178284
300	59801.37380814552
301	59390.468737602234
302	3885.9609627723694
303	2255.7164175510406
304	5926.028020858765
305	5926.028020858765
306	8379.924059152603
307	8379.924059152603
308	8379.924059152603
309	53492.61735534668
310	5764.328216552734
311	7068.2048082351685
312	7068.2048082351685
313	7068.2048082351685
314	3017.8356986045837
315	14228.096892356873
316	1299.8843433856964
317	3202.671805858612
318	3202.671805858612
319	2167.36230802536
320	12616.72027516365
321	1576.6837124824524
322	1363.220320224762
323	4032.1526234149933
324	33851.13089585304
325	33851.13089585304
326	33851.13089585304
327	33851.13089585304
328	2568.491245508194
329	2568.491245508194
330	3242.947111606598
331	1952.999855518341
332	1513.2807822227478
333	2685.937968015671
334	2685.937968015671
335	4311.7714858055115
336	1950.4515533447266
337	1925.043451309204
338	1925.043451309204
339	1925.043451309204
340	3029.765631198883
341	3029.765631198883
342	975.4716169834137
343	522.4542143344879
344	2710.065729856491
345	1122.4763593673706
346	718.7467081546783
347	1311.0939602851868
348	668.7501747608185
349	487.14885425567627
350	539.2733216285706
351	820.8412075042725
352	687.4216418266296
353	745.0821886062622
354	745.0821886062622
355	391.6431314945221
356	447.6953320503235
357	804.5807886123657
358	633.7089686393738
359	633.7089686393738
360	955.8669176101685
361	510.7216672897339
362	608.4939255714417
363	1166.6328403949738
364	1166.6328403949738
365	438.5755286216736
366	363.3568687438965
367	508.26105070114136
368	605.7703077793121
369	655.9468779563904
370	655.9468779563904
371	739.1041483879089
372	1143.819280385971
373	484.8457317352295
374	1198.2112548351288
375	1104.666128873825
376	802.8630876541138
377	647.3410296440125
378	636.5683705806732
379	1187.6771309375763
380	606.2169532775879
381	590.3747668266296
382	827.4567341804504
383	607.5211908817291
384	642.8670687675476
385	791.5232021808624
386	443.41228342056274
387	463.61381125450134
388	273.62740540504456
389	406.2750380039215
390	926.4371781349182
391	351.601389169693
392	668.4979832172394
393	574.0515315532684
394	574.0515315532684
395	780.8947336673737
396	824.4686605930328
397	563.9185688495636
398	510.08654975891113
399	524.8116691112518
400	711.1953296661377
401	439.72080636024475
402	210.58859133720398
403	323.617644071579
404	890.4376862049103
405	483.52124643325806
406	528.051451921463
407	556.9413278102875
408	762.9764943122864
409	1449.7894704341888
410	465.0709388256073
411	1292.9371104240417
412	589.9699537754059
413	684.2854251861572
414	463.5412998199463
415	271.5459952354431
416	1905.4894318580627
417	1905.4894318580627
418	396.77232098579407
419	463.5760097503662
420	548.4429981708527
421	316.96393942832947
422	372.01470589637756
423	525.9981188774109
424	942.5951855182648
425	1206.9935040473938
426	980.3378484249115
427	718.1245851516724
428	739.5437521934509
429	616.5760374069214
430	362.8933951854706
431	362.8933951854706
432	656.245926618576
433	305.1566536426544
434	1388.5813658237457
435	493.4406933784485
436	900.2836446762085
437	900.2836446762085
438	391.25150442123413
439	790.5152063369751
440	544.9430375099182
441	544.9430375099182
442	322.0556216239929
443	322.0556216239929
444	322.0556216239929
445	385.92227816581726
446	304.0183889865875
447	127.64504408836365
448	154.01699233055115
449	266.83198976516724
450	413.26154947280884
451	1088.4177401065826
452	302.8079078197479
453	133.30297875404358
454	365.2981548309326
455	365.2981548309326
456	51.34676718711853
457	853.5189852714539
458	392.78171706199646
459	392.78171706199646
460	452.70559072494507
461	452.70559072494507
462	385.6966416835785
463	508.38760209083557
464	508.38760209083557
465	704.4192862510681
466	787.1034858226776
467	459.2433440685272
468	326.04272842407227
469	1577.4203135967255
470	716.824458360672
471	399.30838537216187
472	349.8122260570526
473	501.2422661781311
474	517.7040445804596
475	476.78173756599426
476	922.6216044425964
477	226.98224329948425
478	293.2044680118561
479	249.89846467971802
480	224.42316102981567
481	422.01710176467896
482	422.01710176467896
483	422.01710176467896
484	71.32453966140747
485	432.2106020450592
486	202.69470739364624
487	200.64342045783997
488	223.8024389743805
489	372.09665393829346
490	91.76010417938232
491	74.73208928108215
492	20.371654272079468
493	145.53314304351807
494	250.36599469184875
495	512.093584060669
496	100.14447808265686
497	475.9654939174652
498	534.6518359184265
499	676.6353981494904
500	695.7677025794983
501	310.1164298057556
502	2218.8547887802124
503	975.2773864269257
504	2083.505751132965
505	647.8482356071472
506	647.8482356071472
507	1337.876625776291
508	1462.981241941452
509	1527.9849536418915
510	1149.5730066299438
511	2443.7384345531464
512	2443.7384345531464
513	24660.136961221695
514	24660.136961221695
515	2031.1286790370941
516	2318.12890625
517	2318.12890625
518	2318.12890625
519	1265.1120464801788
520	1265.1120464801788
521	1779.0806331634521
522	605.2458682060242
523	1221.8775260448456
524	1232.3973257541656
525	2104.5337834358215
526	3557.7306632995605
527	1841.0209765434265
528	1641.7705097198486
529	838.7922976016998
530	19741.287608385086
531	1928.927315711975
532	867.3013126850128
533	828.478396654129
534	1582.8002724647522
535	1237.040745973587
536	3575.2937784194946
537	1108.166873216629
538	1903.893005847931
539	1005.737025976181
540	1242.3700258731842
541	1080.8272490501404
542	1331.1548418998718
543	1313.8492102622986
544	1898.21861743927
545	1661.411785364151
546	10976.881238937378
547	4896.861949920654
548	52278.51930475235
549	52278.51930475235
550	5316.01500415802
551	5316.01500415802
552	1511.8254342079163
553	1511.8254342079163
554	1511.8254342079163
555	2875.372315645218
556	2875.372315645218
557	2875.372315645218
558	2613.478020429611
559	2613.478020429611
560	2613.478020429611
561	1374.292191028595
562	14340.876469373703
563	928.62358045578
564	961.597555398941
565	961.597555398941
566	33111.398225307465
567	601.0278835296631
568	759.2831008434296
569	759.2831008434296
570	437.83476877212524
571	667.2299320697784
572	1346.5043289661407
573	1346.5043289661407
574	639.1117486953735
575	6600.799118280411
576	871.0508971214294
577	404.0811016559601
578	1081.480667591095
579	755.3774657249451
580	1101.857352733612
581	1230.4520592689514
582	900.6955847740173
583	745.3037097454071
584	745.3037097454071
585	534.1321876049042
586	749.8873641490936
587	654.0899524688721
588	745.1345865726471
589	613.3416152000427
590	567.725129365921
591	657.8366868495941
592	587.5793843269348
593	414.37490582466125
594	585.3142831325531
595	560.663729429245
596	398.5240409374237
597	823.2196748256683
598	709.6772527694702
599	787.9689493179321
600	906.6408047676086
601	360.88505148887634
602	625.791042804718
603	503.62903571128845
604	611.9759767055511
605	466.4100573062897
606	309.0105810165405
607	228.19219613075256
608	744.2686460018158
609	647.0222461223602
610	330.12713098526
611	469.80394196510315
612	469.80394196510315
613	469.304514169693
614	367.59901571273804
615	179.95418643951416
616	278.46209931373596
617	139.78790831565857
618	616.5996227264404
619	616.5996227264404
620	317.52130246162415
621	337.5227358341217
622	560.0158905982971
623	541.91730260849
624	326.99111104011536
625	346.64993238449097
626	231.52710819244385
627	341.1285181045532
628	296.925683259964
629	296.925683259964
630	237.36148309707642
631	243.7203824520111
632	492.53641867637634
633	581.8732204437256
634	599.2233860492706
635	998.1707262992859
636	998.1707262992859
637	1124.7473061084747
638	688.9935140609741
639	688.9935140609741
640	812.6171445846558
641	107.07130217552185
642	482.75426745414734
643	295.2895932197571
644	1071.079668521881
645	934.8359251022339
646	1940.6539719104767
647	1297.3294258117676
648	616.326221704483
649	1303.592185497284
650	1303.592185497284
651	1303.592185497284
652	1069.6192681789398
653	2758.8224573135376
654	8985.267178535461
655	1626.8853042125702
656	1626.8853042125702
657	2576.6784839630127
658	2576.6784839630127
659	2576.6784839630127
660	824.9149119853973
661	824.9149119853973
662	824.9149119853973
663	824.9149119853973
664	824.9149119853973
665	824.9149119853973
666	2018.0087792873383
667	2155.0178561210632
668	33288.1382420063
669	1285.5528779029846
670	3979.6593198776245
671	1520.569631576538
672	864.7563338279724
673	588.76003074646
674	307.9202756881714
675	248.48934364318848
676	373.7367992401123
677	309.1764495372772
678	358.561616897583
679	358.561616897583
680	90.62137460708618
681	257.4227936267853
682	279.3041045665741
683	46.52547335624695
684	175.6225152015686
685	175.6225152015686
686	400.4178922176361
687	400.4178922176361
688	400.4178922176361
689	400.4178922176361
690	317.36550188064575
691	317.36550188064575
692	92.90524458885193
693	130.60291385650635
694	35.30279779434204
695	258.08287596702576
696	60.67517805099487
697	204.039883852005
698	212.50080060958862
699	169.7445785999298
700	731.5839538574219
701	256.7236728668213
702	256.7236728668213
703	259.1075530052185
704	115.53592133522034
705	458.7522406578064
706	53.17806005477905
707	180.9616289138794
708	236.25821948051453
709	467.1453878879547
710	521.2764241695404
711	510.6778950691223
712	734.1615653038025
713	302.07980370521545
714	669.1406226158142
715	409.6635811328888
716	482.72937297821045
717	378.230352640152
718	603.7603721618652
719	494.8432528972626
720	130.8918240070343
721	468.09920954704285
722	708.8692173957825
723	561.1477012634277
724	525.3050718307495
725	475.8699231147766
726	373.52095890045166
727	54.89072847366333
728	653.6023797988892
729	104.29545331001282
730	646.030207157135
731	646.030207157135
732	1037.5334985256195
733	1271.248245716095
734	718.4343874454498
735	1264.9136238098145
736	840.794807434082
737	1075.6611378192902
738	1174.665265083313
739	1174.665265083313
740	1355.649723291397
741	2065.2119698524475
742	2903.152895927429
743	1677.125747680664
744	1664.9907803535461
745	1107.0315039157867
746	1467.7334179878235
747	4468.658919095993
748	4468.658919095993
749	1914.0229263305664
750	2487.936192750931
751	2487.936192750931
752	1348.281537771225
753	1014.7865898609161
754	1725.8182594776154
755	1132.342010974884
756	1840.4052793979645
757	1840.4052793979645
758	3232.7429859638214
759	12491.479596138
760	1434.504890203476
761	1143.4040670394897
762	1566.3566784858704
763	1443.0318026542664
764	3419.725986480713
765	1510.6115674972534
766	3027.4043567180634
767	1731.6580097675323
768	1731.6580097675323
769	1589.8641316890717
770	1584.3233649730682
771	1755.4317071437836
772	2324.2638850212097
773	1647.6211318969727
774	1083.7942090034485
775	2511.2233777046204
776	1191.6766684055328
777	1649.8223674297333
778	1534.0584406852722
779	1549.272961139679
780	1605.5985107421875
781	1835.1118204593658
782	1684.4303102493286
783	1684.4303102493286
784	1696.6776628494263
785	1636.325071811676
786	1830.8256783485413
787	2078.7452249526978
788	1821.7474846839905
789	2702.4636554718018
790	2091.0630989074707
791	1437.4389426708221
792	1437.4389426708221
793	2140.4626359939575
794	2099.75639128685
795	2099.75639128685
796	2704.1533329486847
797	2148.9022409915924
798	2148.9022409915924
799	1873.1941466331482
800	2189.2245206832886
801	2440.8804261684418
802	2015.8263347148895
803	3273.149352312088
804	4034.297042131424
805	3693.668653011322
806	3693.668653011322
807	3693.668653011322
808	5293.258215665817
