Iteration_step	Porb	eccentricity	Wdisk	logQ	primary_mass	age	feh	secondary_mass	posterior_probability	acceptance_ratio	inital_orbital_period	initial_eccentricity	current_orbital_period	current_eccentricity	current_spin	delta_e	delta_p	bad_solution_flag	gsl_flag	
1	7.841	0.266	4.1	7.067386738673867	0.8650037801703908	2.7040938283999503	-0.5697428942750172	0.8428596833980289	239.21895289481577	0.0	8.191184290326753	0.30155815971531436	7.8410013208509035	0.26600023591843835	6.8574629429294855	1.3208509033191262e-06	2.3591843834047665e-07	False	False
3	7.840995724916357	0.2673805656714694	4.186276650916637	7.006219066850373	0.826074120631276	3.2608100303454544	-0.596322614890721	0.8049266231431155	102.09984705566187	0.4268050077978354	8.315000389332294	0.31127944362072063	7.840985687092787	0.2673795266969652	6.977008923076428	-1.0037823569675197e-05	-1.038974504208312e-06	False	False
17	7.8410103202064505	0.26757338542883585	4.068117171793048	6.915989624699891	0.7853869376652851	3.876032924865151	-0.9187021870926418	0.7652810320610538	111.54954342258755	1.0925534821004579	8.457034312020877	0.32090930239887216	7.8410103437979375	0.26757338795746305	7.1092738587093764	2.359148698616309e-08	2.5286271965185847e-09	False	False
49	7.841032645322564	0.26628047402046867	3.7439964511655286	7.00156339854141	0.8099008425845085	3.7676102283100663	-0.8996138445668007	0.789167381014345	94.04691550528311	0.843095476859116	8.366436286058814	0.31386058320327614	7.841032555996373	0.2662804063713003	7.221796280692294	-8.932619088852789e-08	-6.764916837820323e-08	False	False
54	7.8410016000683465	0.2647873229560973	3.7322384922825704	6.7976314138992935	0.8085236331519025	3.5672278048451487	-0.7176195583483764	0.7878254281432138	48.84371873827662	0.519354818558965	8.64090210313175	0.33378546960761846	7.841014553136849	0.26436022449592494	6.355377115167313	1.295306850224165e-05	-0.0004270984601723593	False	False
62	7.840986363722106	0.2645418318419592	3.2051695494260235	7.037990223670054	0.8561940744961047	4.116035304100573	-0.3976212757670459	0.8342755061890045	92.93650542077754	1.902731974990827	8.575490984523068	0.32685040544983235	7.840986363152759	0.26454183182078256	6.727739995687617	-5.693463478451122e-10	-2.117661601630516e-11	False	False
74	7.841003845257232	0.2655533116834739	2.5599623326126757	7.102752948365033	0.8416138048155924	4.491511677564847	-0.6034939148581777	0.8200684914123133	303.76812068963096	3.2685554434642907	8.520662804745305	0.3232784445645484	7.841003844210782	0.2655533115792814	7.052111942059671	-1.0464500377338481e-09	-1.0419248797077785e-10	False	False
85	7.841004512776302	0.2662925671129663	2.9266800028221613	7.218355110815035	0.8701676043403409	4.061898225451494	-0.3887445909554757	0.8478913136692282	208.17852241760338	0.6853205067898012	8.320893874399847	0.31011394735496545	7.841004519199477	0.2662925674654409	7.339033285574101	6.42317488086519e-09	3.5247460505871686e-10	False	False
97	7.8410106198304135	0.2670636557238164	1.3876230647235233	7.227165683888744	0.9040246453812182	3.3234379275837895	-0.5530186025176234	0.880881614459459	121.39022275261539	0.5831063711227049	8.292936061346271	0.3087462795363968	7.841010622082765	0.26706365581401886	6.745066565413481	2.252351194442781e-09	9.020245661517379e-11	False	False
102	7.840995885298644	0.26650648314030695	2.441213931472059	7.101191319550101	0.8542728285189563	3.58347503304491	-0.523488732023295	0.832403444108871	250.61567526623475	2.06454580594165	8.34561459788425	0.3124375136112795	7.840995886311496	0.26650648322029913	6.994681214213337	1.0128520244734318e-09	7.999217954690607e-11	False	False
119	7.840988026124851	0.26664530328558195	3.030518982270595	6.886385341522905	0.8172220615729633	4.4029927771603115	-0.65205355930006	0.7963011767966954	87.26584869802797	0.3482058678305875	8.815350306301093	0.3443628743755657	7.841006453472637	0.26568427804057787	6.382526655330239	1.8427347786342807e-05	-0.0009610252450040768	False	False
128	7.841022551865332	0.266027734075022	3.396138902673943	7.0250542661641635	0.8206418793305273	4.8247936752705085	-0.6954427564576382	0.7996334472196659	215.823402866095	2.473171419130107	8.677333675455738	0.33351365099487357	7.840926544315868	0.26601906472807124	6.900281934863177	-9.600754946337275e-05	-8.669346950762602e-06	False	False
132	7.841004024614864	0.2645432959476075	3.5804212971264806	7.569827905194071	0.8154287953816346	4.290854221963877	-0.8410477998903843	0.7945538182198648	9.180588085236558	0.04253750039764011	8.05477125543462	0.2792132944244056	7.841004024815989	0.2645432959569916	7.841004024815992	2.0112533860583426e-10	9.384104604492904e-12	False	False
134	7.841010369095815	0.2646859252066737	3.357071651966508	7.331358604411428	0.8255435313682156	3.746315701735155	-0.8263188588406452	0.8044096169651893	9.0011311312311	0.9804525644393037	8.091765012089722	0.2880987422345047	7.841010369141393	0.2646859252135467	7.841010369141395	4.5577763785331626e-11	6.873002167395725e-12	False	False
135	7.841005334035846	0.2653522811622169	3.3801315997805155	7.580956449482303	0.8449289437499289	2.7885781295466487	-0.6559743051209904	0.8232987627899307	12.803817177606469	1.4224675755673908	7.965177297249577	0.2750736546378531	7.841005333881007	0.2653522811447621	7.841005333881009	-1.5483880844158193e-10	-1.7454759859703017e-11	False	False
138	7.841000927406913	0.2653549646190858	3.1368336084446176	7.726858858783072	0.8231021590426648	1.225375568354893	-0.8323845563219312	0.8020307437711727	17.962750888677412	1.402921538124879	7.8682278046098855	0.267267485942368	7.84100092673844	0.26535496458831975	7.841000926738441	-6.684732767325841e-10	-3.076605636920249e-11	False	False
141	7.841025111648757	0.26508991676951776	3.376864634324333	7.276475667028224	0.8882623976435523	2.085022782969559	-0.6316988073865141	0.8655228802638774	4.660568060692058	0.2594573676145443	7.976845478853272	0.28205775284114326	7.841025080197195	0.26510392634915275	7.841025080197197	-3.145156224348966e-08	1.4009579634988167e-05	False	False
142	7.841000066383984	0.2645354497661319	3.233247285700303	7.525517319996576	0.9093213302421999	0.9423020874861435	-0.4673362859362799	0.8860427041879996	5.238830637887981	1.1240755568131442	7.850275849652898	0.26752864219965494	7.841000065950945	0.2645354497256151	7.8410000659509445	-4.3303849395215366e-10	-4.051681212757785e-11	False	False
144	7.841006033103181	0.2655991722400011	2.8371894093609553	7.587617146954348	0.9811674900267315	1.7745899087037824	-0.15910820149968713	0.9560496022820473	20.868713416163807	3.983467849721702	7.913712285464596	0.27509876776781395	7.841006032754294	0.2655991722112805	7.8410060327542945	-3.488871413992456e-10	-2.872063697978433e-11	False	False
146	7.841010632972256	0.26498139062545023	2.8592598824048445	7.875672518864804	0.9080289720002647	1.460067788433765	-0.3975081645917888	0.884783430317058	7.765446011521769	0.3721094758772749	7.875270440597313	0.2676401337988387	7.841010633401498	0.26498139065342563	7.841010633401498	4.292424193863553e-10	2.7975399774504695e-11	False	False
148	7.841023832783491	0.26499870345608634	3.1279137112613773	7.895745089318219	0.888414872083715	0.7413119975647386	-0.42012550057537157	0.8656714513583719	5.100782111964371	0.6568562970364129	7.8440275679028995	0.2657082950594705	7.841023832786787	0.2649987034573737	7.841023832786787	3.2960301155071647e-12	1.2873591082041003e-12	False	False
153	7.84102639065249	0.2642914338338266	3.7512097825878863	7.845943286296263	0.8992664133625637	0.8984596435221794	-0.43200728140278066	0.8762451931804821	1.601057362110854	0.31388468022490534	7.848363448411453	0.2654573190414111	7.841026390751416	0.26429143383555764	7.841026390751418	9.892620056461965e-11	1.731059739995544e-12	False	False
155	7.8410594551044515	0.26660537716510924	3.9236539690504144	7.263375569083248	0.8992298489515215	0.7259564397931946	-0.48791954470075116	0.8762095648183625	1.9358335949688525	1.2090969635320408	7.8319774688752	0.26972060530591796	7.84105945518576	0.2666053771711557	7.334820101432619	8.130829343144796e-11	6.046441125562296e-12	False	False
165	7.841042801061783	0.26585704487087414	3.6537317865294	7.7142331578957934	0.8702778608485995	2.037711250374895	-0.5718126544180477	0.8479987476108753	1.6348724653228	0.8445315080654466	7.90936889021263	0.27110188439402316	7.841042801477289	0.2658570448870735	7.841042801477289	4.155058519472732e-10	1.619937517460812e-11	False	False
166	7.841020068271487	0.26498126990634957	3.853272807872358	7.781429916055055	0.9130305073912903	1.8951136700731919	-0.557877178671426	0.8896569264020733	5.241819271400919	3.2062557677035315	7.89441632955599	0.2698041324838333	7.841020068355731	0.26498126991982013	7.841020068355734	8.424461128697658e-11	1.347055800238195e-11	False	False
170	7.841027393736997	0.2658642472341956	3.908023430498052	7.844324358914387	0.8859500008771296	1.4667161654827612	-0.6118267407083356	0.8632696808546751	6.015750642358697	1.1476455655730644	7.872635894662367	0.26835951748400994	7.84102739373713	0.2658642472323976	7.84102739373713	1.3322676295501878e-13	-1.798006188380441e-12	False	False
172	7.841026692080652	0.2648781558051566	3.8711791930961477	8.139732873777445	0.983055105849405	1.468185453118115	-0.39678171013972713	0.9578888951396604	3.4434091508523434	0.5723989167048035	7.860841348347395	0.2666701595607641	7.8410266911345925	0.2648781557153684	7.841026691134594	-9.46059230955143e-10	-8.978823240468614e-11	False	False
174	7.841020410682391	0.2659166124482888	4.105043428682896	8.034965371823244	0.9304148564672523	0.903008173842215	-0.28247086781786723	0.9065962361416907	11.164847640278415	3.242381939280957	7.847784013327182	0.2667389484856741	7.841020410592734	0.2659166124442167	7.841020410592734	-8.965628239820944e-11	-4.072076009720149e-12	False	False
181	7.841010941402875	0.26465810602425066	4.445229951493189	7.597289659481584	0.8704440153563004	0.9491245342286498	-0.5856848026627148	0.8481606485631792	5.557313831209013	0.49775097791396566	7.849892883914608	0.26668647797922646	7.841010940849831	0.26465810598529893	7.8410109408498325	-5.530438329515164e-10	-3.895173072976377e-11	False	False
185	7.841041812213119	0.2645105678723118	4.487110364572894	7.974675647586837	0.9315925464716527	0.526507899069899	-0.4135939072658559	0.9077437772819784	8.265208846812246	1.4872668878975512	7.831417846005024	0.26456040628277944	7.841041812057915	0.2645105678519969	6.606507238242692	-1.5520384977207868e-10	-2.0314916415742346e-11	False	False
206	7.84100643285352	0.2648499039241606	4.415340454046026	7.026058700261975	0.852774542801005	0.4268311031151897	-0.5002932028112945	0.8309435145052992	31.401055988863295	3.7991848204748218	7.796863708724934	0.2655303269056703	7.841006253610836	0.2648498900683627	6.261905346395414	-1.7924268469471372e-07	-1.3855797897921462e-08	False	False
210	7.8410150476818155	0.2652239496365682	4.4145189103088605	6.90620991237153	0.9440747155807734	0.9748640190573061	-0.3806596688348786	0.9199064028619056	124.81947161220243	3.9750087276195725	7.841014803287612	0.26522394163302215	7.8157131969444995	0.25027119665273434	6.732816234966748	-0.025301850737315945	-0.014952752983833861	False	False
214	7.8410084440933225	0.2651488014866671	4.085995083952755	6.9714430584216975	0.9093213302421999	0.9423020874861435	-0.4673362859362799	0.8860427041879996	21.882316796049814	0.175311724312015	7.878205829601665	0.2765751247265103	7.841008443065645	0.2651488014172637	6.170297569600198	-1.0276774986550663e-09	-6.940337193839241e-11	False	False
217	7.841018880018961	0.26573241060982994	4.479357389256294	6.810682122599799	0.8662815895342223	1.0654917146535199	-0.5827189324577062	0.8441047808421462	57.796344451148364	2.6412351575854043	7.84319696819941	0.265817331183497	7.792612560747773	0.24963213340644058	7.473006215438472	-0.0484063192711881	-0.016100277203389357	False	False
235	7.841022602428765	0.26482773825010364	4.110315529495504	7.179348930498259	0.8895473209238324	1.6955222918199206	-0.6473427373341343	0.8667749095081823	30.343538279351645	0.5250079147306477	7.949823626490492	0.28042921818944017	7.841022609951441	0.264827738983351	7.411352833392121	7.522675815607727e-09	7.33247351725197e-10	False	False
248	7.840993664434473	0.265584646527613	3.4163178061907944	7.155945633400891	0.8179444631759779	1.9958456335190098	-0.728601086787909	0.797005084918673	14.529557553875	0.47883530984790135	7.971447343562395	0.2809280502737451	7.840993664916277	0.2655846465638529	7.840993664916279	4.81803930085789e-10	3.623989996981436e-11	False	False
249	7.840994265025537	0.2663569153871539	3.6649188523656453	7.484817587271847	0.8845623028087396	0.8469482080719217	-0.5349701832355481	0.8619175078568359	14.232133006035475	0.9795296899622244	7.844682529497727	0.268770185660609	7.840994264951619	0.2663569153828099	7.840994264951619	-7.391776080112322e-11	-4.34396962845085e-12	False	False
249	7.840987378411042	0.26561440704886935	4.2015240477059415	7.294645992211204	0.9249354231372795	1.1944120711696244	-0.4215127496808023	0.9012570763049652	51.318050418645186	3.6057877197242707	7.87849431123794	0.2738133301219712	7.841000838422685	0.26561572841764197	7.547821216812871	1.346001164304056e-05	1.3213687726221224e-06	False	False
256	7.840968401647794	0.2655414577136037	3.908771610673477	7.661650167605734	0.9031179611185296	1.4052802853200386	-0.6354137502644543	0.8799981413138953	4.193175752403913	0.08170956843053458	7.870334907424646	0.26938739816894497	7.8409684027994215	0.265541457805423	7.840968402799422	1.1516272380163173e-09	9.18192744059354e-11	False	False
259	7.840971756068036	0.26694164234869366	3.6265145577673596	7.291319097821911	0.9259509326888902	1.2366661771089869	-0.5798466869084494	0.9022465888120547	4.3869557270041115	1.0462131773248728	7.840793867439372	0.265038514241356	7.812986641993794	0.256829038993977	7.812986641993794	-0.027985114074242645	-0.010112603354716643	False	False
263	7.840960961245302	0.26718230986360764	3.7140788826316307	7.0915698983358375	0.8950833131762556	0.5284025551275068	-0.571116427283653	0.8721691803589434	2.813549176354578	0.6413443288327814	7.802685231199107	0.26895275677408864	7.84096214181072	0.26718241672508297	6.138084638891874	1.1805654178687064e-06	1.0686147533522927e-07	False	False
267	7.840986978104766	0.26751399957963606	3.559157270497681	7.039267904962601	0.8802020805799229	0.9477657613199615	-0.5832301610014434	0.8576689073170769	56.131065193229475	19.95026981044512	7.874261668125935	0.27647704614637625	7.840986974908472	0.2675139992722372	6.728261928335694	-3.1962938962237786e-09	-3.0739888412512073e-10	False	False
286	7.840994701217001	0.2665686347055733	3.4182748428692222	7.272885477527854	0.8996965700224967	0.869716015147138	-0.5398204958445757	0.8766643378299208	49.96234404544714	0.8901014772025668	7.847271966145527	0.27115584152340355	7.840994701068867	0.26656863470745706	7.581645945874852	-1.4813394955126569e-10	1.8837709170327344e-12	False	False
290	7.8409801526480365	0.26656670715423253	2.0975462689755386	7.1739358801177	0.8821917986165478	1.0525893638474033	-0.5206229771500475	0.8596076885719642	42.48505130329151	0.8503414344340195	7.88666687289667	0.27504254310049414	7.840980152517658	0.2665667071440999	7.5040715803593745	-1.3037837476304048e-10	-1.0132616967695185e-11	False	False
291	7.8409813871330085	0.26745081613155947	2.534883306868848	6.806066715264719	0.8827643208407703	1.1044697289379917	-0.8258351433582801	0.8601655542272466	44.65196517995203	1.05100414875791	7.840979990749483	0.267450834983698	7.768934492414349	0.2482512778903193	7.360050013231724	-0.07204689471865944	-0.019199538241240155	False	False
292	7.840982081679375	0.2662445352392934	1.689450797065469	7.33369192351546	0.9249354231372795	1.1944120711696244	-0.4215127496808023	0.9012570763049652	17.582775333489522	0.3937738297212479	7.8952515213079835	0.2749208520301012	7.840982081616476	0.26624453523262037	7.741719123135669	-6.289901932632347e-11	-6.673051000660735e-12	False	False
294	7.841016748447662	0.2680618817888322	1.7405572294127958	7.143448961792944	0.9004017102427379	0.9238440560637387	-0.38797511434949306	0.8773514264605238	21.581508226831296	1.227423305905836	7.886698865317868	0.27665949688923264	7.841017231722822	0.26806192450621275	6.977458701739374	4.832751603345287e-07	4.271738052175067e-08	False	False
296	7.840978433465482	0.2680898813439532	2.0851259127590267	7.330852686221618	0.8464939274168207	0.36330257711309155	-0.6219349471747704	0.8248236828749501	8.581969300501651	0.3976538252239518	7.820555747526738	0.2682798318857597	7.840978433780456	0.2680898813653073	6.414699414797365	3.149738247998357e-10	2.1354140677942723e-11	False	False
298	7.840994098742495	0.26726779921146915	0.9295921690223878	7.606296622752845	0.8561155181633348	1.4165672353381844	-0.6817577337341998	0.8341989608983534	6.841318089443779	0.7971734516743	7.896374702522672	0.27195893440309876	7.840994098446313	0.2672677991846183	7.840994098446314	-2.9618263397424016e-10	-2.6850854872861873e-11	False	False
300	7.840993959519044	0.26699375862151337	0.7046554713958485	8.172273186594754	0.9754877496719719	0.3871591656199449	-0.605698995992899	0.9505152632803695	19.726513061661606	2.883437490225723	7.840991060618954	0.2673846712103105	7.84099395973243	0.26699375863538194	6.117349532948737	2.133857535113748e-10	1.3868572956710068e-11	False	False
301	7.841010328300002	0.2674967011744275	0.650840251113265	7.241974036136107	0.8464939274168207	0.36330257711309155	-0.6219349471747704	0.8248236828749501	82.78403045293778	4.196587110665199	7.853008646946044	0.2698766383177869	7.841010328964713	0.26749670119285673	7.126592449403592	6.647109529467343e-10	1.842925811956775e-11	False	False
311	7.841043616069608	0.26626398991130795	0.5519876849171247	7.448056631628834	0.8817952595514513	1.2006664343346585	-0.6144564265286772	0.8592213009069342	1.5650071591604915	0.01890469877581267	7.910474618800642	0.27362604554286674	7.8410626420858645	0.2666302411706371	7.8410626420858645	1.9026016256695755e-05	0.00036625125932915337	False	False
312	7.841020887242835	0.2673836774256735	0.5247922898172043	7.658137155091543	0.9296585462884207	1.3486969083684257	-0.45668354754710083	0.9058592875034371	3.315145432048187	2.118294100217735	7.9058109468695505	0.2734698681470699	7.841020887191262	0.267383677424228	7.841020887191264	-5.157296811830747e-11	-1.4455103780619538e-12	False	False
313	7.841027888844325	0.2663453973842693	0.8039738017709142	7.910846308229342	0.8960588807951303	1.904205598218302	-0.5045110177646922	0.873119773446775	5.312501167563261	1.602494151902426	7.905830632396547	0.270313846043326	7.84137943273968	0.2663754741187033	7.8413794327396795	0.0003515438953556327	3.0076734434003605e-05	False	False
314	7.841021556565601	0.2657024966695561	0.7965991930378048	7.626138797163835	0.9094343096619479	1.6088908215661253	-0.34093285522505345	0.8861527913346021	8.789002188857056	1.6544000484217112	7.912912196173021	0.2724382027305222	7.841021556909619	0.2657024966860919	7.841021556909621	3.440181473024495e-10	1.6535828262220775e-11	False	False
315	7.841034028976711	0.2654822984745569	1.9718224926947117	7.676790495445058	0.8439191895725778	3.7250485150746577	-0.6928197723282411	0.8223148583195199	4.457056841164488	0.5071175026916331	8.010847346752081	0.27686135222662284	7.841034047595549	0.26548229934414025	7.841034047595552	1.86188380268959e-08	8.695833497718297e-10	False	False
317	7.841017807993841	0.2652978083522434	2.325714674842838	7.759090479983174	0.8566573146086662	3.6887939164285544	-0.5567476526148173	0.8347268873546844	10.162206758722355	2.2800262865993184	7.989227197936021	0.2658301958514465	7.840874436924388	0.256685586930941	7.840874436924387	-0.00014337106945294664	-0.008612221421302413	False	False
320	7.841005322274481	0.26525465630271844	2.462566878363915	7.708239588736856	0.8416138048155924	4.491511677564847	-0.6034939148581777	0.8200684914123133	16.58404662484902	1.6319335965699295	8.048352766347739	0.27847821919783555	7.841006486752676	0.26525471202891526	7.841006486752675	1.1644781947595106e-06	5.572619682370217e-08	False	False
322	7.8410349693709005	0.26555007657204377	2.7376896857830637	7.538683714382225	0.7884653970031233	5.217739714552121	-0.758072169330221	0.7682806828398434	6.115636932307155	0.3687662649925064	8.12175024601132	0.28348050250531837	7.8410349694987875	0.2655500765794052	7.841034969498788	1.2788703429578163e-10	7.361444787079563e-12	False	False
327	7.841032137658098	0.2666875574361193	3.015359836046002	7.396029843108169	0.8172329689783201	5.525997363909605	-0.7286107443684103	0.7963118049724751	7.058064923122145	1.1541013636431576	8.235801208647905	0.30007371046035053	7.84103244646035	0.2666875923837804	7.841032446460351	3.0880225221352475e-07	3.4947661098350125e-08	False	False
328	7.841050257499323	0.26657238347992374	2.8171519882843374	7.016482530272503	0.7997772341815919	5.300560578799934	-0.6231923803360286	0.7793029369865432	15.605646494828738	2.2110375385900474	8.731301701891352	0.3367678057219935	7.838283002262574	0.26633365313254576	7.175894116428204	-0.0027672552367494774	-0.00023873034737798005	False	False
334	7.8409733246265345	0.26703581392557807	2.9809448199517266	7.449364400146454	0.8491113880823924	1.4203198860051658	-0.5985397637844523	0.8273741365474832	20.115385057538035	1.2889812071677833	7.890595518945826	0.27267461593353004	7.840973323871012	0.26703581389645936	7.8409733238710135	-7.555227554689736e-10	-2.911870744526368e-11	False	False	False
336	7.8409753173878025	0.2677085677958445	3.120688506826933	7.087353020596215	0.8565550782515292	3.0649319276536473	-0.6061388001289294	0.8346272682482901	130.24844090498138	6.475065753522432	8.253316137354554	0.3069553665057024	7.840976476942142	0.26770868692454397	6.883507316421535	1.1595543396580865e-06	1.1912869946062443e-07	False	False	False
341	7.841013727670391	0.2664557503816094	3.419511071255316	7.066791135012211	0.8074316351357324	2.6556654915622904	-0.8241903944013496	0.7867613852762576	95.0058876429334	0.7294205364979527	8.086543919693629	0.2924889830673595	7.841013727728741	0.2664557503673681	7.841013727728742	5.834976946061943e-11	-1.4241274826076733e-11	False	False	False
359	7.84099902833212	0.2666693899011169	3.1840613192561333	7.720723608874127	0.8092330048300205	5.772821279013836	-0.7282371958325636	0.788516639906372	85.36650634710178	0.8985391165223369	8.096702735430739	0.2672643848264561	7.840964330713838	0.25371390741684774	7.840964330713838	-3.469761828167606e-05	-0.012955482484269143	False	False	False
372	7.840990767888079	0.26625018375541915	1.9995928193418853	7.252971122296221	0.8262532732811687	5.218451918805321	-0.5261215084042044	0.8051011894851708	97.11253341182301	1.1375952650207057	8.362654054993875	0.3122329008146881	7.8409907661599485	0.26625018349680785	7.840990766159951	-1.728130527567373e-09	-2.586112990421441e-10	False	False	False
375	7.841020154190324	0.26549879375283797	1.6441728542667629	7.606540876545411	0.9072310359030938	0.9313779161908768	-0.33830345487051217	0.8840059213839747	63.25457838738099	0.6513533955410129	7.858257136867435	0.26831142058787566	7.841020759036928	0.26549884210286295	7.841020759036927	6.04846603913245e-07	4.83500249837121e-08	False	False	False
376	7.840977598470144	0.26407006318769793	1.8510958005831029	7.376560683153234	0.9172413443406975	0.7767484434929979	-0.32625647188068085	0.8937599659255757	9.543278942466838	0.15087095963271302	7.848156259736125	0.26768986956895485	7.840977597364459	0.26407006312852177	7.840977597364459	-1.1056853210789086e-09	-5.917616396899916e-11	False	False	False
383	7.841017854553027	0.2648965093037648	2.6783697384168783	7.669211448112949	0.9308911167346988	1.9151725804241257	-0.24694524116335867	0.9070603041462906	49.12928615739288	5.148050942823377	7.910927127931095	0.27196623169293827	7.841017854570441	0.26489650930392766	7.841017854570441	1.7413626096640655e-11	1.6286971771251046e-13	False	False	False
384	7.84098465671476	0.26545169753481324	3.38981847870357	7.837269857899185	0.8593751438353524	3.698866732123144	-0.544949025583236	0.8373751401531674	49.74768284007801	1.0125871294100224	7.985178674838633	0.27359724587826795	7.8409846208676655	0.2654516957730697	7.840984620867668	-3.584709418191778e-08	-1.7617435288386218e-09	False	False	False
387	7.841027483713892	0.26617000584450046	4.169030884161095	7.666556020582957	0.9021247218774415	1.2655470338264925	-0.45930195484840153	0.8790303289973791	44.21158499848518	0.8887164682747233	7.867203262525041	0.2695109830456356	7.8410274840381256	0.26617000586079476	7.8410274840381256	3.242339730036292e-10	1.6294299243213572e-11	False	False	False
388	7.841014300892571	0.26551752248963395	3.6164858305666834	7.153676516224957	0.9445245957414319	1.2554563410077397	-0.4148387886177324	0.9203447660904512	745.0756784523273	16.852498694128606	7.917475520793198	0.27923667355348913	7.841014362179222	0.2654523704173608	6.497725534925232	6.128665130944455e-08	-6.515207227314468e-05	False	False	False
393	7.840997885356299	0.2659082443717357	3.549509619943075	7.033719611860426	0.8427285847499572	1.1979969010257157	-0.6782890443899656	0.8211547329803582	732.0571658848714	0.98252726139914	7.906075070862371	0.2771408900007409	7.840997885706492	0.26590824440046773	7.411168769396717	3.501927636762048e-10	2.873201676578674e-11	False	False	False
394	7.8410218114006405	0.26650983073222984	3.784942992518885	6.865210909116846	0.8377603839737582	1.8030228227052223	-0.6477341606141971	0.81631371814403	722.7324077913909	0.9872622541953957	8.078123027173882	0.2909694623906416	7.840303679170072	0.26220225934825236	6.74474984595757	-0.0007181322305687132	-0.004307571383977471	False	False	False
415	7.841014397063466	0.26719697629462874	4.160803421160395	7.109423865467669	0.8461287438983771	5.290742650145861	-0.5734828020884616	0.8244678480545787	790.6893875488639	1.0940278573713662	8.720226717988389	0.3344581169173314	7.839577363465866	0.26327553379742497	6.968967086779678	-0.00143703359760039	-0.003921442497203775	False	False	False
501	7.8410236357239365	0.2652702618278149	4.475338884189704	6.928183342363326	0.8154562119179101	5.6255748076991114	-0.7379575071153586	0.7945805328928116	812.1206232624587	1.0271044939404481	9.071367683730283	0.357552468515495	7.83202704081432	0.2621138088843218	6.571434628143471	-0.008996594909616462	-0.0031564529434930932	False	False	False
548	7.841010681415967	0.2657908822138311	2.372578608271653	7.188076242711867	0.8835037455260631	2.479514648231381	-0.5518097607377421	0.860886049640596	636.055994331151	0.7832038444929287	8.087257154190182	0.29238604377916255	7.841011760700509	0.26579098964011877	7.277831015824949	1.0792845417384456e-06	1.0742628764326412e-07	False	False	False
593	7.841023537750717	0.2665211060985692	3.088085854080261	7.3292081927968615	0.9443467274242202	2.2544575446912396	-0.35533513133981964	0.9201714512021603	706.9317457362844	1.1114300502421381	8.031423218720587	0.2883686938157975	7.8410016383668335	0.2665144775920149	7.108225401236435	-2.18993838831949e-05	-6.628506554307023e-06	False	False	False
607	7.8409913267512374	0.2663263300940139	3.057896509982378	7.361773803835856	0.8629963356958338	4.481630820844802	-0.4107797187624874	0.8409036295020205	99.58070626062346	0.140863254283351	8.207384934167816	0.3008187278782949	7.840991292016735	0.2663263072697613	7.840991292016736	-3.4734502385447286e-08	-2.282425259902965e-08	False	False	False
609	7.841008822885642	0.266184302100117	3.0546877993665014	7.646196237890515	0.8526792594453718	2.845318777530178	-0.5924289674778231	0.8308506704035703	62.67746298695492	0.629413722201517	7.962953345171977	0.27517138562595966	7.84100882181935	0.26618430204267995	7.841008821819351	-1.066291943629949e-09	-5.7437055112075086e-11	False	False	False
612	7.840979755576592	0.2652160115156188	2.6960611512942725	7.061135210782845	0.8477930434351926	2.733629034501502	-0.6239109515170193	0.8260895415232516	418.30011834902166	6.673852105916964	8.177109339012281	0.29933867466926356	7.8409808695780185	0.2652161260244525	7.178754446268285	1.1140014262167597e-06	1.1450883369290565e-07	False	False	False
645	7.841000495985195	0.2651547349929697	3.173794727498806	7.305193172346967	0.848290089916848	2.1794398692048498	-0.5643394391517889	0.8265738636149766	55.72099519997409	0.13320817459937115	7.968465468051429	0.27927639352949185	7.841000495744127	0.26515473498984526	7.841000495744127	-2.410684984965883e-10	-3.1244451470513468e-12	False	False	False
647	7.8409934831406645	0.26501131619936386	3.530298868751086	7.632842396794197	0.8585642747646156	3.030652398230108	-0.5181873075348998	0.8365850293306415	47.942198409085094	0.860397382297784	7.97540092065783	0.275274265439908	7.840993721299869	0.26501139457124984	7.840993721299869	2.3815920435765747e-07	7.837188598092126e-08	False	False	False
653	7.8410073260584445	0.26516043389498045	3.5445029590470285	7.850164746707089	0.8072445704602	6.942797333040229	-0.5456042185463681	0.786579109456419	123.70775809946053	2.5803522200604343	8.125655869763355	0.27880522389337653	7.841007327175641	0.26516043395392364	7.8410073271756415	1.1171961133982222e-09	5.894318366728157e-11	False	False	False
662	7.841042205001607	0.26492787290567577	3.603057944630874	7.698458511094981	0.8233745859224832	6.6202030665776626	-0.5924165989049288	0.8022961965228678	8.991704274420163	0.0726850475068093	8.176310565289487	0.2856645307401592	7.84104220387563	0.2649278728555197	7.841042203875631	-1.1259766452553777e-09	-5.0156045983129616e-11	False	False	False
664	7.8409835437745095	0.2650069830878293	3.4997085276659425	7.6420788349073465	0.8045752409976732	7.206812435687658	-0.6948831422116826	0.7839781148281328	64.99658440626202	7.228505567199981	8.227668532057091	0.28907927952050266	7.840983544358002	0.26500698311358406	7.840983544358001	5.834923655356761e-10	2.5754787191800688e-11	False	False	False
669	7.841020522681069	0.26595029452432833	4.033802849861442	7.8119613244709925	0.7884829809696493	8.294966265881644	-0.7182726222421663	0.7682978166568263	150.85346914062708	2.3209445622206157	8.201924738013208	0.28346931011751475	7.841019397638927	0.2659305090990101	7.841019397638931	-1.1250421421138412e-06	-1.9785425318219474e-05	False	False	False
674	7.84101271191875	0.2656384639941236	3.9877709814389752	7.727769294800072	0.8356458926525003	6.062144811512685	-0.5972827228196074	0.8142533578005964	102.67458781350282	0.6806246379245582	8.137238968702539	0.28411024096393994	7.841012711577675	0.26563846397639823	7.841012711577678	-3.410747240195633e-10	-1.77253767219554e-11	False	False	False
697	7.840972120129022	0.26559737106667536	3.829566523566729	6.635691197664352	0.7840062240447205	5.062386487530413	-0.6832274995270536	0.7639356647091757	74.96092319406911	0.730082533471938	8.650780244203848	0.2976886310298913	7.818496811266	0.19598504676199052	7.818496811265999	-0.022475308863022292	-0.06961232430468484	False	False	False
710	7.841038059492875	0.2657547045474205	1.5713764489415634	6.918169649832335	0.8309403802522564	6.0293789214790925	-0.709166253067417	0.8096683065177986	86.00960712064742	1.14739258077137	9.34201742143171	0.3751508417040179	7.826531821878913	0.2594548504021876	6.288691421144692	-0.014506237613962192	-0.00629985414523293	False	False	False
712	7.840969864054344	0.26701387386221587	2.3926739751616015	7.17206638420494	0.8449702083926571	3.0357144650614383	-0.7898821594151437	0.8233389710578052	77.5403224662337	0.9015309459263815	8.134192310282256	0.29669185858698943	7.84096986411801	0.26701387386944825	7.627423375655898	6.366640548094438e-11	7.2323813604668885e-12	False	False	False
713	7.841002932270393	0.26748762443612645	3.6741060456511496	7.217132518446869	0.7991901095310405	5.711985001290066	-0.937735753288793	0.778730842727046	99.19604134308594	1.2792833223808502	8.398404840567885	0.3155271309498996	7.841002931923827	0.2674876244042206	7.841002931923827	-3.4656633118856917e-10	-3.1905866837433905e-11	False	False	False
714	7.840998787655085	0.2658089055436094	2.946505360324985	7.875209121174639	0.8068478173900165	5.467937826098762	-0.9531015754753853	0.7861925132648322	289.99785514913924	2.9234821392330934	8.035156427140913	0.27506982948154707	7.840998788047929	0.2658089055627114	7.84099878804793	3.928439795686245e-10	1.9101997761339362e-11	False	False	False
716	7.840985301068309	0.26608706465696036	2.9386565148021124	7.3403673399699105	0.8703459587378954	2.7201003351946946	-0.8008506889209844	0.8480651021942054	155.49337755020082	0.5361880261846562	8.016681687678588	0.28528904514702924	7.840985301084437	0.26608706465687004	7.840985301084438	1.6128431923334574e-11	-9.031664305325648e-14	False	False	False
718	7.8410017687017985	0.2661745251350979	3.215468613545299	7.69534193107724	0.9350575359565385	0.733040060836432	-0.6607059406844413	0.9111200630360512	5128.67680489099	32.98324909840745	7.827191781973715	0.26701752480889873	7.841001768605398	0.26617452512919776	6.9362268169005405	-9.640022113899249e-11	-5.900113730916701e-12	False	False	False
742	7.840972633707554	0.26656455121264927	3.7771014858988328	7.28219113497101	0.9147665504679439	2.003125711759952	-0.6511026435616776	0.8913485267759645	96.48199423174701	0.018812258580953364	7.890864740276207	0.25258543549597356	7.80782723046964	0.23795703477189645	7.80782723046964	-0.033145403237913484	-0.028607516440752823	False	False	False
759	7.840995465010869	0.26600345971188827	4.00765747511149	7.257995032221023	0.8733924849345996	4.301226790794811	-0.6079505848540334	0.8510336373202739	1371.2221705697932	14.21220800304103	8.33286484099502	0.3108896542849449	7.840995873547109	0.26600280304008644	7.25652382825449	4.085362395045422e-07	-6.566718018241602e-07	False	False	False
806	7.840995413480284	0.2650150492372954	4.4296246810739905	7.5214492402242215	0.8233745859224832	6.6202030665776626	-0.5924165989049288	0.8022961965228678	133.18494180113876	0.09712863798416818	8.24440137280054	0.2967111013805202	7.825285076759406	0.26429075841867733	7.825285076759407	-0.015710336720878182	-0.0007242908186180785	False	False	False
810	7.841007110225269	0.26562811181349816	4.261525980077447	7.4180337729722	0.807283904827893	3.2725994775464455	-0.6336703400887976	0.786617436864299	143.758616254102	1.0793909154441124	8.021332012033282	0.2803515533456886	7.84100711021775	0.26562811179870083	7.841007110217751	-7.51931850118126e-12	-1.4797330027960243e-11	False	False	False
812	7.840982405517779	0.26542677507037016	2.4622265314652694	7.094947021180709	0.8685554565311935	1.355684046584705	-0.4988351810169721	0.8463204368439949	434.0255589124404	3.0191272719631224	7.933346209409618	0.278998844710269	7.840979811672343	0.2654027810994455	7.33523120964915	-2.5938454362162133e-06	-2.3993970924673924e-05	False	False	False
825	7.840980102820166	0.2654273439130215	1.719102681826536	7.6708875322057875	0.9461478080135008	0.4377369408415239	-0.2736177684724788	0.9219264241283552	1052.465096883554	2.424891979911894	7.828182652274207	0.26580026260269685	7.841023595444778	0.2654296458859848	6.828138497409296	4.349262461200709e-05	2.301972963303367e-06	False	False	False
881	7.840980196963403	0.2661112493533086	2.179675990473161	8.89745889551801	0.8464939274168207	0.36330257711309155	-0.6219349471747704	0.8248236828749501	597.0075343765737	0.5672468722662328	7.840280636057189	0.2661079543502556	7.840980196924071	0.26611124935147534	6.562661709626881	-3.9332093138000346e-11	-1.8332557694122897e-12	False	False	False
973	7.841023736721873	0.26477707659106314	2.3945026495776998	8.111126291180598	0.8464939274168207	0.36330257711309155	-0.6219349471747704	0.8248236828749501	158.18196096195985	0.2649580647707263	7.836621108438813	0.26474756570216784	7.841023736581838	0.2647770765812991	6.436116685963386	-1.4003465054202024e-10	-9.764022923519633e-12	False	False	False
983	7.841009069573506	0.2656367607633559	2.3241496620389315	7.915356743042835	0.8601990514471147	2.657355747172802	-0.5216466348050983	0.8381779557300686	59.2029947428039	0.3742714680155043	7.9258741889554605	0.26878274617670417	7.840677859935115	0.26441061782151093	7.8406778599351155	-0.00033120963839117223	-0.0012261429418449765	False	False	False
984	7.8409907572506485	0.26663658754700026	1.0291649100686304	7.577105816272594	0.9454461494788156	1.801109323197661	-0.37335168380721234	0.9212427280521579	98.4269244151676	1.6625328641357513	7.932919019844345	0.27669483035361975	7.840990757264123	0.26663658754973585	7.840990757264123	1.34745548052706e-11	2.7355895326763857e-12	False	False	False
990	7.840985171855201	0.2672219667164019	1.1115133417900476	7.568200950510958	0.8723269340757241	0.6413503932142164	-0.5455784139363896	0.8499953645633856	37.44216288536298	0.3804056980123737	7.849345694494447	0.26905048768057377	7.840985171393	0.2672219666888386	7.840985171393004	-4.6220094418458757e-10	-2.7563340498915068e-11	False	False	False
1004	7.840967362832629	0.268002631276973	0.7846080205192971	7.630891163900433	0.9213344917380827	0.37393776641473253	-0.4811127087533428	0.8977483287495878	76.0521765248547	2.031190793056062	7.840780579648328	0.26901331844131365	7.84096736297572	0.2680026312838204	6.768994861843425	1.4309087248420838e-10	6.8474115266781155e-12	False	False	False
1005	7.840995617109187	0.2675703647809815	0.8230837982331267	7.228034319223963	0.9268037094426151	0.9260482082334458	-0.47871478413793256	0.9030775344808842	601.6926834817853	7.911577432437392	7.915056917526568	0.27731816426222594	7.840406572625802	0.2673557535708185	7.042165685626328	-0.0005890444833855923	-0.0002146112101630293	False	False	False
1025	7.840999489101299	0.2674543754679819	1.3124608973391845	7.086569848543932	0.8626463067016543	2.1878657376524764	-0.6542320345774857	0.840562561250092	497.46838659472803	0.8267815119772645	8.109412459825242	0.2951670507987114	7.840999476041406	0.2674543742122861	7.009684240271366	-1.3059892722822042e-08	-1.255695825097547e-09	False	False	False
1030	7.84098293268111	0.26698463543557666	0.795840826483767	7.130507495546185	0.9002546822080721	3.8304502189536214	-0.5779506085665075	0.8772081623435455	696.0177445631673	1.3991195487366541	8.488839832943468	0.3139753020712117	7.840330404238896	0.25427978261988055	7.3044881081231745	-0.0006525284422131961	-0.01270485281569611	False	False	False
1031	7.841007927295598	0.26713096099110645	1.7633259666479333	7.364582271030731	0.8806490641526974	4.499874192395835	-0.6417356341643585	0.8581044481103883	317.71183963027005	0.45647089045074773	8.282832483859801	0.30741151100885894	7.8410079276031235	0.2671309610269666	7.506430775584209	3.0752556057223046e-10	3.5860148184241325e-11	False	False	False
1057	7.8409949139257025	0.26689527858610435	3.2819112123246903	7.357816317195491	0.835329780373822	1.710643248807404	-0.701869058866091	0.8139453379962522	59.41530555059196	0.1870100453912425	7.916822824694447	0.2752731966631081	7.840994915695346	0.2668952787408315	7.8409949156953465	1.7696430987257372e-09	1.5472717551645587e-10	False	False	False
1059	7.841025169189673	0.268173119334614	3.2494650362824142	7.173037322939037	0.8744599070040772	4.237262068042451	-0.5040576170359348	0.8520737333847729	50.14260453799318	0.843934135713514	8.474279492820575	0.32204509963128486	7.840602518508228	0.26796320763002174	6.718401749057595	-0.00042265068144509144	-0.00020991170459228048	False	False	False
1060	7.84099949952792	0.26782880375666607	1.9013692809692568	7.143059915144101	0.804690308842186	3.3732029174088787	-0.7270524601124994	0.784090236935826	18.473817327521978	0.3684255634053536	8.156127059825147	0.29829023290464085	7.840999487741097	0.2678288027477242	7.8409994877411	-1.1786823073123287e-08	-1.0089418744918532e-09	False	False	False
1067	7.8409828631494465	0.2673639384425416	2.745949866640224	7.1221694916198715	0.8515608432245831	3.135946921161869	-0.6271813946828485	0.8297608856380339	259.8129927788638	14.063849835290883	8.219238013245974	0.3038279192503523	7.840982557267366	0.26736390892442213	7.171907348572023	-3.0588208055348787e-07	-2.9518119448734836e-08	False	False	False
1085	7.840981276144068	0.2670201533418285	3.9092793255472618	7.298367075034785	0.9334162125461414	2.7514908301249887	-0.3150913926646831	0.9095207575049602	857.5474225735411	3.3006333263072434	8.116727704826259	0.29588771347950726	7.840981284068009	0.2670201541403327	6.974639151525316	7.923941502951948e-09	7.985042072000681e-10	False	False	False
1113	7.841004472773752	0.2663120783015747	4.4137327941646545	7.007688160701105	0.9072310359030938	0.9313779161908768	-0.33830345487051217	0.8840059213839747	2447.6905582425516	2.8542917788696913	7.841463102919467	0.26632150434194	7.821350925463658	0.2565170740628119	7.1267120847633505	-0.019653547310093167	-0.009795004238762839	False	False	False
1206	7.841002059384933	0.2667609064130555	3.4413886649622065	7.297112063781199	0.8826659416817366	3.3517469847584977	-0.3631594929270329	0.8600696935746842	171.4923923108699	0.07006293819836519	8.139105144719382	0.29668266202152005	7.841002059279559	0.26676090633603167	7.729266885136245	-1.0537437589164256e-10	-7.702383175711702e-11	False	False	False
1214	7.841029434022548	0.2657849540007455	2.607986728262658	7.309838957605988	0.9149444353258379	2.5368977737782603	-0.2875375385658196	0.8915218577814965	175.33639075598546	1.0224149794245534	8.052322012345954	0.28899122114511944	7.841029434506336	0.26578495399614	7.560574418617885	4.837872324969794e-10	-4.605482661901306e-12	False	False	False
1220	7.841013862306653	0.2649340211516476	2.7534764334188337	7.854247930054301	0.9032954706182194	2.062872817084126	-0.3454027965727363	0.880171106570393	42.81892061266192	0.24421011763754588	7.905277536863937	0.26937960153110635	7.841013862012074	0.26493402117674714	7.8410138620120735	-2.9457858374826174e-10	2.509953356266692e-11	False	False	False
1221	7.841031042237118	0.26448366306790105	2.677615107224055	7.964849137263174	0.9225150481645962	3.244661031875743	-0.3531765139502924	0.8988986629315826	9.416636154462427	0.21991764434337113	7.952910773211385	0.2713348418749863	7.841031047539115	0.26448366366927634	7.841031047539116	5.301997063611452e-09	6.013752829048258e-10	False	False	False
1225	7.841018941886908	0.26542644538824944	3.0318907262475476	7.585180733700504	0.8561341270402246	2.223476651870158	-0.5665758734604008	0.8342170933879949	39.74103586794624	4.2203006695882	7.932113096235371	0.27306492902743146	7.8410188875138935	0.2654264417367798	7.841018887513894	-5.4373014535258335e-08	-3.6514696266642943e-09	False	False	False
1227	7.841010393785883	0.2663051120636528	2.7284939156970536	7.820850327862588	0.9519971963080273	1.741644641702805	-0.3744784011510255	0.9276260680825418	93.98683260911957	2.3649819526955547	7.889838151141742	0.2711385353589545	7.841010394168196	0.26630511204794227	7.8410103941681975	3.823128480462401e-10	-1.5710543976865665e-11	False	False	False
1236	7.841046729961171	0.2663413974514713	3.54231158432018	7.617340540759812	0.824427467015418	2.6597134881622417	-0.7559152791104811	0.8033221238598234	7.465794847288995	0.07943447651160218	7.950679974505444	0.2738135747724893	7.841046729897897	0.26634139744793295	7.841046729897896	-6.327383061943692e-11	-3.538336290631605e-12	False	False	False
1238	7.841013307291516	0.2652850055198236	4.386547853650254	7.629224330451922	0.8544539594474775	0.67530968350865	-0.7371803578829628	0.8325799380856221	113.6733836255831	15.225891676739627	7.83473432671824	0.26601993360983417	7.841014660558562	0.26528507331202594	7.841014660558563	1.353267045978157e-06	6.779220235175742e-08	False	False	False
1243	7.841003177878148	0.2649061898794593	4.099779251217573	7.113093198167733	0.8721375444331683	1.7230363998087976	-0.5900569811818388	0.8498108232956793	529.4991675596929	4.658075185865452	7.972696981623068	0.28254829936425435	7.841003198299992	0.26490619107958746	7.327102470999074	2.0421843771600834e-08	1.2001281635143357e-09	False	False	False
1251	7.840969072070501	0.2662072006583012	3.0425565782026647	7.670258856930939	0.8434365192424491	1.4201115045286603	-0.7395151694050548	0.8218445443498424	31.24404977052347	0.05900679677083947	7.87875123963042	0.2692909151772394	7.840969072405435	0.26620720067981507	7.840969072405436	3.349338584257566e-10	2.1513846260035052e-11	False	False	False
1255	7.841045676408916	0.2659797447008948	3.565654641141414	7.888236880177272	0.8845623028087396	0.8469482080719217	-0.5349701832355481	0.8619175078568359	7.249560092869997	0.23203010320734538	7.846660022710577	0.26686577058905836	7.841045675981034	0.2659797446687107	7.841045675981034	-4.2788173004737473e-10	-3.218408872740497e-11	False	False	False
1258	7.840986359207908	0.26710388664514734	3.0419585422263244	7.816451566236171	0.9284477229662709	1.3030756312574012	-0.4399500625756278	0.9046794612583344	39.23914259220495	5.412623950906617	7.866665353741274	0.26993014099604445	7.840986358415914	0.2671038865709517	7.840986358415916	-7.919940259171199e-10	-7.41956496241869e-11	False	False	False
1270	7.841019072058943	0.26745389576547135	0.6714741445819636	7.839665455424791	0.8797988416015894	1.1233446177309705	-0.5745027556997544	0.8572759912565887	26.5983525452838	0.6778525418281615	7.875565071896546	0.2698830097147037	7.841019079639331	0.26745389615292736	7.841019079639333	7.580387872963001e-09	3.874560117189674e-10	False	False	False
1277	7.841000825711892	0.26819928681008304	0.9655626045971719	7.526999801215179	0.855508631517292	3.112445146083767	-0.5842224207385392	0.8336076105504493	8.053702161069467	0.3027895110179477	8.02045187013245	0.28307872436694226	7.841000825445374	0.2681992867758786	7.841000825445375	-2.665183629346757e-10	-3.42044170764666e-11	False	False	False
1278	7.841012347676921	0.26722288099265107	2.260895521515485	7.236672746075697	0.8664071973933803	2.9054460000704063	-0.500776006361657	0.8442271731401099	72.4571092637355	8.996745572984262	8.105927044666359	0.2944241544064017	7.841012426221265	0.26722289048273573	7.6698264361571855	7.854434347365213e-08	9.490084662555631e-09	False	False	False
1280	7.841023456443085	0.2649680349015677	2.1554241336605027	7.39752820793969	0.8898045507693386	2.365892406334652	-0.3868405063684514	0.8670255542696436	27.100441312799855	0.37402045966472913	7.9814172481793	0.28040415193370943	7.841049379558081	0.26496989475049915	7.84104937955808	2.5923114995940466e-05	1.8598489314736177e-06	False	False	False
1282	7.841039458615746	0.26491849520227345	2.045931850038441	7.62179883965722	0.9308911167346988	1.9151725804241257	-0.24694524116335867	0.9070603041462906	11.885131877004094	0.4385586101651639	7.916597671948314	0.2729210801962508	7.841039460618203	0.26491849536573253	7.841039460618203	2.0024568669896325e-09	1.6345907960513273e-10	False	False	False
1285	7.840957040141176	0.26583954730475995	3.406945698586229	7.545727745593113	0.9410119879792466	0.6936550252564694	-0.4163121362952075	0.9169220810869779	65.28685957869779	5.493153988894128	7.829311910170154	0.26735576969159086	7.840957043663277	0.26583954756854283	7.509902880787969	3.5221008332086967e-09	2.6378288442430176e-10	False	False	False
1288	7.840986612147307	0.2664378273833206	4.274854614725695	7.836040056058137	0.8656610396619966	2.734527511742723	-0.6453095962159797	0.8435001170466495	86.94602868907268	1.3317538820237875	7.938051391240257	0.2722076735022154	7.844297062528697	0.26660978017322673	7.844297062528697	0.0033104503813898845	0.00017195278990611573	False	False	False
1291	7.840971797877277	0.2659288446954297	3.8676746158714317	7.093865278483869	0.8698957557977435	2.001283684744302	-0.6894052503051906	0.8476264244493212	595.4567937064103	6.848579546235755	8.007093018592974	0.2867984337364727	7.825148683876209	0.2643609679868376	7.204988288938127	-0.015823114001067395	-0.0015678767085920975	False	False	False
1304	7.840996382150679	0.26524530338710106	1.428013458631888	7.674265626345801	0.88883274631065	0.3972032800957357	-0.58879733178279	0.8660786280050974	991.9424092473146	1.6658511914407537	7.83248220199008	0.2655801942234259	7.8409963846488395	0.26524530354666576	6.715581294944006	2.4981607893437285e-09	1.5956469479050384e-10	False	False	False
1332	7.8409976400137325	0.2655424000423404	1.956942245206482	7.347567317438326	0.9031179611185296	1.4052802853200386	-0.6354137502644543	0.8799981413138953	108.7278754003609	0.10961107659754518	7.902937294499793	0.27476000389056143	7.8410439353380355	0.265545794466811	7.841043935338036	4.629532430300287e-05	3.3944244705597093e-06	False	False	False
1334	7.841008495339593	0.2657508631328966	2.371453637603038	7.888362454076838	0.8721750906568938	1.9142576470046047	-0.5865254876847538	0.8498474083360774	60.510122712046545	0.5565281441326287	7.896111295070495	0.26897191222757727	7.841008498768881	0.26575086344327525	7.841008498768883	3.429287964706873e-09	3.103786672120634e-10	False	False	False
1339	7.841010302633796	0.26548596337748953	1.644867569362932	8.026023843600829	0.9250276064417846	1.5944678506844414	-0.48381764355536905	0.901346899716875	75.79341188228646	1.2525740898422815	7.8784901886737515	0.26788750302431436	7.8410103025685	0.2654859633764719	7.841010302568501	-6.529621288109411e-11	-1.0176304243714185e-12	False	False	False
1351	7.84100032597174	0.2664751192511994	1.3739964097368003	7.154938064903136	0.9492498673725579	1.9885788960123376	-0.4220018131392673	0.9249490707678204	263.10850028507	3.4713901083342127	8.133939986253859	0.29743379726068364	7.841000378090147	0.2664751284702272	6.153905314578867	5.2118407367629516e-08	9.21902781891859e-09	False	False	False
1371	7.841009958242801	0.26624195961423675	1.8476194605255825	7.359193580324188	0.9903534236979765	1.2737421273951737	-0.2561922614121489	0.9650003760513084	2698.013206642205	10.254374920304704	7.913001661221645	0.27757871706926607	7.841009331338952	0.2662419004668057	6.91228527195745	-6.269038488326828e-07	-5.9147431064054956e-08	False	False	False
1374	7.840989804469202	0.26750578687529336	2.0504970013925026	7.5341641924711205	0.9851166965597261	0.6368980629331205	-0.17841083726698392	0.9598977091277971	629.9548218495568	0.2334884129917077	7.8313185153260205	0.269365473959189	7.840989807609767	0.2675057869610125	7.239638002871453	3.1405651412796942e-09	8.571915399713248e-11	False	False	False
1438	7.840994892205844	0.2672564684004969	1.222484370236848	8.397946271442944	0.9676263283212634	0.3998936968667117	-0.22242877997806598	0.942855094316239	1185.7888083488424	1.882339442799007	7.838548306676118	0.2673325991828078	7.840995965805008	0.26725651727797345	6.785152351475828	1.0735991642363274e-06	4.8877476566122624e-08	False	False	False
1584	7.840998430808775	0.2662178690301396	0.6901132132567671	8.91657436813407	0.9544500365594554	0.33537852408135904	-0.29384100297113463	0.9300161156235334	2568.2748776118897	2.1658788306394094	7.840833995862529	0.26626195547041387	7.8409984308475735	0.26621786903167044	6.747283739821736	3.879829790776057e-11	1.530831017504397e-12	False	False	False
1589	7.840978879954451	0.2664913048012598	1.3073980919870292	8.178153267842308	0.9601171114516218	1.44674729634332	-0.2953588750324588	0.9355381133984604	73.11161647096925	0.028467208517396737	7.869745857682358	0.26824286844358886	7.8409788792462	0.26649130474452004	7.840978879246203	-7.082512354372739e-10	-5.6739779541459257e-11	False	False	False
1596	7.840976709265568	0.26605131410583455	2.9547137303309667	7.6036436501142655	0.9346732528416799	4.215716608599161	-0.33189489587548043	0.9107456175689329	68.80983210917685	0.9411614108751032	8.107589441520513	0.29188427859826327	7.8409767114718685	0.2660513142076668	7.840976711471871	2.206300919738169e-09	1.0183226484272723e-10	False	False	False
1600	7.840989794142248	0.26501521510346626	2.171551227988356	7.68504512868936	0.8495232912469078	5.456534869925989	-0.465881259178572	0.827775494990987	57.4855974584499	0.8354270850020474	8.11749336813684	0.283925038265886	7.840989794598497	0.2650152151340328	7.8409897945984985	4.5624837241575733e-10	3.056654929167735e-11	False	False	False
1602	7.840982244994924	0.2656004210067105	3.725217020961434	8.007010743489543	0.8972066359729002	3.5767133206283415	-0.5120927590060724	0.874238146091994	62.96511652360179	1.0953198593632507	7.961068277593763	0.27193381179524034	7.841530802706602	0.26562422748258097	7.841530802706603	0.0005485577116779439	2.3806475870469246e-05	False	False	False
1603	7.8409469240387555	0.2661615681865743	4.130975414006973	7.186528050890792	0.9157868593327683	1.6849678990442667	-0.4702636311230829	0.8923427157338495	67.54210743233308	1.0726908987298651	7.969779314610744	0.28360667512385773	7.84082912609931	0.26607680534954403	6.938272830222496	-0.00011779793944555195	-8.476283703029441e-05	False	False	False
1624	7.84096176704982	0.2656256079207316	4.310298686932341	7.308019362138283	0.8276100423317813	2.881759111153624	-0.751187826037115	0.8064232252480877	24.26985074520751	0.35932918986163126	8.019385993926305	0.2833955746056256	7.8409617676356484	0.26562560797160634	7.840961767635649	5.858282747794874e-10	5.087474885812071e-11	False	False	False
1633	7.841038361930827	0.2653356983048623	4.1712535562181525	7.145807516732897	0.862804394076772	2.02340530921989	-0.6341906615873917	0.8407166015884067	65.1017503566384	2.6824124729936316	7.999624176153778	0.2848760546121018	7.841038359740609	0.2653356980870798	7.566118267649641	-2.190217784914239e-09	-2.1778251424464656e-10	False	False	False
1635	7.8409812922754885	0.26664868318769785	4.049147285980528	7.867961892481714	0.859832359164616	5.592229810836309	-0.5034757745380946	0.8378206507700019	71.7354147675431	1.1018968672050193	8.08050176903623	0.2800823268092074	7.840981292632672	0.2666486832090992	7.840981292632671	3.5718361601766446e-10	2.1401325156489293e-11	False	False	False
1638	7.840983555091329	0.2672343005681213	3.271009330208888	7.422342040085269	0.8197178831012816	6.1648501035385355	-0.6521562946766088	0.7987331052938889	36.48123950882243	0.5085527089658437	8.28925041078257	0.3048263928989301	7.840994809094385	0.26744314792298096	7.840994809094386	1.1254003055682915e-05	0.00020884735485965367	False	False	False
1639	7.841009202985434	0.26587258625046356	4.082120922456058	7.315553051248814	0.8302234482928952	6.178864726547545	-0.633326038802026	0.8089697280165971	131.7651824690906	3.6118614455856193	8.439280819814925	0.31720701436880283	7.841009026652561	0.26587257754526994	7.841009026652562	-1.7633287363594263e-07	-8.705193621505458e-09	False	False	False
1640	7.841041282481808	0.2680478326716809	3.6914676129927146	7.127577126279329	0.8257567440720625	5.50393405139571	-0.5994839316029936	0.8046173714238177	27.937407493821482	0.21202420070548622	8.67561410955898	0.3342415302612335	7.8410410218876665	0.2680478043345241	7.059794981601661	-2.6059414182100227e-07	-2.833715684325e-08	False	False	False
1656	7.841023654780781	0.2678929219067836	4.404412081654835	6.742884889461565	0.8172220615729633	4.4029927771603115	-0.65205355930006	0.7963011767966954	13.261598607008956	0.4746896651001649	8.366594120869658	0.27110806679076166	7.8428473896201805	0.1960538106677372	7.84284738962018	0.0018237348393999042	-0.0718391112390464	False	False	False
1675	7.841053952422683	0.2674214313839664	2.434919833324341	6.879474744443566	0.8194308656066043	2.215239868119916	-0.6896349584255097	0.7984534354470753	12.44960845634566	0.9387713220158731	8.188583906973072	0.30265424825874543	7.841128442694931	0.2674303006725956	6.625407875230667	7.449027224737392e-05	8.869288629198557e-06	False	False	False
1681	7.841029827522557	0.26855983643179165	1.8603316444424658	6.829140698086757	0.8474614580112224	0.9524457434035554	-0.679887362926753	0.8257664446861351	19.25081857016428	1.5462991175720062	7.912152197660298	0.271336993279564	7.8409911426613705	0.2571510280395037	7.04972599890823	-3.868486118641101e-05	-0.011408808392287972	False	False	False
1698	7.840995848390748	0.2684671327771933	4.251640963847969	7.47119256251518	0.844951701340608	1.4394709316283165	-0.6557698104464489	0.8233209377862886	5.730087606353679	0.29765423145353453	7.886814525522062	0.27362967606116445	7.840995849410593	0.26846713286519625	7.840995849410594	1.019844653171731e-09	8.800293826993766e-11	False	False	False
1712	7.841008922376475	0.26853700926803886	2.8998006076805445	7.286942422761977	0.8239657427097938	4.936593340790259	-0.6788785960252162	0.8028722196964232	3.136264807102393	0.5473327848643738	8.28120197109031	0.30791619284625876	7.841008884179519	0.2685370068262695	7.841008884179521	-3.819695582052418e-08	-2.4417693422762454e-09	False	False	False
1715	7.841027487479361	0.26811976445893826	2.7955546877747395	7.037381325056157	0.848290089916848	2.1794398692048498	-0.5643394391517889	0.8265738636149766	53.11322349799376	16.935184611233534	8.099528760783947	0.2956319899202305	7.841039149627664	0.2681208744993215	6.943121438812217	1.1662148303059894e-05	1.1100403832231542e-06	False	False	False
1717	7.8409804331749235	0.2669289730819026	1.2402742678204817	7.87287682550342	0.9733217214432393	2.6782107870550127	-0.23398040113021834	0.9484046853742923	81.11537796597477	1.5272162490578027	7.946907343082941	0.2758140802415903	7.840981850966185	0.2669290420438208	7.8409818509661875	1.4177912612822752e-06	6.89619181759582e-08	False	False	False
1723	7.841021159870277	0.26609641506636444	3.288553276020943	7.9794447634456205	1.0059180935011625	0.9006102831004501	-0.16415547273316655	0.9801665903075327	155.43186382084116	1.9161824516929415	7.843235994267095	0.267332564292491	7.841021153939447	0.2660964147807822	7.841021153939447	-5.93082916111598e-09	-2.8558222453511917e-10	False	False	False
1734	7.841008490824951	0.2659449789437204	3.2411099586713394	7.888666689651846	0.9530289280863395	2.688418307192521	-0.4231641907908357	0.9286313875273293	144.39912889502725	0.9290188340112114	7.933273723618904	0.2735711853507478	7.841008490689949	0.26594497893758934	7.8410084906899495	-1.3500223161599934e-10	-6.131040120038733e-12	False	False	False
1737	7.8409456306530325	0.2648601115857678	4.276979153321151	7.997645885814306	0.9629368450155157	0.5593922670529591	-0.3427630229909281	0.9382856617831186	36.21779948796384	0.2508172990038799	7.830532859573851	0.26494963525674164	7.840945630442719	0.26486011157156625	6.6229098545609055	-2.1031354435763205e-10	-1.4201528841795152e-11	False	False	False
1738	7.840953162632801	0.26479679048585164	3.192218452616419	7.381268751921447	0.9735218511807229	0.961131029803791	-0.30860803543834714	0.9485996917904964	58.02963849292029	1.6022408681180402	7.852961157765111	0.2704333571173017	7.840953155166204	0.2647967901553854	7.291827813812438	-7.46659711836628e-09	-3.3046626546351376e-10	False	False	False
1742	7.8409691467288765	0.26428100925510567	3.04287486881618	7.3055329301452705	0.852774542801005	0.4268311031151897	-0.5002932028112945	0.8309435145052992	146.87397453632352	2.531016534839216	7.819349292996602	0.26474303770565877	7.840969146245754	0.26428100919902736	6.884155665515002	-4.831228750390437e-10	-5.607830866338759e-11	False	False	False
1747	7.84097050986215	0.26572094094296983	3.030780945961236	7.140574501877223	0.8783718768550938	0.7876963891415855	-0.3507120885263444	0.8558855568076034	438.7184386156329	2.9870400116879328	7.850957776389959	0.27105696422616693	7.840970430672131	0.26572093541286607	7.419018389047621	-7.919001898670786e-08	-5.530103763806693e-09	False	False	False
1748	7.841026485858442	0.2647469781346973	2.720773463145584	7.664911136253403	0.8792191187293901	2.7023054352268447	-0.47402791615663453	0.8567111092899177	13.900809419149999	0.03168503576693453	7.955142954501735	0.2738614919134693	7.841026485355639	0.26474697810064446	7.841026485355638	-5.028031324627591e-10	-3.405281612245403e-11	False	False	False
1754	7.84101623758334	0.263646857179045	1.9359259522696226	7.656934812193579	0.8689027963575505	0.5478901068907036	-0.7272901804909571	0.8466588847707973	7.75001697372599	0.5575227125299215	7.834357312460282	0.2642557677793688	7.84101623792233	0.2636468571969853	7.7886698163146875	3.389892810901074e-10	1.7940260388371598e-11	False	False	False
1757	7.841005479375817	0.26357982295320354	1.34862383745836	7.723138413835063	0.9250276064417846	1.5944678506844414	-0.48381764355536905	0.901346899716875	5.506741423280471	0.7105457242157477	7.893298120134405	0.2687385201025672	7.841004737813521	0.26357976878220546	7.841004737813521	-7.415622960138535e-07	-5.4170998076141785e-08	False	False	False
1758	7.8409840313037655	0.26340059484891193	0.8983447401465076	7.0984643421541795	0.904924941709085	1.015213952548232	-0.5495048469607502	0.8817588632013325	48.42598645453739	8.793945953192969	7.939539280798793	0.27663824757574096	7.840990151926636	0.26340108037536897	6.997093253735443	6.120622870753323e-06	4.855264570391427e-07	False	False	False
1775	7.841028279608986	0.26517219914185286	1.5699395407989485	7.343292891302685	0.9315925464716527	0.526507899069899	-0.4135939072658559	0.9077437772819784	448.01890849441804	9.251621728243387	7.830311059073212	0.2672225761339947	7.841029698530444	0.2651723061268999	6.915945238383864	1.4189214576632025e-06	1.0698504704365064e-07	False	False	False
1785	7.840996385692274	0.2663322247467326	3.1922987101656704	7.70305001075539	0.9636249456116093	0.5373293038774347	-0.40731399605067015	0.9389561470039521	587.2910233776188	1.3108621360451709	7.822084348461836	0.26657950024407623	7.840996385848644	0.2663322247412181	6.297327004358895	1.5637002803714495e-10	-5.514533274464384e-12	False	False	False
1819	7.8410512958884295	0.2654650452736995	2.1315795021872566	7.431503761179521	0.9031179611185296	1.4052802853200386	-0.6354137502644543	0.8799981413138953	4.634100866835639	0.007890638001214579	7.891368286339282	0.2728353093785198	7.841051288703644	0.26546504491980394	7.841051288703644	-7.184785211222788e-09	-3.538955795079346e-10	False	False	False
1822	7.841037744982704	0.2672646943620574	2.8939572321958082	6.795206783640445	0.8764236315231494	1.2388730368835525	-0.7966589074584712	0.8539871865561568	0.8876465652297802	0.19154666476560814	8.000515101338461	0.29125040530216956	7.841644619820293	0.26732223797004223	5.6213637073193015	0.0006068748375893662	5.754360798482239e-05	False	False	False
1831	7.841039917925995	0.2656353982425854	1.4976495687034517	7.026257969927947	0.8380385067445597	5.53873534320703	-0.6743456525916154	0.816584720971899	148.85883915504715	167.7005747400294	8.996510406920212	0.3518980674613782	7.833747458275919	0.26319068029100473	6.550720029746569	-0.007292459650075855	-0.0024447179515806883	False	False	False
1836	7.840966745164106	0.26502811634792867	0.5749408859683554	7.576121161456065	0.8493839292419018	1.1710802477104445	-0.5301778001179341	0.8276397006533092	27.76717869785608	0.18653362377046737	7.8929876149652936	0.2693029053604594	7.840966745721896	0.265028116382471	7.840966745721899	5.577893702479741e-10	3.4542313454011264e-11	False	False	False
1840	7.841017668609825	0.26582881678655335	0.6404304596250331	7.416021059013187	0.8340752917767671	2.6603372900912725	-0.6596983370836251	0.8127229643072819	82.90630104555999	2.985766107089635	8.012276576944222	0.28039665190968155	7.841017660665602	0.26582881655853285	7.841017660665602	-7.9442230571658e-09	-2.2802049137737868e-10	False	False	False
1848	7.841003226721747	0.265758990722982	1.8860080481274504	7.746849287776168	0.7845488161048968	7.250845054023306	-0.7357786411452407	0.7644643664126115	135.89459809640428	1.6391347386458035	8.17479906761256	0.28220068990583785	7.840978863517121	0.2657580362958855	7.84097886351712	-2.4363204626176582e-05	-9.54427096466759e-07	False	False	False
1872	7.840996343206926	0.2660670626662501	2.686713928762305	7.015948490226139	0.8206418793305273	4.8247936752705085	-0.6954427564576382	0.7996334472196659	1324.2541911212236	9.744715460888234	8.7075527743248	0.3352999786755797	7.840990347708689	0.26606607336740984	6.847446941319403	-5.995498236543995e-06	-9.892988402371294e-07	False	False	False
1885	7.840994664034519	0.26543112088900317	1.115316201417578	6.96573828956522	0.8154562119179101	5.6255748076991114	-0.7379575071153586	0.7945805328928116	936.3368084899528	0.7070672796566135	9.088886702520593	0.3578091431732813	7.840977391078461	0.26543024958173456	6.511168050078545	-1.7272956058356215e-05	-8.71307268612842e-07	False	False	False
1893	7.841001248505822	0.26503691192470064	3.4253538613714163	6.9756195475461125	0.7971065663418488	5.390532985159787	-0.7504873893197896	0.7767006382434976	1146.665953308598	1.2246297944410056	8.825534598633215	0.3414741587361505	7.84100293044975	0.26503710057689345	7.055711960913728	1.681943928133478e-06	1.8865219281183343e-07	False	False	False
1922	7.841035653851599	0.26485350707722227	2.8264267049058014	7.0345590767728625	0.8449289437499289	2.7885781295466487	-0.6559743051209904	0.8232987627899307	125.54443801593924	0.10948649661542005	8.204788288828457	0.3013615658125059	7.84103966924327	0.2648538705493862	7.095420169983244	4.015391670719737e-06	3.63472163922296e-07	False	False	False
1944	7.841018198791855	0.26492384194961305	4.095102274005513	7.998697742945426	0.9551053269757571	1.6252270988053596	-0.467020474734951	0.9306546306051777	87.97706572720995	0.700764343825732	7.870747643969946	0.26758998333405404	7.841018199018155	0.26492384196609636	7.841018199018157	2.262998677338146e-10	1.6483314713156005e-11	False	False	False
1945	7.840980655405225	0.264719781382722	4.411645593197582	7.881600344693897	0.9649675671677447	0.629219130730619	-0.4084967187677728	0.9402643974482504	1042.8556883473534	11.853722100495268	7.827462788173641	0.2649673896002677	7.8409920336854	0.2647206145121955	6.750532326486821	1.1378280174945132e-05	8.33129473465366e-07	False	False	False
2131	7.840983034715228	0.26526969818273183	3.7059324744516666	7.6775029744067345	0.8964997165097721	0.6362713683791021	-0.6512441969120636	0.873549323767122	545.0860216579326	0.5226859552559452	7.829823405114566	0.26584469628564206	7.840983032639306	0.26526969803862643	7.420294357335468	-2.0759216567967087e-09	-1.4410539428411084e-10	False	False	False
2174	7.841021562960835	0.2655538210018649	3.1175634449451057	7.540010458680306	0.9254343867474751	0.8113816071157637	-0.6062772197474002	0.9017432664467399	148.601972474402	0.27262113972839463	7.833989331115755	0.267568877886127	7.841021566334163	0.26555382124363763	7.749164918139376	3.3733282833736666e-09	2.4177271296110803e-10	False	False	False
2175	7.8410159921724105	0.2651693970281588	2.4074041017527894	7.806833410555146	0.8656610396619966	2.734527511742723	-0.6453095962159797	0.8435001170466495	39.05807077210056	0.26283682592994284	7.9395103045281425	0.2712765645202117	7.841015987373708	0.26516939673347667	7.841015987373708	-4.798702768482599e-09	-2.9468211204530803e-10	False	False	False
2179	7.841043468404048	0.2668879705283967	1.941264296629745	7.238955138531998	0.7852347403736074	6.165930344926355	-0.8295472395795025	0.7651327310200431	10.424427747809906	0.2668956131662331	8.398461687753642	0.3141244661580888	7.841043468577156	0.2668879705424772	7.841043468577157	1.731077503563938e-10	1.408051453211101e-11	False	False	False
2180	7.84097654125674	0.266397264935189	2.46864368271776	7.105584832858282	0.8177082206848318	5.367189920035036	-0.6666745007890222	0.7967748902353002	468.9842626997269	44.988969567011196	8.629527986121179	0.3302164792275592	7.840887721005178	0.266137258834558	7.269229182187099	-8.882025156253803e-05	-0.00026000610063098284	False	False	False
2184	7.84099483882045	0.26595028046146135	1.0087959711841827	6.961711814583651	0.8698957557977435	2.001283684744302	-0.6894052503051906	0.8476264244493212	740.3079039176451	1.5785346392137611	8.193534721754101	0.3010469432144618	7.840915842000846	0.26589220092021154	6.395779963517477	-7.899681960399363e-05	-5.8079541249811406e-05	False	False	False
2186	7.84096488037757	0.2642961699596491	1.8654713703013612	6.973100246321857	0.862804394076772	2.02340530921989	-0.6341906615873917	0.8407166015884067	54.95174437963691	0.07422822867193103	8.126451454064014	0.2953321866951986	7.841070308988885	0.2643281659946984	6.684023016648285	0.00010542861131579429	3.1996035049275395e-05	False	False	False
2205	7.840949606024479	0.265215960368612	3.2075938424619315	6.883510696741275	0.8298662937849606	2.2180993275458385	-0.6872110069258017	0.8086217166640656	38.669360127878775	0.7036966808683914	8.183839274495686	0.3011167696269499	7.840867986496274	0.265322693578427	6.6342245305237615	-8.16195282045129e-05	0.00010673320981502421	False	False	False
2208	7.840984528256741	0.263952184691963	3.437574067068573	6.647235826878673	0.8704440153563004	0.9491245342286498	-0.5856848026627148	0.8481606485631792	10.814525168996632	0.27966651460570385	7.843369904723153	0.26034636366376646	7.797662644912838	0.239931022226381	7.797662644912838	-0.04332188334390352	-0.02402116246558203	False	False	False
2214	7.841000280436318	0.2640979441971556	3.256490276992739	6.935670711099045	0.9404062793216597	0.7893192535921403	-0.4931738763293563	0.9163318785710252	134.16417912011718	12.405924164358378	7.832105976725433	0.2640991728243619	7.840072711833428	0.2543921406224617	6.39155113824181	-0.0009275686028900054	-0.009705803574693916	False	False	False
2217	7.841023805336537	0.2640149699216664	3.1529092684291418	7.119049797363854	0.918434391928815	1.5645839087452362	-0.37308470706609	0.8949224714954375	92.88166121206744	0.6922985093428738	7.980449192620173	0.2830027816395123	7.841021675088698	0.2640147582599472	6.768977535168855	-2.1302478385720747e-06	-2.1166171920716792e-07	False	False	False
2227	7.841043225550111	0.263402773963332	3.7684361841039795	7.089045885069995	0.8451745219641296	3.759544803763837	-0.5522552881805483	0.8235380542018479	3.424146454279272	0.03686568919629096	8.342213534954261	0.3100243470587023	7.840999221884312	0.2631886230863129	7.326523690750327	-4.4003665799152714e-05	-0.00021415087701909252	False	False	False
2228	7.840946500993226	0.26335632936543296	1.780430982269864	6.836288337639538	0.8324127074924569	1.7023583487254692	-0.5656965544626509	0.81110294218065	0.1482437027549035	0.04329362214330474	7.963505412237236	0.2635017210152971	7.802744544452304	0.2374228306199987	7.802744544452306	-0.038201956540921955	-0.02593349874543427	False	False	False
2229	7.840975889504098	0.2628920876069784	2.824713683556298	7.554524577804745	0.8629555850862066	3.2411751913935953	-0.6466638965231631	0.8408639221079998	0.3116810054099619	2.102490693485139	8.002387465248603	0.2766845469479746	7.840975890787239	0.2628920876741354	7.84097589078724	1.2831407047997345e-09	6.71570021815171e-11	False	False	False
2233	7.840981808994051	0.2629228582956032	3.2678866901885586	7.8126433745591966	0.862804394076772	2.02340530921989	-0.6341906615873917	0.8407166015884067	0.4596740589777082	1.4748221771586218	7.902305529833049	0.2667696882103858	7.84098180808256	0.2629228582497562	7.840981808082559	-9.114904386819944e-10	-4.584699286880323e-11	False	False	False
2240	7.840961921840104	0.26467511222292006	1.9855958072787163	6.910453502356921	0.8620752320339194	1.3330205129159536	-0.6551043250325326	0.8400061060938512	56.2056776554837	122.27289436450313	7.9916095827917095	0.28504766045016366	7.837932447282715	0.26450997030935586	6.51476060783251	-0.0030294745573886672	-0.00016514191356420405	False	False	False
2245	7.840975276761961	0.2644496768014805	3.1663867136464994	6.502080104097278	0.8493063010858382	0.6763117810846091	-0.6842012174299315	0.8275640597780407	85.06790403558968	1.513510869080146	7.840975276761961	0.2644496768014805	7.835979865036924	0.2484085145305037	6.372328674694349	-0.004995411725037258	-0.016041162270976822	False	False	False
2276	7.841028824505894	0.2648376582172203	2.5031135498441435	7.04183199125642	0.7972862442078715	6.355478411572342	-0.8770911517789465	0.77687571635615	430.1611576893083	5.056679867289815	8.913568876341554	0.3451840609606618	7.8410024537165635	0.26357032190097407	7.224102812160566	-2.637078933087622e-05	-0.0012673363162462037	False	False	False
2290	7.841031855955999	0.2650190260222798	2.3653180108061282	7.329368825218671	0.8137353445716955	8.388362549520668	-0.7236291814953344	0.7929037197506601	118.81610768999663	0.2762130089295829	8.780219043053519	0.3377209506093357	7.841033043110673	0.26501912399422334	7.623792591666709	1.1871546741204497e-06	9.797194355787298e-08	False	False	False
2303	7.841038925734194	0.2642536488570622	1.5110120120873867	7.599979657276689	0.8119688944299776	2.9885549854117808	-0.607554115371501	0.7911824907325702	4.362510156628771	0.03671648770056503	7.978311514938477	0.27310168525937906	7.841038397145053	0.2642536228325317	7.841038397145054	-5.285891413464583e-07	-2.6024530530577294e-08	False	False	False
2305	7.841027369956205	0.26452219183856795	1.303444769504229	7.740300459589645	0.8084421394756185	4.70442028858143	-0.7050154492176731	0.7877460207050427	14.343066242157853	3.2878012261733702	8.051089707939775	0.27533456988637633	7.84102949045116	0.2645222937938564	7.84102949045116	2.120494955626384e-06	1.0195528843404134e-07	False	False	False
2307	7.8410293112354585	0.26565151113155416	1.5814703659700944	7.666631709799375	0.8561341270402246	2.223476651870158	-0.5665758734604008	0.8342170933879949	42.004821290513654	2.9285803036348668	7.848039722638886	0.2680304752116915	7.758585191855742	0.2614001312634654	7.758585191855741	-0.08244411937971652	-0.004251379868088767	False	False	False
2311	7.840982278623305	0.26477196668677916	1.1522994418390573	7.827391431819483	0.9044197414548616	1.1759185486198769	-0.35769215371518726	0.8812665960736171	39.2157522446291	0.9336012162367077	7.870945348172547	0.26727896190207756	7.840982279066668	0.2647719667260775	7.840982279066668	4.433626799027479e-10	3.929834235805174e-11	False	False	False
2316	7.840979497299359	0.2658997490941036	1.6841085152704443	7.474165531715236	0.8196335177708187	5.4040093885743605	-0.567381043133369	0.7986508997158858	65.48859415802823	1.6699563417656333	8.185763459450776	0.29295103008780576	7.84097950077432	0.2658997492683127	7.840979500774321	3.4749607635831126e-09	1.742091471079732e-10	False	False	False
2320	7.840954654682225	0.2650175650828453	2.420413889261038	6.844737423711128	0.8382645772403404	1.3707009210951866	-0.6987616762669935	0.8168050040629877	43.100044212967326	0.6581305457399821	8.00424024278307	0.28663992315125836	7.840274049515086	0.26489490501381685	6.511212966976361	-0.0006806051671386371	-0.00012266006902844628	False	False	False
2321	7.840988438763854	0.26507682536912297	3.3408104446561167	7.319369530140304	0.884027651658096	0.913079003574689	-0.49942496931490593	0.8613965437756488	46.008506335910674	1.067481650565646	7.853020612068735	0.2693965149141377	7.840988434690745	0.26507682498594753	7.840988434690745	-4.07310896122226e-09	-3.831754358252226e-10	False	False	False
2338	7.841012725323466	0.26522417527050113	4.255791463349784	7.787734841631321	0.8992298489515215	0.7259564397931946	-0.48791954470075116	0.8762095648183625	71.82509334209553	1.5611263886224975	7.838020979956702	0.26599650944229997	7.841012725313809	0.26522417526913117	7.84101272531381	-9.657163957399462e-12	-1.369959701236212e-12	False	False	False
2343	7.841014944559529	0.26574391057435703	4.031206555919205	7.07671122389447	0.9363954981843315	2.499745307183222	-0.3339293715684685	0.9124237734308127	106.5406466285922	1.4833346073237952	8.056463496047625	0.2650654795132759	7.841626955245121	0.2305432968937114	7.8416269552451245	0.0006120106855922458	-0.03520061368064564	False	False	False
2353	7.840973376405259	0.2667584969768469	2.678033120628431	7.178651115526387	0.8873966673435107	1.1124331611538414	-0.4731379538984006	0.8646793126595169	170.83710234787435	1.6034922609717575	7.891434490999469	0.2758654279030125	7.84097337762948	0.26675849711788896	7.431719563319825	1.2242207247936676e-09	1.410420669145651e-10	False	False	False
2376	7.841005808276159	0.2658074121461464	1.2909903036750663	7.3080574692470694	0.8703543502434733	1.7399322431486257	-0.5772686054384636	0.8480732788772404	116.85500284761005	0.6840141938819535	7.848374029878139	0.237992091627313	7.7739701425728756	0.2281813145623075	7.773970142572876	-0.06703566570328334	-0.03762609758383889	False	False	False
2377	7.84101339475105	0.26583543234222534	2.299237859961167	7.399333860518543	0.87749057288192	1.5612940956323729	-0.48174528336086164	0.8550268142161429	59.277149180794325	0.5072709574796496	7.9080586371538875	0.27417234361958187	7.8410150010283	0.265835549256484	7.8410150010283	1.6062772498770528e-06	1.1691425866322547e-07	False	False	False
2379	7.840985216344178	0.2652623718071009	2.5589774075219824	7.206395829665877	0.8723269340757241	0.6413503932142164	-0.5455784139363896	0.8499953645633856	253.55241058638703	4.277405612288411	7.8344080000304395	0.26820252811728396	7.840985208178633	0.26526237113421103	7.4991974296212645	-8.165544684857196e-09	-6.728898549468454e-10	False	False	False
2388	7.841029100895327	0.2653559523302411	2.2749250921237127	7.332068978954128	0.806693783204421	3.667871153919102	-0.6826671492615892	0.7860424223543878	27.45635650380143	0.10828671058698873	8.08161903834248	0.2864750590302864	7.841032413798581	0.2653561780714228	7.841032413798584	3.3129032548373516e-06	2.257411816919408e-07	False	False	False
2389	7.841029014004224	0.2666318046971314	3.940090394060771	7.8295795981203185	0.8356458926525003	6.062144811512685	-0.5972827228196074	0.8142533578005964	39.20921803537661	1.428056123540935	8.109066353371835	0.28105204907846826	7.841029000323116	0.26663180367720263	7.841029000323116	-1.3681108690377641e-08	-1.0199287525658463e-09	False	False	False
2393	7.841026379010739	0.26647073213873834	3.3674851481381465	7.526499512864051	0.9100003688160554	0.6401345956146919	-0.5795570283500092	0.8867043593743644	475.91317277506624	12.13778791369092	7.8269367462995785	0.26752647520941564	7.841026378063185	0.2664707320533757	7.27606038154368	-9.475540352354983e-10	-8.536266138392534e-11	False	False	False
2459	7.840974677330988	0.26697552838272687	0.595595546191019	7.899001618041877	0.8334257268249305	4.626781707140525	-0.8490700660873318	0.8120900282182124	81.1536038767893	0.17052186936448896	8.021695673547125	0.275760085736524	7.840974712382123	0.2669755291628044	7.840974712382125	3.505113532753512e-08	7.800775581046082e-10	False	False	False
2471	7.840989426257265	0.2668830172909746	0.6126529643842086	7.873742603251216	0.8307076415819199	4.9772301665506715	-0.9027031622051427	0.8094415259574228	251.73924963556345	3.1020094932292124	8.045133361835857	0.2769645611257196	7.840989426266806	0.26688301729528824	7.840989426266809	9.541700762838445e-12	4.313660539878583e-12	False	False	False
2489	7.841005734428988	0.265760477133893	1.4682710298597215	7.598601473967813	0.7824698259617233	6.438253091166215	-0.7831225013955861	0.7624385984171033	135.1106295194046	0.536708636873276	8.185110092456704	0.28571693167298906	7.841013811429703	0.2657608505171223	7.841013811429704	8.077000715367433e-06	3.733832292796002e-07	False	False	False
2490	7.841042782517832	0.2650458296909932	2.0097338880973603	7.545937979461048	0.8382645772403404	1.3707009210951866	-0.6987616762669935	0.8168050040629877	6.525918197500064	0.04830055355905814	7.8841046799271055	0.2691043087885467	7.841042783173448	0.2650458296716256	7.8410427831734495	6.55616005929005e-10	-1.936761861998093e-11	False	False	False
2491	7.84099102614969	0.26351484604900277	2.2754925529150016	8.041910912266935	0.8567984489390746	4.634485855057123	-0.5512160391471682	0.8348644086462343	2.6299501040896303	0.4030007769783425	7.979408227775062	0.27014118004104454	7.841004727337491	0.2635155031021887	7.865197575934035	1.3701187801196113e-05	6.570531859151352e-07	False	False	False
2500	7.840996521150195	0.26416883035496735	0.6897747743023519	7.376328203923462	0.9205974527900049	3.189838218295037	-0.3013386770556039	0.8970301579985809	30.767700018590677	11.698967205022722	8.0291828667442	0.24355897888494168	7.84039409813055	0.22189903364516894	7.8403940981305515	-0.0006024230196448599	-0.04226979670979841	False	False	False
2510	7.8409314463815285	0.2654345463156196	0.9711833671343932	7.475780074430579	0.8971737996194287	2.420185299076466	-0.3103377703303164	0.8742061503491714	0.5687081383434184	0.018483934060712682	7.987240688788794	0.27990486730902947	7.840041589612188	0.2653639965562579	7.840041589612187	-0.0008898567693407244	-7.054975936165997e-05	False	False	False
2526	7.840935184740465	0.2661424873309015	0.6091702865130371	7.176655546061217	0.9173223206831111	0.7375349577117183	-0.3126000226552248	0.8938388692736235	20.12081554197055	35.37986215667703	7.908697148922435	0.2748320643962802	7.840935206392677	0.2661424885939762	7.069081273683595	2.1652212467415666e-08	1.2630747003861131e-09	False	False	False
2528	7.840986358760753	0.2674412944299949	1.1735992197192702	7.442204761382888	0.9225150481645962	3.244661031875743	-0.3531765139502924	0.8988986629315826	47.04924556570446	2.3383369062532866	8.106929674095534	0.2937927431958608	7.843457732643439	0.26763270440565856	7.778737612484699	0.0024713738826864784	0.0001914099756636367	False	False	False
2531	7.840983729315538	0.2673433510304554	2.012647346367698	7.24183445210824	0.8622933657246856	1.461094456958604	-0.6811535083782988	0.8402186555621337	26.21743782607902	0.5572339685971428	7.91928705468253	0.27791726048358695	7.840983728549102	0.26734335098188994	7.840983728549103	-7.664358037118291e-10	-4.8565484966900385e-11	False	False	False
2532	7.840977219444394	0.2666474441037554	1.9829550369398203	6.963838014324694	0.8301439160258817	3.6775682207968825	-0.7391663584570228	0.8088922317756191	474.75805611086804	18.108484103607427	8.519454674126415	0.3243542785692374	7.840955238709411	0.26641348450558594	6.6359739804493465	-2.1980734983273464e-05	-0.0002339595981694642	False	False	False
2536	7.840994438601103	0.26652686558620936	1.214501291778562	7.117986426931998	0.9080289720002647	1.460067788433765	-0.3975081645917888	0.884783430317058	1179.041483747886	2.4834575602705518	8.001650127992429	0.2856414809982741	7.8409944388407835	0.26652686560122774	6.743687202363488	2.39680275626597e-10	1.501837543216311e-11	False	False	False
2566	7.841038474777847	0.2665415737658859	1.58100197247878	7.541350476581275	0.9886029487109853	0.4848454535075083	-0.11618939017658886	0.9632947132239841	631.234408133417	0.5353793033022691	7.826575631327999	0.26759704486264474	7.841033043110541	0.2665413249110461	6.812248638687092	-5.431667306154964e-06	-2.4885483979053546e-07	False	False	False
2567	7.841023861350016	0.26552135086623424	2.149200040914562	7.7404642368152725	0.9227219900921468	2.1867872687103347	-0.28869536887363534	0.8991003071457879	66.10528541187684	0.1047238308940613	7.8713777657705375	0.26563782604752034	7.793655027816515	0.2588317725532152	7.793655027816514	-0.04736883353350141	-0.006689578313019029	False	False	False
2573	7.841042552330853	0.2659236320387626	2.060152776211833	7.730539840755688	0.8646632096570461	5.345586788184218	-0.5643884531591665	0.8425278314898258	13.541037560477315	0.20484046738635606	8.043600745143225	0.26621538803563005	7.797234721856627	0.24938124635079273	7.797234721856629	-0.04380783047422554	-0.016542385687969896	False	False	False
2579	7.841058892292443	0.2655026308599295	1.2244634858244399	7.305818423260016	0.9315925464716527	0.526507899069899	-0.4135939072658559	0.9077437772819784	25.80969045340246	1.906034920745961	7.838319765944201	0.2655959207804835	7.840837718429941	0.2627651617859554	7.040769488168727	-0.00022117386250197768	-0.002737469073974097	False	False	False
2582	7.841036649062541	0.2656506399703884	2.29332382315672	7.734237155522442	0.9413022919765698	1.7911915745948674	-0.392181762193898	0.9172049533019696	18.768391151033835	0.7271838918377892	7.898094011300209	0.27157884570723223	7.841036652676864	0.2656506402642342	7.841036652676863	3.614322174883e-09	2.938457810408579e-10	False	False	False
2584	7.841042547865974	0.2665543195589547	1.987232360011594	7.562787466035635	0.9051446068375408	3.289756700792554	-0.503560803678172	0.8819729049024998	8.62179696928951	0.4593785849787444	8.02923979381758	0.2845420997204229	7.84104254759873	0.2665543195461806	7.84104254759873	-2.672440047035707e-10	-1.2774115099034589e-11	False	False	False
2591	7.841008513770321	0.2655723672361059	2.3174655926355294	7.709353192629904	0.8343375123552857	1.5978121337325126	-0.6408712046792158	0.8129784720389904	69.74674163200363	8.089582935023717	7.889774752131586	0.268848535557651	7.841008499361605	0.2655723654591931	7.841008499361608	-1.440871599811544e-08	-1.7769127835798315e-09	False	False	False
2596	7.841033775880322	0.2661485383378192	2.0994746308140404	7.063727244587158	0.8561341270402246	2.223476651870158	-0.5665758734604008	0.8342170933879949	268.88657893500675	3.855184810692674	8.096727234733981	0.2936559555096808	7.841034168670081	0.26614857721277174	7.098392600046523	3.9278975894063706e-07	3.887495253485085e-08	False	False	False
2626	7.840989812953188	0.2666711501429879	3.2653036406446656	6.833553083948088	0.8328936507950973	4.205910277968348	-0.6781515402744719	0.8115715733347428	988.1919098645092	3.6751254516997203	8.788813112876898	0.33797775223576143	7.840142654831526	0.2534817560805399	6.976509935224599	-0.0008471581216618063	-0.013189394062448012	False	False	False
2647	7.841041980338486	0.26521349031357333	2.8021651745538483	7.3105922945823085	0.8636296312263898	6.926501581850521	-0.488076269501274	0.8415207126669942	194.2115410977641	0.19653221116168865	8.798665890349229	0.33931697703212127	7.841081843714787	0.2652263679201127	7.024499458954138	3.986337630124126e-05	1.2877606539396513e-05	False	False	False
2658	7.8410203283045465	0.266465184242817	1.3529381190952599	7.249160939415533	0.8500902970524342	4.902732590830183	-0.43377125928940113	0.828327985447892	205.2441729867037	1.0568072928445889	8.399590183923507	0.31510456920287533	7.841020329559322	0.26646518412001385	7.660338339700011	1.2547758387881913e-09	-1.2280315653256935e-10	False	False	False
2665	7.8410328940767435	0.26631151937739556	1.5775936955782623	7.240925927500489	0.8926258687970259	4.556909504848989	-0.3518437598038096	0.869774646555822	519.3840044580736	2.530566382957536	8.475051401707097	0.3206683657540336	7.833784841513909	0.2657701710784248	6.953315510614238	-0.007248052562834673	-0.0005413482989707341	False	False	False
2693	7.840999102731086	0.26628556387697383	2.088099111468611	7.271769634149949	0.9174783008669961	2.287264883453533	-0.34280736578794746	0.893990856364801	939.483154728116	1.8088411400123396	8.046428167001867	0.28913266628803475	7.841001175622813	0.2662857321091219	7.274556695025635	2.0728917267121005e-06	1.682321480456217e-07	False	False	False
2704	7.840960713149645	0.26550339226389347	3.4185438421309855	7.147860004495151	0.888114653200719	3.585673577871362	-0.48660413361877763	0.8653789180787806	178.0561555901881	0.1895256500279849	8.352866404717796	0.3125920070231207	7.831148579819152	0.2643947324880383	6.788075552351007	-0.009812133330493467	-0.0011086597758551697	False	False	False
2719	7.841018755943047	0.26455929985761034	4.196460114613124	7.153544924706978	0.8721375444331683	1.7230363998087976	-0.5900569811818388	0.8498108232956793	119.27079100286461	0.6698492989895661	7.959844388062679	0.2812494583372154	7.842019680285592	0.2652363052553142	7.535674733208744	0.001000924342545062	0.0006770053977038781	False	False	False
2745	7.841003120529412	0.26590968707716206	3.046182781664073	7.1020008080876496	0.8491113880823924	1.4203198860051658	-0.5985397637844523	0.8273741365474832	229.45591079204348	1.9238231662816128	7.930991121813027	0.2788882347018482	7.841003103756651	0.2659096855773465	7.649034941432758	-1.677276095790603e-08	-1.4998155495327126e-09	False	False	False
2748	7.841016763014389	0.2658053453982734	2.749125849472826	6.824021036704561	0.8460104129990459	2.6495495807690874	-0.732674541447138	0.8243525464262703	72.89800345926155	0.31769939247862394	8.124556440587108	0.26980915785390697	7.826134900342339	0.22542516345422112	7.82613490034234	-0.014881862672050161	-0.04038018194405227	False	False	False
2749	7.8410046630143375	0.26409136907968145	4.0937832618769425	6.830503411317252	0.7824698259617233	6.438253091166215	-0.7831225013955861	0.7624385984171033	408.6639059207477	5.6059684288764675	9.33134843373302	0.37110291934822653	7.801094489821438	0.25537416995028905	7.194200476217671	-0.03991017319289991	-0.008717199129392394	False	False	False
2763	7.841028127520036	0.26484036968075875	2.769314816894984	7.0081297123729565	0.7323086589242134	7.652713707255301	-0.922720857700675	0.7135615572557535	62.70810908555177	0.15344665427269902	8.876048330977419	0.34310965977402735	7.841028118224991	0.26484036893661883	7.841028118224993	-9.295044733903524e-09	-7.441399163532481e-10	False	False	False
2768	7.84099366829171	0.265057172765128	1.6268123344442713	6.954490881474958	0.7587019871265928	8.162974263813478	-0.7400939755644731	0.739279216256152	1915.8854195421534	30.552434884112653	9.535024775799544	0.3777223620204633	7.841008949967086	0.26505864211509045	7.175044464442648	1.528167537578895e-05	1.4693499624240935e-06	False	False	False
2843	7.840998661209244	0.2660031306217576	1.427831450347149	7.075242023175087	0.7887486813276169	6.472228934019456	-0.719943137720449	0.76855671508563	841.5251008944654	0.4392356099748219	8.838443217054383	0.3420489190354539	7.841002019078826	0.26600351027865154	7.4689214137057505	3.357869582387707e-06	3.7965689392294166e-07	False	False	False
2877	7.841002568864969	0.2656890372880004	2.1908120554181183	7.071021999721512	0.8566376564901671	3.229877707499986	-0.6375672244890109	0.8347077324840189	1099.7282850287436	1.3068276678376338	8.30673958292203	0.3093084684470513	7.841002572232717	0.2656890380254338	6.898875305193625	3.3677478583626907e-09	7.374333921283949e-10	False	False	False
2888	7.840991776787038	0.2648763554809416	1.9015017096531643	6.984267552726258	0.8511768517095939	3.6998016287046003	-0.4612277733454989	0.8293867243058284	337.8335172120335	0.3071972611882066	8.494628662987267	0.3295374174255648	7.744843475624326	0.26514847405841496	6.428675153554185	-0.096148301162712	0.0002721185774733348	False	False	False
2915	7.840999819176486	0.26534189202255265	1.9153759957705028	7.278648885580441	0.8599966056139932	3.13550208087595	-0.47725343468140813	0.837980692510275	66.8939033110025	0.19800848614146854	8.09656418343056	0.2915540902820925	7.840999826329123	0.2653418936200408	7.840999826329123	7.152637593321742e-09	1.5974881417690767e-09	False	False	False
2916	7.840992626210355	0.2651913896255253	0.6030040702182504	7.927175543300984	0.8044491537330057	7.908334172536111	-0.7482319076346076	0.7838552553974408	172.868578446701	2.5842202336885927	8.143768409530178	0.27948529429951763	7.840992800446982	0.26519139750595383	7.840992800446985	1.7423662779236793e-07	7.880428531947814e-09	False	False	False
2930	7.840965308045252	0.2652827683160785	0.757023230592198	7.626315971255931	0.7843665703043284	6.534551837132168	-0.877273756759382	0.7642867861045377	47.43554545287477	0.274402357438834	8.188402125416198	0.2845882053624504	7.840915187158725	0.2651597700983967	7.840915187158724	-5.012088652733837e-05	-0.0001229982176818023	False	False	False
2940	7.841034234861673	0.2649095522512407	1.8598547663399012	7.5447737186478046	0.7639069151398628	5.162543527563071	-0.9445516642083678	0.7443508981122823	28.98274222264255	0.6109920724203687	8.107504007275786	0.27964432710857456	7.84106417520516	0.2649115523915097	7.841064175205158	2.9940343487133703e-05	2.0001402690206227e-06	False	False	False
2946	7.8410232184883695	0.26576384892561955	2.1283582313619127	7.335978114472134	0.8464939274168207	0.36330257711309155	-0.6219349471747704	0.8248236828749501	346.1581380028188	11.94359510027265	7.820326564279926	0.2659166930424373	7.84102319415498	0.2657638469846139	6.434466715775069	-2.4333389525565963e-08	-1.9410056339985715e-09	False	False	False
2949	7.840970668564631	0.2657491449113307	2.19457284154541	7.136173055607206	0.9030301298499298	1.6455437842686442	-0.4874946198875531	0.8799125585257717	413.1609319321785	1.1935612270043297	7.991577936267842	0.2848158681832995	7.840970261268972	0.265749112226377	6.904397690135686	-4.0729565853325767e-07	-3.268495374353364e-08	False	False	False
2957	7.8410085126715385	0.2669817873277803	2.322250052577289	7.688257157050249	0.8522850631521518	3.609926008289462	-0.6347092483166421	0.8304665655354567	40.121498248468846	0.09710864495545987	8.003712675021331	0.2781464815046773	7.8409765461074405	0.26695700858648813	7.840976546107442	-3.196656409798493e-05	-2.477874129214186e-05	False	False	False
2965	7.841006719394602	0.26623124220666616	1.4465421522463129	7.479816119801532	0.8618823894624904	3.9228343140817623	-0.6475659760041426	0.8398182002922507	84.80245603640553	2.113641307989834	8.092957251021398	0.2887168963356087	7.840988193770312	0.26622998707343193	7.840988193770313	-1.8525624289722487e-05	-1.255133234234762e-06	False	False	False
2975	7.840993922468358	0.26489692489237127	0.6730420073515017	7.277224686149107	0.859766056912175	1.4635579797800746	-0.578723611320999	0.8377560458552233	61.62793401698479	0.7267234570485557	7.947751336999192	0.27640243672427944	7.840993929888965	0.2648969254043952	7.840993929888967	7.420607239794208e-09	5.120239232603296e-10	False	False	False
2977	7.841020197160843	0.2652395729511833	1.8783609723469294	7.022912678345122	0.804690308842186	3.3732029174088787	-0.7270524601124994	0.784090236935826	144.67277385527987	2.347519451413181	8.260852383219015	0.30505885726579157	7.841020138250687	0.26523956991429526	7.62856642280695	-5.8910155864566605e-08	-3.0368880188369474e-09	False	False	False
2987	7.840998223449586	0.2665080381705314	2.938152929485821	7.700667163039945	0.8568930905364563	4.06927512312734	-0.6642036213232198	0.8349566274187231	74.76993565278254	0.5168210552704059	8.028795714519802	0.2795368476749515	7.840998220561928	0.26650803801296247	7.840998220561929	-2.887658112626923e-09	-1.5756895788143765e-10	False	False	False
2992	7.841009205414344	0.26653764428658927	2.2501562220944544	7.650848914207527	0.8679593134269856	6.336305095296097	-0.5375931540935154	0.8457395550032548	133.90481594823024	1.790891148683863	8.100162448079258	0.2668509852903329	7.770928698333809	0.2410129993158506	7.770928698333809	-0.07008050708053482	-0.02552464497073867	False	False	False
3001	7.8409983194983	0.2665245187596762	3.939652506801137	7.212315274548072	0.8328936507950973	4.205910277968348	-0.6781515402744719	0.8115715733347428	93.49104262883957	0.698190292610422	8.257255368722664	0.30544220665414373	7.840998321314381	0.26652451842849045	7.84099832131438	1.8160815073997583e-09	-3.311857454946221e-10	False	False	False
3004	7.840985119559238	0.26570707610400135	3.347322338709305	7.011063713558469	0.8496211648306057	2.944563678282817	-0.8308412101911443	0.8278708630109423	138.42388654273168	1.4806112184701585	8.086005522364255	0.2677279386746411	7.841203181421748	0.23402134583534634	7.841203181421748	0.000218061862510055	-0.03168573026865501	False	False	False
3016	7.841019649796248	0.264897015690587	4.172476957443192	6.908185852306187	0.7885930339699693	2.5250142859905793	-0.7405173515581075	0.7684050523003381	426.2656207601554	3.079422427779952	8.151755430398834	0.29742553877487615	7.8410288392412255	0.26489795476327815	7.465914756768035	9.189444977408812e-06	9.390726911640002e-07	False	False	False
3025	7.841012779681704	0.2659031897514888	4.480699845850774	7.658839881450021	0.7852347403736074	6.165930344926355	-0.8295472395795025	0.7651327310200431	212.83120911254656	0.49929245697320535	8.14217112705402	0.28204040571280997	7.841012779533031	0.2659031897400746	7.841012779533033	-1.4867307385202366e-10	-1.1414202916171234e-11	False	False	False
