Iteration_step	Porb	eccentricity	Wdisk	logQ	primary_mass	age	feh	secondary_mass	posterior_probability	acceptance_ratio	inital_orbital_period	initial_eccentricity	current_orbital_period	current_eccentricity	current_spin	delta_e	delta_p	bad_solution_flag	gsl_flag	
1	22.47	0.035	4.1	7.84998499849985	0.7135033131732759	5.7743893376211854	-0.5640382994066748	0.6555668441436058	0.8110074541066356	0.0	22.471006301348304	0.03500502958365875	22.469999999998393	0.03499999999995397	39.521036259149	-1.6058265828178264e-12	-4.603262215852055e-14	False	False
6	22.47001780941599	0.03541605692519375	4.038477175501787	8.122663743101127	0.7126862926662749	7.297372684001078	-0.603506758939617	0.6548161657017734	0.29755008693665286	0.36688946005363027	22.47084731662389	0.03541973449025525	22.47001780941666	0.03541605692516865	45.86663829952487	6.714628852932947e-13	-2.5097979250432445e-14	False	False
10	22.470075878064755	0.03946529308377544	3.91211401486919	8.003180170114348	0.7181637958452347	6.974406873934063	-0.721833328612081	0.6598488956226016	0.3699906474960651	1.2434566943172647	22.471087298133124	0.039470367522422584	22.470075878059664	0.03946529308376141	43.64144190744247	-5.091038701721118e-12	-1.4030443473700416e-14	False	False
14	22.47003395945809	0.039520250280563364	3.8894455426879193	7.528077313445063	0.6591558438663631	7.171083486147249	-0.5577532563995118	0.6056323893444143	0.7472054651339276	2.0195252777082002	22.472846253640487	0.03953358881319768	22.470033959457737	0.0395202502805883	39.70050422819046	-3.517186542012496e-13	2.493838469064258e-14	False	False
16	22.470119364975776	0.04205912493207491	4.221058539054489	7.90234323530977	0.7434033190672945	6.50102234035576	-0.5928033751089359	0.6830389695590302	0.2884611978018175	0.3860533832553196	22.47134931955173	0.04206613819563011	22.470119364983063	0.04205912493333465	39.44334095550223	7.286615755219827e-12	1.2597423104665495e-12	False	False
20	22.47014942064193	0.037741347914887216	4.00417859020235	7.839098529298051	0.6995123927639951	6.405050269466445	-0.5590631362733243	0.6427119864715587	0.19038351839238396	0.6599969765194686	22.471383584639263	0.03774748621875168	22.470149420640464	0.03774134791482829	41.475223009324495	-1.4672707493446069e-12	-5.892508703198018e-14	False	False
22	22.470173590145034	0.036252845549485574	4.008975409924205	8.64767605331659	0.7169400328705029	5.294550481943218	-0.4656021081013768	0.658724502201418	0.1091209032719276	0.5731636025710345	22.470305351724768	0.03625360369612966	22.47017359014544	0.03625284554949065	42.0724329638798	4.050093593832571e-13	5.079270337660091e-15	False	False
23	22.470080794187417	0.032024681138600165	4.4576865932565095	8.905359001997958	0.6966447625358833	5.265563075901994	-0.7874137403833731	0.6400772078179695	0.3264570965475695	2.991700826871305	22.470146539200755	0.03202499672031884	22.470080794186977	0.032024681138602795	44.398949431120926	-4.405364961712621e-13	2.6298407895808396e-15	False	False
25	22.470109424478107	0.03575269008332983	4.119434773347713	9.742364514355613	0.6771323795091772	4.893808558858515	-0.9460320021582215	0.6221492302930319	0.34477030760191696	1.0560968385984495	22.470117074002992	0.03575273155097278	22.47010942447811	0.035752690083325475	44.62006515814576	3.552713678800501e-15	-4.3576253716537394e-15	False	False
27	22.470199316356787	0.030689771385607065	4.130160920191295	8.92776184535092	0.7088933387950038	4.382885406021412	-0.8780319008486945	0.6513311996848494	0.10200531822642801	0.29586456831487556	22.470238344617368	0.030689995649020724	22.47019931635687	0.030689771385607443	39.84739636432065	8.171241461241152e-14	3.7816971776294395e-16	False	False
28	22.47013465904592	0.02855969769642741	3.626538765720495	8.407389312916399	0.7220600698948112	3.504691105106832	-0.5374905461798756	0.6634287922193525	0.1299497769853297	1.273950998288849	22.470187385923648	0.028560256414854532	22.470134659042596	0.02855969769643565	33.949518269666434	-3.325340003357269e-12	8.239936510889834e-15	False	False
29	22.46999013984675	0.02415601057324541	3.8101828913278397	7.865444623958872	0.7319005458400809	4.704244859283344	-0.6194278062173187	0.6724702215178663	0.37384987504376527	2.876879697038418	22.470589845950983	0.024158616465396007	22.469990139847194	0.024156010573443326	36.20327600712892	4.440892098500626e-13	1.9791460137419392e-13	False	False
34	22.469807974207743	0.022876048995419503	4.220924781385792	7.869996468568295	0.7159159927008962	5.459687483058095	-0.6101747140319382	0.6577836140935834	0.044004128480682275	0.11770534489420618	22.470643925135178	0.022878927878913182	22.469807974191216	0.022876048994418727	39.02937127757953	-1.652722403377993e-11	-1.0007758510788278e-12	False	False
38	22.469780355292258	0.04100112239361467	4.056323220416271	7.989249274961149	0.6966447625358833	5.265563075901994	-0.7874137403833731	0.6400772078179695	0.042580986557168445	0.9676588999112075	22.47033962825117	0.04100448518087333	22.469780355290876	0.0410011223935838	41.13838001295981	-1.3820056210533949e-12	-3.087113897848326e-14	False	False
43	22.46980581468095	0.038739668904835434	3.3253099157953403	7.652652439791315	0.7044730624235457	5.522925825819556	-0.6633519934475001	0.6472698497547538	0.080340701426323	1.8867740727063491	22.471233175773104	0.038747518845382065	22.469805814686598	0.038739668905001336	37.33973256119807	5.6488147492927965e-12	1.6590201434851792e-13	False	False
46	22.469816973073115	0.0347437809705509	3.9457038473569637	7.990568759475402	0.725516601610422	4.579291229586133	-0.4658332951905844	0.6666046535596557	0.09925787729549936	1.2354619207118136	22.47023842121845	0.034746530178021574	22.469816973072287	0.03474378097057821	36.65212619045439	-8.277822871605167e-13	2.731148640577885e-14	False	False
52	22.46989750497165	0.04205220671925719	3.2253006070242347	8.487463672956236	0.7471752613876359	4.506268982155369	-0.39061155994718977	0.6865046301629598	0.33083805890101503	3.3331164026012896	22.47002279164742	0.04205332839948089	22.46989750497093	0.04205220671927435	36.87266910853806	-7.212008767965017e-13	1.7159884624362576e-14	False	False
53	22.46987335056264	0.04732397202070507	3.781223169254892	7.830765689288021	0.7268562744239869	2.9636110950970345	-0.6803785197987576	0.6678355449407591	0.03143443191211672	0.09501455792763472	22.469911874212727	0.0473265571101836	22.469873350559876	0.0473239720205488	30.27516278922891	-2.7640112421067897e-12	-1.562708296098947e-13	False	False
59	22.46993258898241	0.048943011574544976	4.028253231154499	8.370662419088283	0.7110863879864961	3.0043719303780145	-0.6197486908734295	0.6533461732819926	0.08380781211549519	2.66611505338484	22.469950975379096	0.04894378849349912	22.46993258898729	0.04894301157476609	31.948642345559634	4.881428594671888e-12	2.2111479314190774e-13	False	False
62	22.470024327455636	0.04880743791942417	3.598369353973137	8.722154979716574	0.7431472245782776	3.952861143501481	-0.7345054211430183	0.6828036699425215	0.27014253526012877	3.2233574465331047	22.470069986598727	0.048808009721640136	22.470024327453945	0.04880743791943218	35.7257378717979	-1.6910917111090384e-12	8.007483565108942e-15	False	False
63	22.469925293491784	0.044864881275496954	3.947298025443716	7.83069827175597	0.7329363729305414	3.870872420557217	-0.7307536367153381	0.6734219394485814	0.21262984508963986	0.7871024268166132	22.470277255880703	0.04486871403812995	22.469925293498473	0.04486488127552676	33.550720515157465	6.689759857181343e-12	2.980948821118545e-14	False	False
70	22.46996530153859	0.046240460619184756	3.718703501256673	7.9210450226349165	0.7143888749534038	4.600820259269803	-0.6411250620076689	0.6563804983071874	0.37645149348095286	1.7704546288986363	22.470474242842844	0.046244513224494486	22.469965301551102	0.04624046061745511	37.284867402499614	1.2512657576735364e-11	-1.729644205639147e-12	False	False
74	22.470028196331814	0.03228501575104348	2.7762306653662767	8.025158364245288	0.7745456098390299	5.3452259913273	-0.5093132994005647	0.7116525063201006	0.655838003188235	1.7421580589941748	22.470658147763697	0.032288478522985636	22.470028196323334	0.032285015750563084	36.57717329860179	-8.480327551296796e-12	-4.803935027553052e-13	False	False
78	22.47012388079329	0.028879708009856356	2.021725319388664	8.072839994900608	0.7190608567686414	4.253864416101958	-0.6115694551011053	0.6606731151990277	0.24095698201517282	0.36740320146713834	22.47040387805732	0.028881330283836496	22.470123880792926	0.028879708009938353	36.76935196994346	-3.659295089164516e-13	8.199690926247172e-14	False	False
80	22.47011831382571	0.030354352585709246	1.0382560483169612	8.514012027435845	0.744815015612438	5.333693821201558	-0.4577464060099873	0.684336036344708	0.30213643141044144	1.253901957451543	22.470313034875794	0.030355322478167295	22.470118313823605	0.030354352585719717	40.64368402328181	-2.106759211528697e-12	1.0470790900996008e-14	False	False
81	22.470077747973964	0.03647539840304024	1.0661192174682097	8.23445028237285	0.746183094885565	6.794560563131539	-0.25074432825716736	0.685593027580857	0.6816365979859254	2.256055632893693	22.47071034932494	0.03647859472185867	22.470077747976866	0.03647539840304812	42.670505668674735	2.9025670755800093e-12	7.882583474838611e-15	False	False
88	22.46994561674801	0.041648293513329875	0.7509955804952105	7.590440277532241	0.7145962318108013	6.366688919380719	-0.5494880257296582	0.6565710177877643	0.5047533412273965	0.740502113177055	22.472306069855378	0.0416611123872112	22.46994561672585	0.041648293513516225	36.42873886187862	-2.2161827928357525e-11	1.8635093468333253e-13	False	False
92	22.470138423562993	0.036209534930979684	1.0426925965919676	8.008773761921919	0.7271315101700945	7.387829723023506	-0.5721641951512345	0.6680884315442828	0.17785720615112052	0.3523645939987826	22.471323001820984	0.036214904456838594	22.47013842358922	0.03620953493177704	43.55167921194238	2.6226132376905298e-11	7.973552373918835e-13	False	False
93	22.470100868480305	0.03513001374990245	0.701820394549223	7.463340499139719	0.7500202930952282	7.127449548967118	-0.4548903839052863	0.6891186452958956	0.15871567098277894	0.8923769489998762	22.47446327412637	0.03514945476767954	22.47010086850472	0.03513001374997471	31.533120653729252	2.4414248400717042e-11	7.226164111528988e-14	False	False
99	22.470092854396434	0.03142256121933047	0.8309887223228756	8.11288238861933	0.7119479150237581	6.335379091118196	-0.5456646043360897	0.6541377443238289	0.28461837827077413	1.79325945893305	22.47076413325229	0.031425393920181476	22.47009285440745	0.03142256121931707	43.75261370967385	1.1016965117960353e-11	-1.3399004128444858e-14	False	False
104	22.47010745035809	0.04088204109654775	0.6686630913595568	7.97839371870984	0.7011351862849299	6.349744803621401	-0.782191771299027	0.6442030091585935	0.2575077776708167	0.9047475403216388	22.470983509219092	0.040886657269411285	22.470107450356892	0.04088204109654775	43.72222978482128	-1.1972645097557688e-12	0.0	False	False
107	22.470067706192715	0.03404511919552672	0.7309482657604908	8.076514566640466	0.6942717966279268	6.2114769245733115	-0.8477563012547429	0.6378969267417391	0.3739327867802292	1.452122301557212	22.470707181049665	0.03404795268829706	22.47006770618695	0.034045119195668036	45.074351635351796	-5.766054300693213e-12	1.4131751324697461e-13	False	False
108	22.470018527834526	0.029041659087294166	1.2424554675037	7.8384874567448914	0.6670837717016362	6.514720374050574	-0.9486361906307047	0.6129165694394634	0.5073978198799334	1.3569225214213305	22.471091140260864	0.029045528585268644	22.470018527833172	0.029041659087313904	45.19034106234064	-1.3535839116229909e-12	1.973768370966411e-14	False	False
113	22.470011846250927	0.018084293574153663	1.089283759479349	7.955369591675343	0.6754366893536855	5.62369295910856	-0.7881288356718343	0.6205912301781662	0.14651854185080554	0.28876462631525796	22.470676037282004	0.018085935450594448	22.47001184625504	0.018084293574153015	43.55588798876602	4.11404244005098e-12	-6.487865800153259e-16	False	False
114	22.469955007863824	0.03614247216057116	0.946831050482857	7.9113862997637785	0.7631948598092951	6.009498001634155	-0.324536866835702	0.7012234371927804	0.8673176525060169	5.919507808023196	22.47104690511295	0.036148399704437575	22.469955007863756	0.03614247216061824	37.23335643639564	-6.750155989720952e-14	4.7080395138010545e-14	False	False
122	22.47000933245872	0.03069583299425136	0.6270776296297342	8.020565820846008	0.7377104845887835	5.851313288625656	-0.27938672908960055	0.6778083932401743	1.0165904403447397	1.172108554930729	22.470767793822226	0.03069933698215071	22.470009332473474	0.030695832994219175	39.371896638987096	1.475441990805848e-11	-3.218605937327368e-14	False	False
129	22.46992431123961	0.02777064408591235	0.9191745699418373	8.125733300094621	0.7377104845887835	5.851313288625656	-0.27938672908960055	0.6778083932401743	0.5963491549655765	0.5866169219172929	22.470508962375483	0.027773116971352808	22.469924311244313	0.027770644085942583	40.16753461903409	4.703792910731863e-12	3.0232760739323794e-14	False	False
131	22.469876106405696	0.01929541986834507	0.7303297881313062	8.201689183296722	0.7298763065848942	6.899552185534505	-0.5610302944659071	0.6706103504902008	0.04864062602217201	0.08156400594711956	22.470541451331602	0.019297105882510976	22.469876106407714	0.019295419868345563	44.73683178771792	2.0179413695586845e-12	4.926614671774132e-16	False	False
133	22.469982576106737	0.02395131454959723	1.1052692755561841	8.63935212621874	0.7271315101700945	7.387829723023506	-0.5721641951512345	0.6680884315442828	0.04542740430959514	0.933939548575872	22.47025342782121	0.02395213421203656	22.4699825761077	0.02395131454960054	49.18860891722355	9.627854069549358e-13	3.309852392163748e-15	False	False
134	22.469834505042318	0.021766726870463052	1.5641164144506388	8.237169047869102	0.6992672776529645	5.963624582309915	-0.4641284102503577	0.6424867747075438	0.03847101999313109	0.8468681091912019	22.470263729250863	0.021768036944583045	22.469834505042485	0.021766726870464964	44.14807773447046	1.6697754290362354e-13	1.9116652705264414e-15	False	False
136	22.469807818965695	0.019897349442710974	1.5129530119674437	7.85619433212498	0.7422615376076372	5.465510713302531	-0.31031820216929656	0.6819899007538971	0.03318977522041102	0.8627214777860575	22.470740982172998	0.019900349595770438	22.469807818981764	0.019897349442766863	36.75956734512878	1.6068923969214666e-11	5.588932094902077e-14	False	False
141	22.46986796284269	0.030389098823704885	1.5676857496702208	8.536646022058422	0.7415588740883803	4.784495243562582	-0.48070026687950995	0.6813442935124038	0.25542497229281647	7.695893406826553	22.470004198717675	0.03038987014896931	22.46986796283888	0.030389098823682025	38.80462324294346	-3.8120617773529375e-12	-2.2860185966422364e-14	False	False
143	22.469897002176197	0.02254185167099339	2.5062110358669405	8.97645576899787	0.7088933387950038	4.382885406021412	-0.8780319008486945	0.6513311996848494	0.28520783872102023	1.1166012319032808	22.46993198113365	0.022541999431801154	22.46989700217646	0.022541851670996774	40.03437405819605	2.6290081223123707e-13	3.382710778154774e-15	False	False
148	22.46994480036981	0.026233892065931817	2.3663379871156875	8.716832278531191	0.6807553272040008	4.92317459288094	-0.8097642655787274	0.6254779946350358	0.33556085248822454	1.176548491770094	22.470030361368565	0.026234236479998528	22.469944800369753	0.02623389206593127	43.849184043764296	-5.684341886080802e-14	-5.48172618408671e-16	False	False
150	22.469941776235245	0.026964939940770937	2.5030200622136474	8.59562092789866	0.7088933387950038	4.382885406021412	-0.8780319008486945	0.6513311996848494	0.6987334328152338	2.0822853072223424	22.47002675062044	0.026965365495752566	22.469941776235203	0.02696493994073415	39.650226386821814	-4.263256414560601e-14	-3.678654603156417e-14	False	False
153	22.46992709131714	0.03308668325976184	2.569973825399561	8.546875816240242	0.7272362907441003	3.6837192370857	-0.6916123767014166	0.6681847039356794	0.45275472974656605	0.6479648868702237	22.469978583173727	0.03308718411592089	22.469927091313625	0.033086683259801505	35.091310119234784	-3.5136338283336954e-12	3.966271755473372e-14	False	False
156	22.469984528153297	0.04311521121966781	2.203189336537084	8.066972029976098	0.7572868557235154	4.509422300879656	-0.46604374079620076	0.6957951630387659	0.4311642879514985	0.9523131612404072	22.470329976886617	0.04311831290342588	22.46998452815171	0.043115211219561064	35.34539241087851	-1.588063014423824e-12	-1.067479438177088e-13	False	False
158	22.47002463506552	0.04844068677682342	2.4855354121926307	7.83449577367442	0.735093554610448	5.597829875192709	-0.3892247978951896	0.6754039579760795	0.333231539917147	0.7728644259949285	22.47108231026324	0.04844840456353802	22.47002463126676	0.048440686777504655	37.26966820452046	-3.7987604173395084e-09	6.812328479099961e-13	False	False
160	22.470198474222254	0.04856141089143554	1.656666321497146	7.922990742561889	0.7107819239041704	5.104374349963767	-0.6809303117433554	0.6530664316831517	0.03262423372876254	0.0979025987062151	22.470863188922813	0.04856628735103529	22.47019847423173	0.04856141089128031	39.18817902919826	9.475087381360936e-12	-1.552299955243086e-13	False	False
162	22.470132258900954	0.044597476089973484	0.7899873702175797	7.49218014102408	0.7760353382733999	5.02556891918805	-0.3067309833859551	0.7130212688055998	0.036955618668955546	1.1327658750916294	22.472201637484474	0.04461315509193897	22.470132258914543	0.044597476089874286	29.876759723045385	1.3589129821411916e-11	-9.919842725025774e-14	False	False
178	22.470108418268683	0.045882884382755805	1.231373270722393	7.29404789546058	0.7210555766617976	4.9696030878487285	-0.4643684276824256	0.6625058638368596	0.035428770106762694	0.9586842646074959	22.473107582119077	0.04590351275025054	22.47010841826768	0.0458828843825404	29.781981438526206	-1.0018652574217413e-12	-2.154040834589921e-13	False	False
182	22.47010700287348	0.043301684392811686	1.0490031118162324	7.492786861846553	0.7210555766617976	4.9696030878487285	-0.4643684276824256	0.6625058638368596	0.13397672660105117	3.7815799475206027	22.47194221291895	0.04331399298703206	22.47010700287179	0.04330168439295264	32.975381832447326	-1.6910917111090384e-12	1.4095669076397144e-13	False	False
183	22.47006900333543	0.05410267024794852	0.5053449522399988	7.68634039115992	0.7301167234959174	4.488511237773718	-0.4506827142712399	0.6708312455480488	0.05918747016025017	0.4417742667836295	22.47102347433687	0.054111648746479474	22.470069003318464	0.05410267024796495	34.07913793757112	-1.6964207816272392e-11	1.6431300764452317e-14	False	False
186	22.47014277538825	0.04074032863889115	0.591583668609232	7.7122171598193106	0.7160179667735973	4.083692060455737	-0.4663874765209769	0.6578773078715812	0.12433778804411834	2.1007451020878842	22.47079682949396	0.040745578819479294	22.47014277536494	0.040740328638837454	34.12614487714286	-2.3309354446610087e-11	-5.3693161028434133e-14	False	False
193	22.470192087196352	0.037182361323887005	0.956041294447658	8.205360162131724	0.6863407336217526	4.814244027991968	-0.7099780039737666	0.6306098660516662	0.08034055354615086	0.6461475212800464	22.47048026142239	0.0371840134677207	22.470192087196686	0.03718236132391949	41.65122075513381	3.339550858072471e-13	3.2487901258093643e-14	False	False
194	22.470123165935107	0.022512647551442427	1.0045406217196626	8.065853440171981	0.7424194187903206	4.899894294884415	-0.6355929683299207	0.6821349619845465	0.14694227135034785	1.8289925182795546	22.470565393292453	0.02251436420440499	22.470123165931348	0.022512647551341084	37.84978152759268	-3.75877107217093e-12	-1.0134254546656507e-13	False	False
196	22.46999236646439	0.024064805921737386	1.8544778874119408	8.554435356046858	0.6955799770571057	5.012848875326963	-0.6689176687614786	0.6390988829200687	0.3240578862101458	2.205341480243688	22.470129716129684	0.0240653234338316	22.469992366464908	0.024064805921738503	42.77612971385238	5.186961971048731e-13	1.1171619185290638e-15	False	False
197	22.470056558298584	0.024604557748205615	1.7363210188791656	8.76856511151409	0.712453353232924	4.564738572185952	-0.4874403127220489	0.6546021409504106	0.37533059121050594	1.1582208215945429	22.470125080730014	0.024604870003330788	22.470056558299174	0.024604557748221748	39.77386528011943	5.897504706808832e-13	1.6132928326584306e-14	False	False
199	22.46990904076371	0.02504352845357538	1.400908507669488	8.961906971553686	0.725516601610422	4.579291229586133	-0.4658332951905844	0.6666046535596557	0.298590886342135	0.7955410332505215	22.469953693594306	0.025043742761607788	22.469909040764477	0.025043528453582306	39.29671680011927	7.673861546209082e-13	6.925016116099414e-15	False	False
202	22.46992419765994	0.023649657596968816	1.443029032260229	8.250522142473713	0.6945799742466587	4.227247138803346	-0.6972366974736895	0.63818008033783	0.3190533630291665	1.0685301448336402	22.470107027234143	0.023650459210748404	22.469924197660127	0.02364965759698362	38.88241685390567	1.8829382497642655e-13	1.4804130143986072e-14	False	False
206	22.469922114621482	0.041583991053411686	1.363523056724241	8.641979105534794	0.7322237644407932	3.7718414706883077	-0.6255105717691785	0.6727671947682007	0.352502050644232	1.104837282696211	22.469971340428437	0.04158454369815862	22.469922114622722	0.041583991053506575	35.44186050394835	1.2398970739013748e-12	9.488937413593135e-14	False	False
208	22.46990551852975	0.03466419609486117	1.4778391583078117	8.765522523018948	0.7384576998374962	3.72136201362177	-0.3644639780685767	0.6784949346106914	0.33658539404212706	0.9548466269259549	22.469935777788667	0.03466455664181317	22.46990551852928	0.03466419609487983	34.3565459838497	-4.689582056016661e-13	1.8658685707606537e-14	False	False
211	22.47003180917142	0.025577777184350184	1.484468290701949	8.690226550214087	0.703469759446335	3.673788841444816	-0.4324069376289583	0.6463480149792926	0.4164286322335013	1.2372153979485545	22.47007223443548	0.025578057325665152	22.4700318091717	0.025577777184360943	35.93981562465999	2.8066438062523957e-13	1.0758754998008158e-14	False	False
212	22.470048249607267	0.026219087276822255	0.8935198985088987	8.996582942443077	0.7373727752695762	3.771209909162231	-0.3468249058385954	0.6774981059176866	0.37882564700585014	0.9097012493450107	22.47006772329727	0.026219252321549345	22.47004824960711	0.02621908727681186	34.81636290381838	-1.5631940186722204e-13	-1.0394463068053028e-14	False	False
222	22.4699588963735	0.03711063227866797	1.7733654716890197	8.633566272711503	0.669560915120837	3.4969802160078634	-0.49729380725909594	0.6151925688130251	0.6546352781719157	1.7280648323206222	22.470002547854182	0.03711102162906641	22.469958896365778	0.03711063227866679	36.88277636610953	-7.723599537712289e-12	-1.1796119636642288e-15	False	False
225	22.469992062311878	0.036036281843746375	1.4316146815598236	9.084679986347737	0.7216602542663828	4.386754678028463	-0.5474556416280596	0.6630614416199525	0.7736895730964648	1.181863548901628	22.470022325194684	0.03603649518172227	22.469992062312368	0.036036281843744966	38.944489824335186	4.902744876744691e-13	-1.4085954624931674e-15	False	False
226	22.469886809571857	0.03443649941667477	0.6213243805474834	9.783916653571767	0.7280669986179445	4.326642450856229	-0.578698353759431	0.6689479583301674	0.3671435597083677	0.4745360057509676	22.469892835073495	0.03443654055614562	22.469886809571868	0.03443649941667526	38.800308230412405	1.0658141036401503e-14	4.85722573273506e-16	False	False
229	22.46993816105105	0.028063605617434793	1.0320271424143868	9.562041914445418	0.7572868557235154	4.509422300879656	-0.46604374079620076	0.6957951630387659	0.489373503906799	1.3329213899203949	22.46994891268284	0.02806367088770248	22.46993816105139	0.028063605617432926	37.75757536183114	3.410605131648481e-13	-1.8665624601510444e-15	False	False
231	22.469990941206046	0.02986386319468712	1.7231821459412568	9.563478304454677	0.7197790564950823	3.7707374583675892	-0.6850617299656891	0.6613329971076816	0.6556079894417288	1.339688365242163	22.46999663878236	0.02986390779973286	22.469990941206117	0.02986386319468661	36.441823825026766	7.105427357601002e-14	-5.100087019371813e-16	False	False
237	22.47000729408159	0.02713357490862318	1.186099571458462	9.358330013983226	0.7044593797688916	3.4822281099458445	-0.8165229634312303	0.6472572781316576	0.6576633570913584	1.003135055830207	22.470014294662697	0.02713362860247633	22.4700072940816	0.027133574908621737	35.96026559591029	1.0658141036401503e-14	-1.4432899320127035e-15	False	False
240	22.47010085195735	0.03695471517145932	1.1786410763515527	8.878354357527098	0.7315408906185684	3.8008904323742523	-0.6825610934134698	0.6721397703003407	0.37882267437715617	0.5760130472413298	22.470130265777726	0.036954999516376937	22.470100851956893	0.03695471517144724	35.93317094568826	-4.583000645652646e-13	-1.2080614286702485e-14	False	False
242	22.470111707244527	0.027325044807785873	1.6610393612145464	9.605150713062176	0.6852526994173485	3.5032761230049942	-0.8780461101526423	0.6296101802246598	0.4180291616006795	1.1034956191257161	22.4701158920245	0.027325073302067265	22.470111707244552	0.027325044807785043	37.08302424503595	2.4868995751603507e-14	-8.291978215169138e-16	False	False
244	22.470056205288813	0.028500037392145697	1.0040708233610185	9.382951048196649	0.6807553272040008	4.92317459288094	-0.8097642655787274	0.6254779946350358	0.33440753908013127	0.799962227036143	22.470075241638522	0.02850011939970631	22.470056205288763	0.02850003739214604	44.56657320477426	-4.973799150320701e-14	3.434752482434078e-16	False	False
247	22.4701160977067	0.03104982957310801	0.7225708353780007	9.498847861391846	0.666542166881195	4.528124413917841	-0.518907446360789	0.612418942930442	0.2262017387262244	0.6764253561640594	22.470128893195763	0.031049893551920508	22.470116097706885	0.03104982957310725	42.95833581787132	1.8474111129762605e-13	-7.598088824778415e-16	False	False
248	22.470064464814737	0.041043741367886716	1.250119378845774	10.110304107867323	0.7400191101109903	4.457287181198196	-0.6976427680881729	0.6799295583699778	0.5532966690702327	2.4460319013723257	22.470067478843784	0.04104376550222679	22.470064464814726	0.04104374136788687	38.939538972924744	-1.0658141036401503e-14	1.5265566588595902e-16	False	False
251	22.47004692901024	0.02512803759091201	1.4847913450354853	10.355483861646452	0.7562074249957983	5.1388480481752605	-0.3744493991986994	0.6948033820861395	0.46498671820589865	0.8403931275915121	22.470049403026653	0.025128048976706587	22.470046929010213	0.025128037590911975	40.14938300797232	-2.842170943040401e-14	-3.469446951953614e-17	False	False
254	22.47012106797094	0.02894004468876888	1.253208751741059	10.565806906411053	0.791674742843677	5.511828428408392	-0.44676519991079666	0.7273907537247704	0.2820157689317295	0.6065028481240434	22.47012305626668	0.02894005481665383	22.470121067970847	0.028940044688768776	40.32078990921756	-9.237055564881302e-14	-1.0408340855860843e-16	False	False
256	22.470073103832252	0.029649252768976262	0.9385713696582066	10.800368213938366	0.7033248792445156	6.035558128154945	-0.3953219257322797	0.6462148990498608	0.14253279767341523	0.5054071912834052	22.47007433229038	0.029649257873828754	22.47007310383226	0.02964925276897628	46.87884443351814	7.105427357601002e-15	1.734723475976807e-17	False	False
257	22.470065119504117	0.02622725469671022	1.418715567069603	10.222272932693576	0.7672556794549326	6.860348515766088	-0.3965735492482509	0.704954518283192	0.1605645394175144	1.126509421259065	22.470071956665862	0.026227279875886824	22.470065119503925	0.026227254696707086	46.252157507187974	-1.9184653865522705e-13	-3.1329105976141136e-15	False	False
259	22.46994345138655	0.03806748715585182	0.8870778887954089	10.62702131029932	0.7906266144525601	6.065557893754344	-0.3649151965148132	0.7264277333590122	0.6068699458951822	3.7796013247803377	22.46994567701667	0.03806750056385329	22.469943451386534	0.038067487155851364	42.19923907101018	-1.4210854715202004e-14	-4.579669976578771e-16	False	False
262	22.470040133123614	0.04568442333585911	1.4430860120343878	10.810905705858064	0.7134529500613115	6.418026679048271	-0.4068154721182506	0.655520570516333	0.0850745026267582	0.14018572381478941	22.47004153378838	0.04568443194883748	22.4700401331236	0.04568442333585907	47.766071380037154	-1.4210854715202004e-14	-4.163336342344337e-17	False	False
263	22.469901473625004	0.0328146684404853	1.543855944979538	10.043757468693	0.7222443437227911	5.665717571700227	-0.44932453430975494	0.6635981030125004	0.23953785489238952	2.81562451141558	22.469907764841757	0.03281469956955516	22.469901473624905	0.032814668440485355	44.37007700317098	-9.947598300641403e-14	5.551115123125783e-17	False	False
264	22.469897573420024	0.05112888423846512	1.5894429631869493	10.239236104170544	0.7877292511618456	5.3807476928297255	-0.323140428603097	0.7237656359675037	0.14376663550175497	0.6001833637791446	22.469901514677424	0.05112892067421899	22.469897573420017	0.051128884238464206	39.40749760947694	-7.105427357601002e-15	-9.159339953157541e-16	False	False
266	22.46992590898539	0.04589565685369158	2.3074175199487836	9.324364645485312	0.7403196101073656	4.716107867386436	-0.5924658112580475	0.6802056577666474	0.3100325477380885	2.1564985968827513	22.469947277283577	0.04589583806949758	22.469925908985495	0.045895656853708375	39.57856360820572	1.0302869668521453e-13	1.6792123247455493e-14	False	False
269	22.470028486003788	0.045079044322466795	2.6791580856826456	9.034812214425761	0.7378568363045958	4.265163820892422	-0.3662891250617019	0.6779428611966626	0.467387384225839	1.5075429584273254	22.47005825427739	0.04507935317372096	22.470028486007426	0.04507904432249294	36.8437409895741	3.637978807091713e-12	2.6145752229922437e-14	False	False
270	22.469907385199384	0.033753916744443134	3.2537138489789683	9.264750088133374	0.7280669986179445	4.326642450856229	-0.578698353759431	0.6689479583301674	0.4647570908485962	0.9943723483645167	22.469925572367714	0.03375404538882246	22.469907385198873	0.03375391674443526	38.26762137210612	-5.115907697472721e-13	-7.875644580934704e-15	False	False
271	22.46983738811868	0.03379084012757904	3.2906331201700945	9.397134248654908	0.7031801657767971	4.481991565728308	-0.4478306267941595	0.6460819363157211	0.16484331790018103	0.35468704221208325	22.46985261039014	0.03379093617990308	22.469837388118926	0.03379084012757863	39.99037856168455	2.4513724383723456e-13	-4.0939474033052647e-16	False	False
272	22.469944957402607	0.030919472388677573	3.6065800211045143	8.550527693369167	0.8330355863777489	4.361502528421489	-0.2632188579197239	0.7653930967638757	0.3301172851218769	2.0026124766657243	22.470008040244082	0.030920340104179826	22.469944957406057	0.030919472388701328	32.42164725764194	3.4496849821152864e-12	2.3755303280026396e-14	False	False
273	22.469977100641042	0.03188279011022287	3.736405068989371	10.119438811808433	0.8410725539779402	4.774836328852604	-0.30242803418598385	0.7727774625949314	0.6110056109298393	1.8508743360840996	22.469980028937535	0.03188281913286633	22.469977100641017	0.03188279011022356	34.5564720079766	-2.4868995751603507e-14	6.938893903907228e-16	False	False
274	22.469992838926164	0.051859590014109135	3.7594467729655285	9.59925454545403	0.7767984530694062	4.679295749927049	-0.30776413175276285	0.7137224186801704	0.21411783736902854	0.35043514091986844	22.4700034156476	0.051859714808035376	22.46999283892628	0.05185959001411589	36.72628089707802	1.1723955140041653e-13	6.7584826624056404e-15	False	False
276	22.470055635696355	0.04936473743498788	3.817310849701485	9.56872585530854	0.7160179667735973	4.083692060455737	-0.4663874765209769	0.6578773078715812	0.22933041222442466	1.0710476765612829	22.470063446648112	0.0493648230048197	22.470055635696017	0.04936473743498729	37.465547211852204	-3.375077994860476e-13	-5.898059818321144e-16	False	False
277	22.47005678488345	0.02943517584929837	3.76615875790121	8.717873398874477	0.7993747561956421	4.380773659176414	-0.4259069717496815	0.734465525992556	0.3824937078993787	1.6678717148298114	22.470114087978146	0.02943568559104196	22.470056784883962	0.0294351758493015	34.473710792558244	5.115907697472721e-13	3.1329105976141136e-15	False	False
278	22.469900695612047	0.027831368116691086	3.3846917912589247	8.34139312273703	0.7384576998374962	3.72136201362177	-0.3644639780685767	0.6784949346106914	0.21365459353298627	0.5585832893993427	22.469975146105448	0.027832120433639307	22.46990069560312	0.027831368116570842	33.69422297353048	-8.927969474825659e-12	-1.2024409246080836e-13	False	False
279	22.469906610308666	0.02799541980975753	3.4578429354659623	8.462308029722992	0.738784186039631	4.104214687860573	-0.4721807719023491	0.6787949101332129	0.3046558720576236	1.4259270864241336	22.469999517038303	0.027996075515460322	22.46990661030964	0.02799541980990172	35.805169066504234	9.734435479913373e-13	1.441902153231922e-13	False	False
281	22.470002769985292	0.037074892643399075	3.0251271900656453	8.63656421692954	0.6918842665129813	5.085897610691874	-0.6592649962620337	0.6357032640721272	0.5187611653477374	1.702777503824437	22.470120763508646	0.037075559677487394	22.47000276998546	0.0370748926433975	43.329841011284856	1.6697754290362354e-13	-1.5751289161869408e-15	False	False
282	22.470019558872586	0.027058427316529236	3.5841770287596386	9.629874303722039	0.6883514220569004	3.8044610668003465	-0.7323819681457131	0.6324572865858801	0.6410923122125336	1.2358140027362974	22.470024754287007	0.027058458657918352	22.47001955887258	0.027058427316529386	38.11752073000079	-7.105427357601002e-15	1.491862189340054e-16	False	False
284	22.470003991854718	0.03132873573256633	4.098224243159214	8.81295543723677	0.7178773243359067	3.466557757528717	-0.7374321719371022	0.659585685599831	0.5776922056632946	0.9011061194441203	22.47002370829497	0.03132895711645386	22.470003991855208	0.031328735732568475	34.55240530891897	4.902744876744691e-13	2.1441182163073336e-15	False	False
285	22.469966983605822	0.04119607724766444	3.767634784100591	8.47176856894726	0.7178773243359067	3.466557757528717	-0.7374321719371022	0.659585685599831	0.4580113093660434	0.7928293040411788	22.47001321609577	0.04119672116788961	22.469966983606376	0.04119607724767056	34.32875247210939	5.542233338928781e-13	6.1201044232461754e-15	False	False
290	22.47001971887629	0.034084903206334775	3.582747686013191	8.733119316618282	0.7197790564950823	3.7707374583675892	-0.6850617299656891	0.6613329971076816	0.6884099509927053	1.5030413811081833	22.470056961263133	0.03408524278884771	22.47001971887645	0.03408490320634011	35.933992978970764	1.5987211554602254e-13	5.336009412104659e-15	False	False
291	22.470116580861124	0.033060910709980365	3.959923255528899	8.491455780123713	0.7315408906185684	3.8008904323742523	-0.6825610934134698	0.6721397703003407	0.2792835283889253	0.40569362483239974	22.47018081611633	0.0330615099898054	22.470116580859774	0.033060910710019514	35.229840243768535	-1.3500311979441904e-12	3.914923940584458e-14	False	False
292	22.470176655127904	0.03494503058671362	4.2970021262776275	8.161289261236298	0.7462822053961026	4.341532164267217	-0.6271781907810897	0.685684090317939	0.10393713327348654	0.3721563311415399	22.47041013021732	0.03494679641192581	22.470176655142648	0.0349450305869572	35.90542398553988	1.474376176702208e-11	2.4358293160275934e-13	False	False
294	22.470122739931316	0.025141688186962892	3.867006504950287	7.924985648613178	0.6915194941449573	4.677607467017034	-0.9819714423753021	0.6353681112203867	0.4098127232943113	3.9428903837090044	22.47058150935203	0.0251435523921087	22.47012273994043	0.025141688186891383	39.529370645532616	9.112710586123285e-12	-7.150877112671594e-14	False	False
295	22.469991508803076	0.029318380793747947	2.803082170530604	8.214468410290607	0.7107819239041704	5.104374349963767	-0.6809303117433554	0.6530664316831517	0.6438142446336694	1.5709962332509317	22.470311278954803	0.029319858510081714	22.46999150880342	0.029318380793792082	41.00968434336406	3.446132268436486e-13	4.4134834675801926e-14	False	False
296	22.470097455723327	0.02569266407910272	3.698031721883635	8.059620521323076	0.76543344210378	4.896750251786247	-0.4089102780385845	0.703280246604953	0.2561534740795247	0.3978686029621419	22.47052882491652	0.025694831480564645	22.470097455696166	0.025692664078925977	35.860903187922624	-2.716049607442983e-11	-1.7674403607337297e-13	False	False
297	22.470009738650567	0.01974392562663956	3.469701182144973	8.746287337517117	0.7424194187903206	4.899894294884415	-0.6355929683299207	0.6821349619845465	0.24497353564514382	0.9563545313037215	22.470095156701444	0.019744232270898134	22.470009738649722	0.01974392562662036	39.80535604527401	-8.455458555545192e-13	-1.91999194321113e-14	False	False
301	22.47006060521195	0.02449343979626972	3.4423693093992833	9.51014837039136	0.7361451361703059	4.892361276086254	-0.5918235106175005	0.676370151113277	0.34353487166616153	1.4023346267238785	22.470075248208705	0.024493504543087265	22.47006060521213	0.024493439796269244	40.51610977494559	1.8118839761882555e-13	-4.753142324176451e-16	False	False
303	22.469921317923106	0.022609361695841844	3.9528128638762117	9.232204073139917	0.719541130087787	4.376791858686449	-0.5016514693980271	0.6611143903246587	0.2536188791435375	0.7382624008837096	22.469941264525115	0.022609454801489834	22.46992131792338	0.02260936169584267	38.67866045815785	2.7355895326763857e-13	8.257283745649602e-16	False	False
304	22.469954258570002	0.02757107475411291	3.903864742278718	9.712562756922987	0.7586083944991524	3.951316050756718	-0.4281430169106711	0.6970093928658212	0.379199148964451	1.4951534769217256	22.469958067874316	0.02757111092802822	22.46995425857006	0.027571074754120097	34.696109692073534	5.684341886080802e-14	7.188694084447889e-15	False	False
306	22.469986936653232	0.03295813788484168	4.00941443934132	9.95785793284155	0.6968607363763868	3.627419670752214	-0.7125642191713528	0.6402756445826242	0.7782583864194366	2.0523737686246664	22.46998893618296	0.032958155046661074	22.46998693665323	0.03295813788484177	36.665909413280474	-3.552713678800501e-15	9.020562075079397e-17	False	False
308	22.469963447800893	0.03311645537672055	4.077414596338626	9.367377226587807	0.7400191101109903	4.457287181198196	-0.6976427680881729	0.6799295583699778	0.7681531652961608	0.9870155962343468	22.46997880963713	0.033116559950240966	22.469963447800218	0.03311645537672366	38.48728609311609	-6.750155989720952e-13	3.1155633628543455e-15	False	False
309	22.469983423114563	0.0332951509849947	3.5798611338447155	9.895704619831065	0.7712237159692963	5.395039860330289	-0.6100769900097676	0.7086003502325894	0.7111430161622003	0.9257828364060958	22.46999175644042	0.033295198393317786	22.469983423114705	0.033295150984995726	40.97909043604762	1.4210854715202004e-13	1.0269562977782698e-15	False	False
310	22.470071329564572	0.03487801283854592	3.5240406120116825	11.003129774456339	0.7220600698948112	3.504691105106832	-0.5374905461798756	0.6634287922193525	0.38675194541291325	0.5438455228036737	22.470071461574594	0.034878014575310555	22.470071329564522	0.03487801283854597	34.49386968907754	-4.973799150320701e-14	4.85722573273506e-17	False	False
316	22.470004084160056	0.024024763626033126	3.163619442937388	10.352774721978097	0.7762701541256559	3.8916885296138743	-0.6281112958540105	0.7132370176106526	0.27271910586136716	0.7051525120841999	22.47000485510608	0.024024770821403044	22.47000408416008	0.024024763626033625	34.19236399993053	2.4868995751603507e-14	4.996003610813204e-16	False	False
317	22.46999268817066	0.018985090662293362	3.0207441622854114	10.347400071252762	0.7606331960031647	3.0530158545703054	-0.5530448683309624	0.6988697804877076	0.04649582505136132	0.17048979720180224	22.469992475704508	0.018985094312864416	22.46999268817064	0.018985090662293362	30.46137087809555	-1.7763568394002505e-14	0.0	False	False
319	22.470005839400926	0.043028525161497	2.3580916920449724	10.318466752042527	0.7307105278364591	3.06824879324921	-0.5850104879858639	0.6713768329761386	0.20368943782362445	4.380811343784527	22.470005957952022	0.04302853360173345	22.470005839400606	0.04302852516146928	31.939325889771215	-3.197442310920451e-13	-2.7720881146109377e-14	False	False
320	22.469976382143464	0.03767472444327047	2.6772659372974528	9.91487049194288	0.746483662319475	3.4841868098630084	-0.6665849279269861	0.6858691889391336	0.42560404846041394	2.0894752963526084	22.469977705685217	0.03767474810028811	22.46997638214351	0.03767472444327195	33.55877337818594	4.618527782440651e-14	1.4779844015322396e-15	False	False
321	22.470088160143682	0.040199046634432925	2.7978636878881193	9.880537484227695	0.7457510153630125	3.7111903735197678	-0.5187946540029613	0.6851960329155358	0.2853067951859192	0.6703573338129466	22.470090341839846	0.04019907791417422	22.470088160143632	0.040199046634432044	34.46237948873913	-4.973799150320701e-14	-8.81239525796218e-16	False	False
322	22.4700075369692	0.04592700981548246	3.0768056342983985	9.646682690942423	0.7586571291580229	3.9853655747706966	-0.3743821328768814	0.6970541702703914	0.33289290000729516	1.1667892445056087	22.47001253558608	0.045927082635892735	22.47000753696945	0.045927009815483255	34.7512065623501	2.5224267119483557e-13	7.979727989493313e-16	False	False
325	22.470104770385177	0.031285436839630566	2.786137859402736	9.693753332492191	0.6908336983825418	4.902431505974462	-0.5070581631119048	0.6347380020738794	0.2674755277889567	0.8034882323506904	22.47011439634919	0.03128548542454863	22.47010477038513	0.03128543683963011	42.92663156279575	-4.618527782440651e-14	-4.579669976578771e-16	False	False
327	22.46989447285287	0.03512837053450527	2.7220135713945215	9.0881736163873	0.7194665790505334	5.6119649402117115	-0.42756221081203205	0.66104589283163	0.2648081897532439	0.9900277305450634	22.46994952229864	0.03512866456619257	22.469894472852033	0.03512837053450427	43.74045991472558	-8.384404281969182e-13	-9.992007221626409e-16	False	False
328	22.469859864624944	0.037240880580088925	2.8492132914742063	8.653249287023032	0.7216602542663828	4.386754678028463	-0.5474556416280596	0.6630614416199525	0.2374667933635435	0.8967501858036268	22.469939722847933	0.03724146903423471	22.469859864626184	0.03724088058009054	38.40042821285294	1.2398970739013748e-12	1.6167622796103842e-15	False	False
329	22.470000674646442	0.05057580261322434	3.5920047473360723	9.01271631346784	0.7878900243160143	4.598643289014555	-0.19536185042969195	0.7239133543415539	0.28697225019324507	1.2084731769376802	22.470036435456564	0.05057627763703878	22.470000674645686	0.050575802613231614	35.28545164786675	-7.567280135845067e-13	7.271960811294775e-15	False	False
331	22.469985925436898	0.04028176831120797	3.2390740524161763	9.00837896303796	0.7562074249957983	5.1388480481752605	-0.3744493991986994	0.6948033820861395	0.7594315746318177	2.6463589218832895	22.470041255215797	0.040282172556028416	22.46998592543668	0.040281768311212815	39.596432375199406	-2.1671553440683056e-13	4.8433479449272454e-15	False	False
332	22.470019779732425	0.03256412859895261	3.741464134933419	8.673400851883049	0.7471752613876359	4.506268982155369	-0.39061155994718977	0.6865046301629598	0.7650901538033236	1.007451071775952	22.470098407282837	0.03256469008067799	22.470019779740774	0.032564128598969955	37.13515356446882	8.348877145181177e-12	1.734723475976807e-14	False	False
335	22.46999543359562	0.011171371568483454	2.2469465142906184	8.844810503538143	0.7442234710879753	4.732082866566205	-0.42128336548617124	0.6837925252356316	0.04864023907467487	0.06357451972539498	22.470056684049126	0.011171509169708984	22.46999543359598	0.011171371568480418	38.64502153755018	3.588240815588506e-13	-3.0357660829594124e-15	False	False
337	22.46999737885827	0.03321239038027356	1.8412509594674726	8.97316215525768	0.7715958173021185	4.475886492219543	-0.43011944200828756	0.7089422369371864	0.7161458643434958	14.723321224717536	22.470036103432456	0.03321269752513111	22.469997378858555	0.03321239038024637	36.489076704536195	2.8421709430404007e-13	-2.718658631550852e-14	False	False
340	22.469975628263384	0.030973178404189686	1.7063074378780398	9.388781077921358	0.7276718477130297	4.136557779658703	-0.6265114648712522	0.6685848936787316	0.6942679730451655	0.9694505094735328	22.469987651257266	0.030973261159570848	22.469975628263317	0.030973178404188114	37.7205652086956	-6.750155989720952e-14	-1.5716594692349872e-15	False	False
344	22.4699185357607	0.022050735747665806	1.382357626195406	10.00784135794625	0.6881677937191782	4.267728476136832	-0.700081811262012	0.632288568869181	0.23097767067318747	0.3326923891650714	22.4699217718973	0.02205074874251937	22.469918535760687	0.022050735747665733	40.76176271004563	-1.4210854715202004e-14	-7.28583859910259e-17	False	False
345	22.469922899597623	0.0263169037223605	3.0430317345660374	9.98157942111369	0.7210555766617976	4.9696030878487285	-0.4643684276824256	0.6625058638368596	0.34017556414345623	1.4727638526789626	22.4699280747831	0.02631692734157815	22.469922899597623	0.026316903722362273	41.353906453549584	0.0	1.7728873924482969e-15	False	False
347	22.46997232282695	0.02941943179487666	3.8991828981930823	10.476146492248489	0.7169400328705029	5.294550481943218	-0.4656021081013768	0.658724502201418	0.461711924915886	1.3572754000671734	22.46997424842368	0.029419440892134278	22.46997232282696	0.0294194317948766	42.96624863270352	7.105427357601002e-15	-5.898059818321144e-17	False	False
348	22.46998338310837	0.02357047010351516	3.8950635566614533	10.286871045559378	0.7584584730518681	4.850653019666051	-0.43221591060098197	0.6968716450400564	0.42305618112209126	0.9162773545412825	22.46998575207635	0.023570481410712815	22.46998338310845	0.023570470103514457	38.793664113820505	7.815970093361102e-14	-7.042977312465837e-16	False	False
349	22.469918636618853	0.04160834844975826	3.361724067232356	10.359347376606863	0.7577310298803841	4.7749435354523415	-0.5979106242700318	0.6962032702540969	0.4276316266179983	1.0108152195856621	22.469920654013833	0.04160836467978685	22.46991863661873	0.04160834844975975	39.0271353000786	-1.2434497875801753e-13	1.4849232954361469e-15	False	False
350	22.469955186989893	0.047888284319600356	3.29250168108925	10.652172795330388	0.7942485343510695	4.286506323531929	-0.24028815039170592	0.7297555533617626	0.2693003409049038	0.6297484192989046	22.46995575618763	0.047888293676933875	22.46995518698994	0.047888284319601	34.1636001456852	4.618527782440651e-14	6.453171330633722e-16	False	False
353	22.46993398054839	0.040413368212338645	4.121797851438657	11.205232096081575	0.7942485343510695	4.286506323531929	-0.24028815039170592	0.7297555533617626	0.45877069727050557	1.7035652302887658	22.469934130468094	0.04041337039996765	22.469933980548483	0.04041336821233871	34.104579744381915	9.237055564881302e-14	6.245004513516506e-17	False	False
355	22.469957464686825	0.04377852417048783	3.7172170839467666	11.092604152962627	0.7331940778083818	4.227714251483229	-0.5663765349658063	0.6736587186903411	0.4623010817087615	1.0076953137139322	22.469957717086384	0.04377852661471455	22.469957464686843	0.04377852417048773	37.607487213603925	1.7763568394002505e-14	-1.0408340855860843e-16	False	False
357	22.469970926311188	0.06100016262797024	4.377123122794904	11.495424781158524	0.7088933387950038	4.382885406021412	-0.8780319008486945	0.6513311996848494	0.03735826403864738	0.08080938054603598	22.469971039989485	0.06100016385750189	22.4699709263112	0.061000162627970256	40.135359156943025	1.0658141036401503e-14	1.3877787807814457e-17	False	False
358	22.469933423134446	0.06553153449389601	4.3789906409441235	11.380831608857378	0.7566074453156372	4.103450219928079	-0.7734663467897267	0.6951709207560074	0.005929990749940568	0.15873303812527137	22.469933542126682	0.06553153635938412	22.46993342313451	0.06553153449389587	36.17900693099022	6.394884621840902e-14	-1.3877787807814457e-16	False	False
362	22.470020052156357	0.0580976343507886	4.359810167051961	11.708589732384123	0.7566074453156372	4.103450219928079	-0.7734663467897267	0.6951709207560074	0.05524226274148807	9.315741806518286	22.470020106137053	0.058097635122980995	22.47002005215635	0.058097634350788616	36.18105717753014	-7.105427357601002e-15	1.3877787807814457e-17	False	False
383	22.47002449988409	0.04716267508877825	4.184536156706188	11.571096240321182	0.6823667086749617	5.026453431240027	-0.7449109380437127	0.6269585319305548	0.20234916316304888	3.662941254053312	22.470024630375402	0.04716267600713606	22.470024499884065	0.04716267508877821	44.609328595866614	-2.4868995751603507e-14	-4.163336342344337e-17	False	False
384	22.470086163637358	0.047292063909006025	3.7658035167811046	11.736637649266122	0.7143888749534038	4.600820259269803	-0.6411250620076689	0.6563804983071874	0.22950221645621605	1.134189105943017	22.4700862391291	0.04729206454245791	22.470086163637347	0.047292063909006046	40.528372784697574	-1.0658141036401503e-14	2.0816681711721685e-17	False	False
385	22.470160495031273	0.038428566556882336	3.979803226041776	10.73861800737534	0.7321234700194647	4.343888152469172	-0.6756568692210396	0.6726750442538841	0.17027202171618988	0.7419188552746462	22.47016110620264	0.038428571440913675	22.470160495031262	0.038428566556882066	38.43196406963382	-1.0658141036401503e-14	-2.706168622523819e-16	False	False
386	22.47007173701111	0.0393625599404745	4.183124399129199	10.533302818949993	0.7031801657767971	4.481991565728308	-0.4478306267941595	0.6460819363157211	0.5302582325729778	3.1141829833724204	22.47007285139823	0.039362568110634995	22.470071737011132	0.03936255994047443	40.02712082768959	2.1316282072803006e-14	-6.938893903907228e-17	False	False
389	22.47002580929227	0.039447025047444115	4.380035591617148	10.516992596911564	0.7197790564950823	3.7707374583675892	-0.6850617299656891	0.6613329971076816	0.635835483603799	1.1991053500829731	22.470026415177788	0.03944703149860697	22.47002580929226	0.03944702504744345	36.18633759368086	-1.0658141036401503e-14	-6.661338147750939e-16	False	False
391	22.469931726437796	0.048522392364171905	4.161236635160881	10.807620914611785	0.7280669986179445	4.326642450856229	-0.578698353759431	0.6689479583301674	0.23697640375276185	0.3727008162703079	22.469932260650655	0.04852239768478066	22.46993172643781	0.04852239236417171	38.32992144398133	1.4210854715202004e-14	-1.942890293094024e-16	False	False
394	22.46995285596697	0.04607225450159651	4.152343279772232	11.137045834905857	0.7562074249957983	5.1388480481752605	-0.3744493991986994	0.6948033820861395	0.41471754368984165	1.750037291149534	22.469953267952782	0.04607225793870439	22.46995285596696	0.04607225450159647	39.90426580494396	-1.0658141036401503e-14	-3.469446951953614e-17	False	False
395	22.46992217824473	0.032656039825947086	4.411403987984025	10.920339425838218	0.754256437789317	4.6114937690678355	-0.4315925518336109	0.6930108150408244	0.5498501643578869	1.3258425468711497	22.46992265046488	0.032656043164389734	22.469922178244694	0.03265603982594706	37.92545698150465	-3.552713678800501e-14	-2.7755575615628914e-17	False	False
396	22.46997106381771	0.029419324844466743	4.026248045612366	11.154678847970505	0.7031801657767971	4.481991565728308	-0.4478306267941595	0.6460819363157211	0.6432423228130936	1.16985019648811	22.46997132536086	0.029419326298277246	22.469971063817706	0.02941932484446672	40.043210044068225	-3.552713678800501e-15	-2.42861286636753e-17	False	False
397	22.470124885493245	0.02883311295522759	4.2361049592057585	11.597513498670686	0.7892225274704174	5.072872107962613	-0.41682796417154694	0.7251376582398195	0.27598825324348125	0.42905798243576543	22.470125020514477	0.028833113757609774	22.470124885493245	0.02883311295522786	38.25249798889083	0.0	2.706168622523819e-16	False	False
403	22.470096848544422	0.03028868388971977	4.1487835877782855	11.248180775105734	0.7455134313107947	5.5233916977892505	-0.5400747942210914	0.6849777406883581	0.30215951619238673	1.0948274524054356	22.470097220524615	0.03028868570631203	22.470096848544443	0.03028868388971984	42.64442694271994	2.1316282072803006e-14	6.938893903907228e-17	False	False
404	22.470125055792728	0.03252495257799	3.9207804180383796	10.831842007069762	0.7572868557235154	4.509422300879656	-0.46604374079620076	0.6957951630387659	0.29560577484030576	0.9783103261659044	22.47012559500759	0.03252495654117642	22.470125055792767	0.03252495257799078	37.47166750633989	3.907985046680551e-14	7.840950111415168e-16	False	False
405	22.470031868733436	0.03839053368659374	3.0645716409987855	9.518047333939608	0.732194203335818	6.0898449604336005	-0.47713054353139134	0.6727400340249495	0.30367216051967144	1.0272876457969178	22.470056798635706	0.03839067164381482	22.470031868733805	0.03839053368659403	45.3440394970352	3.694822225952521e-13	2.914335439641036e-16	False	False
409	22.47001973324202	0.031516475244773356	3.5745534300608615	9.35769459161127	0.732194203335818	6.0898449604336005	-0.47713054353139134	0.6727400340249495	0.3245114908648908	1.0686244346849483	22.47005530329081	0.03151663827127294	22.470019733241866	0.03151647524477078	45.22959205972676	-1.5276668818842154e-13	-2.5743296383495817e-15	False	False
413	22.46995275583745	0.03471685349425015	3.086186957091805	10.356111036605755	0.7159159927008962	5.459687483058095	-0.6101747140319382	0.6577836140935834	0.3713262067124129	1.1442621206501844	22.469955479350297	0.03471686783481014	22.4699527558374	0.03471685349425022	44.28444459124206	-4.973799150320701e-14	7.632783294297951e-17	False	False
415	22.469791089004786	0.027250546512772564	2.3762447687967696	10.412087156641032	0.7012828799761407	5.462172223053705	-0.41727330920485917	0.644338710122078	0.02393290352895199	0.0644525032069382	22.469793456803774	0.02725055633847867	22.46979108900476	0.02725054651277258	44.52427388491168	-2.4868995751603507e-14	1.3877787807814457e-17	False	False
416	22.469810963023672	0.03776778733449329	2.929786231893862	10.257452342779276	0.6974669123207949	5.48684692832721	-0.7560622481326547	0.6408325990403464	0.037126136763432224	1.5512591992242055	22.46981424279967	0.03776780517860329	22.469810963023665	0.037767787334493055	45.871858841426906	-7.105427357601002e-15	-2.3592239273284576e-16	False	False
417	22.469778834480337	0.040304156157952804	3.367401973238967	10.006793184179774	0.7267002110815247	5.844736092982587	-0.3982350187199481	0.6676921539417049	0.022177363448295594	0.5973517683676536	22.469786190943847	0.04030420036805358	22.469778834480188	0.04030415615795207	44.442116411558516	-1.4921397450962104e-13	-7.355227538141662e-16	False	False
418	22.46981508415236	0.034376056692374826	3.196890415509022	10.11720562099756	0.7169400328705029	5.294550481943218	-0.4656021081013768	0.658724502201418	0.07431214428995433	3.3508105895097047	22.469819543795317	0.03437608110518231	22.469815084152422	0.034376056692374694	42.99767585326183	6.394884621840902e-14	-1.3183898417423734e-16	False	False
420	22.469927753781796	0.03257421276237019	3.090647298736516	10.086097224530157	0.722042725426863	5.232243292064741	-0.6136641463770002	0.6634128561222017	0.39696744300244935	5.341891918143886	22.469932372250494	0.03257423681108997	22.46992775378168	0.032574212762370824	42.94109728346949	-1.1723955140041653e-13	6.314393452555578e-16	False	False
424	22.470007710317976	0.03236942505127224	3.1869243827860303	10.040549887761006	0.7097850881448355	6.195183391908979	-0.6142296101809547	0.6521505389874749	0.146031280741146	0.3678671470804848	22.47001493626711	0.03236945707831006	22.470007710317965	0.03236942505127182	47.69534778937541	-1.0658141036401503e-14	-4.163336342344337e-16	False	False
427	22.470043437533505	0.0278788413718397	2.9126738326239505	10.375091089992187	0.6992392921044166	6.815808371097125	-0.7780537215712207	0.642461061585538	0.021846682221546034	0.14960275709881163	22.470047203489717	0.027878854722930987	22.470043437533512	0.027878841371839668	51.39301841943269	7.105427357601002e-15	-3.122502256758253e-17	False	False
429	22.47007097233737	0.024184725461420017	3.1494334161877062	10.300268702915353	0.7659916392091691	6.96599469032719	-0.3935162582620385	0.7037931181053846	0.11657728692430396	5.336155199315847	22.47007674978367	0.024184745010939313	22.47007097233738	0.02418472546142036	46.51305220064152	7.105427357601002e-15	3.434752482434078e-16	False	False
438	22.470071040416986	0.022379422059887192	2.9657771894769422	10.295440343116084	0.7228425910877351	5.988406321436226	-0.5528605611203928	0.6641477726914109	0.09270593555064713	0.7952315412078771	22.470074882382438	0.02237943450668623	22.470071040416983	0.022379422059887227	45.916863593664374	-3.552713678800501e-15	3.469446951953614e-17	False	False
439	22.47011259933713	0.018326110702763125	3.3404456579240884	8.973897333234069	0.7107819239041704	5.104374349963767	-0.6809303117433554	0.6530664316831517	0.07059766791068388	0.7615226305775744	22.47016665506442	0.018326270099918	22.470112599336407	0.018326110702763194	42.77964105336995	-7.247535904753022e-13	6.938893903907228e-17	False	False
440	22.470070606539934	0.03760685411368379	3.7086934957625255	9.31134778089435	0.7371939316755487	5.739032440553384	-0.6465392976652059	0.6773337844234941	0.33519119764118704	4.747907509710544	22.47010559034702	0.037607051149812394	22.470070606539487	0.03760685411368771	44.047042079331916	-4.476419235288631e-13	3.920475055707584e-15	False	False
441	22.469892057277473	0.04237331889797679	4.258008160178899	9.329518891854718	0.7422615376076372	5.465510713302531	-0.31031820216929656	0.6819899007538971	0.3352577658795547	1.0001985978117447	22.469922461753345	0.04237353282504315	22.469892057276105	0.042373318897976645	41.47459602407451	-1.3677947663381929e-12	-1.457167719820518e-16	False	False
442	22.469887362873035	0.033951381640379315	4.367801115512172	8.874247442464426	0.7169400328705029	5.294550481943218	-0.4656021081013768	0.658724502201418	0.2913451859005074	0.8690184555044032	22.469964917280855	0.033951801923168594	22.46988736287267	0.0339513816403746	42.4133256057257	-3.659295089164516e-13	-4.711508960753008e-15	False	False
446	22.46990382134114	0.04134380618652219	3.614829150396464	8.443070075659845	0.791674742843677	5.511828428408392	-0.44676519991079666	0.7273907537247704	0.3965459524590099	1.3610863389876913	22.470167912116068	0.041345705237448536	22.46990382134788	0.04134380618642489	38.31804672237265	6.73949784868455e-12	-9.729717032058716e-14	False	False
451	22.469828294699063	0.035344054403499366	3.500641462668246	8.31973116115341	0.7100929318871207	5.2019717033145785	-0.5987604557574109	0.6524333858178865	0.11820668233929944	0.29809075494603166	22.470093899099272	0.03534551668410912	22.4698282946977	0.035344054403491094	41.61078369709448	-1.3642420526593924e-12	-8.271161533457416e-15	False	False
452	22.46980723128246	0.03966888206994908	3.2840380050688585	8.236173688041292	0.6548960261064933	5.12059789645869	-0.9185559410376013	0.601718468786646	0.05456000308484366	0.46156445646816396	22.470074945431925	0.03967036055546586	22.469807231282058	0.0396688820699761	45.25968699421268	-4.014566457044566e-13	2.7020052861814747e-14	False	False
453	22.469709461059434	0.03512021531831241	3.3446502467324684	8.017488327391652	0.6966447625358833	5.265563075901994	-0.7874137403833731	0.6400772078179695	0.005853545942963783	0.10728639318185546	22.470230455956077	0.03512291326693146	22.469709461054965	0.03512021531830061	41.399563668880035	-4.46931380793103e-12	-1.1796119636642288e-14	False	False
454	22.469825218691273	0.035455379600078156	3.9741010892033266	7.8034826171509675	0.7070182116597954	5.7407050244520255	-0.709333815303723	0.64960833287302	0.1452379065654596	24.811952956488174	22.4708929626279	0.03546069269992558	22.46982521869599	0.035455379599716494	39.61970299789258	4.718003765447065e-12	-3.6166208916554865e-13	False	False
455	22.46984079486096	0.040218528797725896	3.8924201328646637	8.318236564289654	0.6915731445784955	5.133750092248587	-0.6417438966132826	0.6354174052387216	0.11774996752121625	0.8107385344895868	22.470093142855212	0.040220059417734294	22.46984079485787	0.04021852879772424	42.55028109556713	-3.090860900556436e-12	-1.6583956430338276e-15	False	False
456	22.469833491529148	0.034487930667260795	4.262664781392797	8.473324792485261	0.7098807663964588	4.727019993233399	-0.7658213177973715	0.6522384481650663	0.1708344152776277	1.4508234598607992	22.469975181917288	0.034488762478484945	22.469833491530668	0.034487930667263335	40.54734038496296	1.5205614545266144e-12	2.5396351688300456e-15	False	False
458	22.469829304932823	0.0434645876423782	4.020685247353629	8.388884288936515	0.791674742843677	5.511828428408392	-0.44676519991079666	0.7273907537247704	0.10391887725802844	0.6083017703964803	22.470129452219677	0.04346684866177096	22.46982930494191	0.043464587641978476	38.0751495494629	9.087841590371681e-12	-3.997219222284798e-13	False	False
460	22.469842533404822	0.033181634952640045	3.6985607187337495	8.137863723033878	0.7194665790505334	5.6119649402117115	-0.42756221081203205	0.66104589283163	0.17884806790027918	1.721035413577488	22.470335080667937	0.033184107483539255	22.469842533399785	0.033181634952632204	40.93489671479421	-5.03774799653911e-12	-7.840950111415168e-15	False	False
464	22.469841014959997	0.026587799211800767	3.2397099792942297	8.753602147472073	0.7422615376076372	5.465510713302531	-0.31031820216929656	0.6819899007538971	0.1451781682008928	0.8117402100303381	22.46995366395266	0.026588302830880445	22.469841014956575	0.02658779921176166	40.997603555274814	-3.4212632726848824e-12	-3.910760604242114e-14	False	False
466	22.469881817043063	0.03175136258973002	2.6479320757014326	9.183110677848004	0.7859674066765744	5.643890064555746	-0.3011389353110161	0.7221468532544365	0.42639699428629196	2.9370600247294605	22.46992984657536	0.03175163259772057	22.469881817044225	0.031751362589733344	39.9829008362504	1.1617373729677638e-12	3.3237301799715624e-15	False	False
468	22.469930366969432	0.025856079485808172	3.006096195285217	9.708491983433479	0.7302378259529652	5.932894586486688	-0.3491006371100073	0.6709425144855844	0.2523281401458478	0.5917681023249178	22.469945257637484	0.025856137785704482	22.46993036696971	0.025856079485807065	44.34567205155145	2.7711166694643907e-13	-1.106753577673203e-15	False	False
469	22.469941307204593	0.02959917343030927	2.6383314365898682	9.222031052008512	0.7455134313107947	5.5233916977892505	-0.5400747942210914	0.6849777406883581	0.42595190297130864	1.6880871975876524	22.469981374900478	0.029599363217501746	22.469941307204728	0.029599173430286174	42.47532082802165	1.3500311979441904e-13	-2.309610835915521e-14	False	False
471	22.46996055026599	0.03121083486912512	2.2919958208836366	10.031447539899471	0.7159159927008962	5.459687483058095	-0.6101747140319382	0.6577836140935834	0.3551496326416943	0.833778720471209	22.469966286169083	0.031210862090994742	22.469960550266105	0.031210834869125906	44.33861666025581	1.1368683772161603e-13	7.875644580934704e-16	False	False
472	22.46999594719934	0.03376508796917459	2.830540216995395	10.54744143460281	0.7228425910877351	5.988406321436226	-0.5528605611203928	0.6641477726914109	0.2725551300739551	0.7674374545923642	22.469998130733032	0.03376509853372863	22.469995947199298	0.03376508796917458	45.94087985165852	-4.263256414560601e-14	-6.938893903907228e-18	False	False
473	22.470065975296315	0.03775738062800196	3.219640142067578	10.560094808002482	0.722042725426863	5.232243292064741	-0.6136641463770002	0.6634128561222017	0.4133706108617576	1.516649533434185	22.470067537756165	0.037757390004937844	22.470065975296304	0.03775738062800107	42.952831153567374	-1.0658141036401503e-14	-8.951173136040325e-16	False	False
474	22.469898389665456	0.04417740197107158	2.897707908337481	11.015468302992058	0.7508538927281501	6.241802519849072	-0.5066477806369047	0.6898845566386242	0.1272353606563526	0.30779972574998465	22.469899269993427	0.04417740755335331	22.46989838966548	0.04417740197107166	45.1773847204495	2.4868995751603507e-14	7.632783294297951e-17	False	False
477	22.469965277996803	0.04865467860388233	3.514517854643854	11.221614309776413	0.722042725426863	5.232243292064741	-0.6136641463770002	0.6634128561222017	0.20409932312491458	1.6041084968208035	22.46996562568093	0.04865468125250153	22.469965277996792	0.048654678603882	42.93851576353052	-1.0658141036401503e-14	-3.3306690738754696e-16	False	False
478	22.469916073126914	0.043558408716102844	2.7720431927582423	11.099732084496713	0.7525873904011415	4.265587714981858	-0.4560718500570822	0.6914772943005688	0.33183905012637066	1.6258704097870806	22.46991632314629	0.043558411348700414	22.46991607312688	0.043558408716102635	36.649852824703245	-3.552713678800501e-14	-2.0816681711721685e-16	False	False
479	22.469894568130652	0.040299091279776315	1.9741168253556367	10.904938303762018	0.7228171153542922	3.874479395108332	-0.4146504158475575	0.6641243655875236	0.32467311776983304	0.9784053975750934	22.469894853712592	0.04029909434855727	22.469894568130638	0.0402990912797764	36.18747523646185	-1.4210854715202004e-14	8.326672684688674e-17	False	False
482	22.469876166661702	0.04326430216353914	1.946979813056431	11.754456544695676	0.721213580465063	3.6442287591579436	-0.5800425371391285	0.6626510377312999	0.1799494184606081	0.5542479762312126	22.46987619870693	0.04326430257188221	22.469876166661706	0.043264302163539124	35.54360306441149	3.552713678800501e-15	-1.3877787807814457e-17	False	False
483	22.46988284046058	0.050082510285875285	2.0146893106435537	11.699312775423808	0.7625723304786892	3.6638511145841517	-0.5990647634872434	0.7006514572438196	0.06452729634179497	0.35858574533776744	22.469882870243687	0.05008251089003562	22.469882840460613	0.05008251028587522	33.77807766038298	3.197442310920451e-14	-6.245004513516506e-17	False	False
485	22.46991804604348	0.046716172750455046	1.9317047634538023	11.739300873208729	0.8410725539779402	4.774836328852604	-0.30242803418598385	0.7727774625949314	0.23319820450765735	3.613946619930093	22.469918123667384	0.04671617379175054	22.46991804604351	0.04671617275045494	34.77171115179917	2.842170943040401e-14	-1.0408340855860843e-16	False	False
489	22.47011176104879	0.04249718597063491	2.5224713732590023	11.150309096109936	0.7442234710879753	4.732082866566205	-0.42128336548617124	0.6837925252356316	0.30077823729478664	1.2897965399425286	22.47011207596654	0.04249718858405165	22.470111761048788	0.04249718597063495	39.053790409168734	-3.552713678800501e-15	3.469446951953614e-17	False	False
490	22.4700610062946	0.03042834246875567	2.6166381853931306	10.853875266262895	0.7372459124881552	4.315955385089625	-0.6673296784010214	0.6773815443941169	0.5893385124929643	1.9593788360271744	22.470061465985275	0.030428345472431312	22.470061006294614	0.030428342468756118	38.15681542614355	1.4210854715202004e-14	4.475586568020162e-16	False	False
495	22.469970591976065	0.03275203095978734	2.6219027172744456	11.407665551793743	0.7947928339640147	4.793781229177361	-0.27355009744996783	0.7302556558461366	0.8640863735422294	1.4661970246727174	22.46997075882188	0.03275203229545026	22.469970591976104	0.03275203095978728	36.4680124889389	3.907985046680551e-14	-6.245004513516506e-17	False	False
501	22.470116116267363	0.045765373722020816	2.480542848179709	11.527536335652373	0.7767984530694062	4.679295749927049	-0.30776413175276285	0.7137224186801704	0.22856218748296778	0.2645131256334961	22.470116238860413	0.045765375017812	22.47011611626733	0.04576537372202077	36.91160515012093	-3.197442310920451e-14	-4.85722573273506e-17	False	False
504	22.47013741939545	0.03748949326513612	2.650914483885426	11.794199327126693	0.7228171153542922	3.874479395108332	-0.4146504158475575	0.6641243655875236	0.2266299211511046	0.9915459930046078	22.470137455567144	0.03748949363191714	22.47013741939546	0.03748949326513611	36.10503802171889	1.0658141036401503e-14	-6.938893903907228e-18	False	False
505	22.470113086334155	0.03925592991681105	2.5248589392784866	11.866014186758335	0.8096584730245557	3.8060083311723036	-0.31399745488316716	0.7439142050149617	0.13743501833706234	0.6064292730589095	22.470113094833064	0.03925593031312457	22.47011308633416	0.039255929916811	31.800612200220055	3.552713678800501e-15	-5.551115123125783e-17	False	False
506	22.46997113540827	0.03298438963665416	1.9150144466539365	11.238161068109475	0.7525873904011415	4.265587714981858	-0.4560718500570822	0.6914772943005688	0.6838999675349159	4.97616965319302	22.469971314191476	0.032984391084070905	22.469971135408276	0.03298438963665395	36.756950475219796	7.105427357601002e-15	-2.1510571102112408e-16	False	False
508	22.46985135847331	0.025224534180013254	1.1917415841957277	10.548445267783892	0.732759725699023	4.2581197196859	-0.42941338320513417	0.6732596359722623	0.13509507682111993	0.19753631120654028	22.469852274974105	0.025224539364605482	22.469851358473452	0.025224534180012935	37.69749475952292	1.4210854715202004e-13	-3.191891195797325e-16	False	False
511	22.469910378972465	0.039612651412308165	0.8915796522171224	9.923688389376306	0.6682055799363241	4.271200379430755	-0.5369404202039464	0.6139472868454946	0.37019931732501127	2.74028725573171	22.46991459763016	0.039612679836815275	22.469910378972443	0.03961265141230808	41.65117052486289	-2.1316282072803006e-14	-8.326672684688674e-17	False	False
514	22.469877110172433	0.03261805495773263	0.7440912949726411	10.249307667606107	0.7248473656425911	2.709058479963023	-0.5940846085110328	0.6659897595524127	0.06961300336748498	0.18804195499466367	22.469876937448248	0.03261806117960626	22.469877110172437	0.032618054957732734	30.483102231440657	3.552713678800501e-15	1.0408340855860843e-16	False	False
517	22.469779432935912	0.03655108751614569	0.877093442766844	9.666673936843303	0.7050059897825985	3.6769829256358775	-0.4736940563635764	0.6477595034122515	0.03953809352496606	0.5679699425730225	22.469783980476397	0.03655113037328389	22.46977943293596	0.03655108751614552	36.40697225128025	4.973799150320701e-14	-1.734723475976807e-16	False	False
518	22.46974397676472	0.038149466630412264	0.7839871869242396	8.914868851326116	0.6945799742466587	4.227247138803346	-0.6972366974736895	0.63818008033783	0.016399389465024936	0.41477441128186043	22.469785278869946	0.038149751905786254	22.46974397676478	0.03814946663041217	40.042047919290155	6.039613253960852e-14	-9.71445146547012e-17	False	False
519	22.46980605290491	0.029700612771303106	1.073763921459763	9.300873491969512	0.739972720202424	5.0353169057455265	-0.46678816235963055	0.6798869353219872	0.07025751574418661	4.284154351844938	22.469833160609408	0.029700753084043397	22.46980605290572	0.029700612771305434	40.769217577716674	8.100187187665142e-13	2.327998904760875e-15	False	False
521	22.469941142994767	0.02921939957941007	1.2177702991457977	9.840177136727077	0.7556656267830993	4.6780658860617805	-0.33063903342974504	0.6943055778883116	0.6424893438454697	9.144777424024303	22.469947328494218	0.029219437751425995	22.469941142994823	0.02921939957940658	38.078179034364894	5.684341886080802e-14	-3.490263633665336e-15	False	False
522	22.469930931400054	0.04188681994577337	1.1398233384175733	9.765743859473961	0.7607361097434797	5.329387390964823	-0.25093388096880065	0.6989643376323091	0.6572847216069876	1.0230282072430394	22.46994184893227	0.041886900901281124	22.46993093140052	0.041886819945773084	40.17519633143754	4.654054919228656e-13	-2.8449465006019636e-16	False	False
523	22.469990262009635	0.04308574263298218	1.6588793500153955	9.432183721503515	0.7072742701734194	6.028232147612949	-0.6583265942516168	0.6498435994353376	0.12888297765516862	0.19608393960544857	22.470018505558368	0.043085908274574654	22.46999026200977	0.043085742632979374	47.29023543904468	1.3500311979441904e-13	-2.8033131371785203e-15	False	False
526	22.469963555670525	0.05011749286959996	1.7885865031094628	9.957321181469517	0.7428305603807696	6.7930443308589705	-0.36176634955346954	0.682512718877851	0.07011502950906542	0.5440208690449478	22.469975505297203	0.05011757371971526	22.469963555670674	0.05011749286959998	47.09346933182976	1.4921397450962104e-13	2.0816681711721685e-17	False	False
528	22.470041301668683	0.045336200159093294	1.801050021868184	10.026861513077998	0.7194665790505334	5.6119649402117115	-0.42756221081203205	0.66104589283163	0.24565251094987184	3.503564252484705	22.470047798876685	0.04533624425843253	22.470041301668434	0.04533620015909297	44.1751569030887	-2.4868995751603507e-13	-3.2612801348363973e-16	False	False
529	22.469980218000515	0.047141556576458375	1.6351072316473454	9.975762767772112	0.7384331722020001	5.793396075982275	-0.5742884447469337	0.6784723986191976	0.19431697227091657	0.7910237575815748	22.46998832184148	0.04714161267609224	22.469980218000362	0.04714155657645454	44.41355572499459	-1.5276668818842154e-13	-3.837208328860697e-15	False	False
530	22.469987260006214	0.03354304970923172	1.7849481196968715	10.06960873804762	0.732194203335818	6.0898449604336005	-0.47713054353139134	0.6727400340249495	0.310530459077758	1.5980614325588436	22.469994268929288	0.033543083636524154	22.469987260006203	0.033543049709231235	45.599928853834605	-1.0658141036401503e-14	-4.85722573273506e-16	False	False
532	22.470015469458193	0.024461004773934633	2.0679075274484755	9.952181072639098	0.7442234710879753	4.732082866566205	-0.42128336548617124	0.6837925252356316	0.47136028667530144	1.51791965295511	22.47002032083053	0.024461028423940174	22.470015469458332	0.02446100477393379	39.073860303255785	1.3855583347321954e-13	-8.430756093247282e-16	False	False
533	22.470021362077848	0.028591423385232732	2.382650795241692	9.828062523682378	0.7159159927008962	5.459687483058095	-0.6101747140319382	0.6577836140935834	0.33445795096441094	0.7095590367264091	22.470030477499886	0.028591463143160214	22.470021362078104	0.028591423385232507	44.30322521837908	2.5579538487363607e-13	-2.255140518769849e-16	False	False
535	22.469903857008426	0.03230767650463916	2.1803784444179404	9.740707127703859	0.7745456098390299	5.3452259913273	-0.5093132994005647	0.7116525063201006	0.4245036447481672	1.2692287431771592	22.469915574496017	0.03230774321946302	22.469903857008482	0.032307676504635376	40.44641961401087	5.684341886080802e-14	-3.7816971776294395e-15	False	False
537	22.469946845510037	0.04493048942381163	2.606948149022768	9.212599777327997	0.7575670930445466	5.74881407687313	-0.2044050208150078	0.6960526450893294	0.6097139580775349	1.43629852327709	22.46999298877291	0.04493083020109422	22.469946845510915	0.04493048942381073	41.337955226443924	8.775202786637237e-13	-9.020562075079397e-16	False	False
540	22.470058483332576	0.04666057200905335	2.3584561424526425	9.05942554376486	0.739963793119355	6.267383669596871	-0.3662938993282598	0.6798787331180633	0.18968303084726665	0.31110167043796855	22.470137106337997	0.046661097814910006	22.470058483331876	0.04666057200904261	44.80415203013564	-6.998845947236987e-13	-1.074140776324839e-14	False	False
541	22.470037147799747	0.047139014439673006	2.584450475982571	9.12372610222675	0.8045125373113804	4.996498826152213	-0.25518280277192507	0.7391861192816963	0.43534195123735864	2.295102251860881	22.470075996000364	0.04713942422971295	22.470037147800454	0.047139014439674234	36.53725851576276	7.069900220812997e-13	1.2281842209915794e-15	False	False
542	22.47006270547654	0.04946897540361418	2.5816771648176187	10.045824755558082	0.7378568363045958	4.265163820892422	-0.3662891250617019	0.6779428611966626	0.23081137603282573	0.5301840894882698	22.4700656443715	0.04946900857235908	22.4700627054765	0.049468975403616784	37.04850141565305	-3.907985046680551e-14	2.6020852139652106e-15	False	False
543	22.469970990938368	0.04278304468817293	2.0900191362700133	10.352371002752884	0.7739834216792824	3.9022607094813186	-0.6175257492637144	0.7111359678389246	0.3678470021815423	1.5937126172205114	22.46997187980613	0.042783057738854935	22.469970990938354	0.042783044688173684	34.4662148776536	-1.4210854715202004e-14	7.563394355258879e-16	False	False
544	22.469857254641408	0.04619077828512219	1.5576755463467036	9.491682735590006	0.7194626747858593	3.249215523534922	-0.690850057104494	0.6610423055932475	0.07936161203741433	0.21574625201987443	22.469860461113576	0.04619084323438808	22.469857254641422	0.04619077828512057	33.72736442233846	1.4210854715202004e-14	-1.6237011735142914e-15	False	False
546	22.469893703851845	0.05123807630099048	1.790979050005099	9.965347452840225	0.6887274025591907	3.545767049018147	-0.6744907763527103	0.6328027374713844	0.10772890258478797	1.3574434770049797	22.469895785865035	0.05123810213539839	22.46989370385184	0.051238076300990434	36.85047905239676	-3.552713678800501e-15	-4.85722573273506e-17	False	False
547	22.46995618892848	0.050661190579042656	0.9967404683559163	9.724620000453314	0.6604175590245023	2.3943451818465724	-0.6625791899026273	0.6067916532317127	0.0680920385913031	0.6320684324962031	22.469956171210033	0.05066121313753713	22.469956188928926	0.0506611905790618	31.351988550578916	4.440892098500626e-13	1.9144408280880043e-14	False	False
553	22.47000461530874	0.059868873788143165	1.4859707483117193	10.222712132716968	0.7221882547517313	2.1204524605971335	-0.6872302565334916	0.6635465684658907	0.0016302726581277382	0.02394219194864818	22.470003679869446	0.05986888088933469	22.47000461530871	0.05986887378814217	26.70766200645696	-2.842170943040401e-14	-9.922618282587337e-16	False	False
556	22.469925480410314	0.05862522278221932	1.1552770013178462	10.242832801674263	0.7002565673154683	2.566222498981289	-0.768181345923377	0.6433957340494522	0.010941678812191004	6.711563711530811	22.46992541566515	0.05862523216111534	22.46992548041034	0.058625222782220196	30.752380005282223	2.4868995751603507e-14	8.743006318923108e-16	False	False
558	22.46986992134786	0.04423425583160612	1.1985401673040879	10.088546892460071	0.7345146637971609	2.1229533947381825	-0.7657075748562157	0.6748720730968314	0.00840316650422212	0.7679960862001796	22.469868473544064	0.04423426291952254	22.469869921347907	0.044234255831605854	26.390757808442615	4.618527782440651e-14	-2.636779683484747e-16	False	False
560	22.469926052583688	0.029244135633313947	1.880537907329473	9.67113669050649	0.6798779020650653	3.15000770242689	-0.7614926570528873	0.6246718164173819	0.4534476656744145	53.96152336700486	22.46992830471148	0.029244158285415555	22.46992605258379	0.02924413563331392	35.16843513886487	1.0302869668521453e-13	-2.7755575615628914e-17	False	False
561	22.469909610149998	0.02508779601850645	1.838947936052602	10.022267814161793	0.7196502547445	4.234817096411678	-0.7952874298848005	0.6612146540592465	0.37475419782323255	0.8264552366056602	22.469912549329877	0.02508781104485689	22.469909610150022	0.02508779601850638	38.95849089294993	2.4868995751603507e-14	-6.938893903907228e-17	False	False
562	22.46994180563936	0.047574628793564486	1.5940224963736243	9.567813956643425	0.6852526994173485	3.5032761230049942	-0.8780461101526423	0.6296101802246598	0.43584147994639005	1.1630062651145316	22.469946663310335	0.047574683562696445	22.469941805639134	0.04757462879356279	37.092000225056616	-2.2382096176443156e-13	-1.6930901125533637e-15	False	False
569	22.46998448299572	0.047475093761534824	2.6227399292096854	9.4622723536203	0.7329363729305414	3.870872420557217	-0.7307536367153381	0.6734219394485814	0.3501825973005964	0.8034632163594664	22.46999238952297	0.047475189513329435	22.469984482995898	0.04747509376153468	36.229209982119855	1.7763568394002505e-13	-1.457167719820518e-16	False	False
572	22.469923236984652	0.04468299059214141	2.043818804810485	9.285979126290792	0.7159159927008962	5.459687483058095	-0.6101747140319382	0.6577836140935834	0.19237122426938927	0.5493454721973462	22.469956098040143	0.04468320957261677	22.46992323698479	0.04468299059213753	44.170840234469885	1.3855583347321954e-13	-3.878841692284141e-15	False	False
573	22.470045932084965	0.04003233665604071	2.4209445317647837	9.786222795679631	0.7514979741929042	6.858188527297589	-0.37227472175747545	0.6904763386884404	0.2046178461509856	1.063661402208714	22.47006388385708	0.040032435511740204	22.470045932084894	0.040032336656040286	46.779445465397295	-7.105427357601002e-14	-4.2327252813834093e-16	False	False
576	22.469974423852147	0.03477106757706641	1.6976061624601457	9.676673294907962	0.72082442923654	6.150893380143426	-0.4732301047846764	0.6622934855825329	0.23673152755299573	1.156944675188858	22.46999177656491	0.0347711524740814	22.469974423852065	0.03477106757706773	46.42352957808191	-8.171241461241152e-14	1.3183898417423734e-15	False	False
577	22.470045666159336	0.03029912103181847	1.9300749815511318	9.98926372821484	0.7371939316755487	5.739032440553384	-0.6465392976652059	0.6773337844234941	0.33688470874900184	1.4230665101148616	22.470053026726166	0.03029915449098934	22.470045666159393	0.030299121031818338	44.4242785515743	5.684341886080802e-14	-1.3183898417423734e-16	False	False
578	22.47008997070174	0.029480089904068658	1.9534576521415468	10.124643217780598	0.7575670930445466	5.74881407687313	-0.2044050208150078	0.6960526450893294	0.604910437581328	1.7956007556045546	22.470095456732317	0.02948011707914595	22.470089970701785	0.029480089904068762	41.65914652281693	4.618527782440651e-14	1.0408340855860843e-16	False	False
