Step	Time_elapsed
1	0.0
2	1582678951.7984416
3	823.0151023864746
4	1064.7446053028107
5	1019.2176945209503
6	1043.2530817985535
7	820.6770708560944
8	917.0222661495209
9	1280.8638172149658
10	1722.7947626113892
11	1042.7149996757507
12	1060.4670917987823
13	1090.8453238010406
14	1030.2030515670776
15	1250.3876028060913
16	898.4989120960236
17	1063.0810599327087
18	2529.5912482738495
19	1012.0485572814941
20	1558.200707912445
21	2416.2705936431885
22	1915.8213386535645
23	1535.3406143188477
24	1594.6137163639069
25	2012.4640901088715
26	1380.965894460678
27	1381.7058079242706
28	977.9779398441315
29	1115.6773173809052
30	888.9995248317719
31	905.062469959259
32	909.0824558734894
33	1203.6338205337524
34	851.2909495830536
35	1391.1114864349365
36	839.39164686203
37	896.293327331543
38	859.403270483017
39	954.8141462802887
40	1314.5512199401855
41	1314.5512199401855
42	914.8862547874451
43	1325.4495842456818
44	1020.8364109992981
45	1025.3832006454468
46	1040.4301402568817
47	1330.1607432365417
48	1082.6164739131927
49	1422.065768957138
50	1095.4657156467438
51	1447.7163562774658
52	1158.151215314865
53	1310.3630471229553
54	1185.6331310272217
55	936.2564613819122
56	912.495628118515
57	1267.5173962116241
58	949.2241775989532
59	2656.681475162506
60	866.138126373291
61	924.5808215141296
62	892.4968123435974
63	1038.4222569465637
64	1195.0096068382263
65	1509.822313785553
66	1050.807109594345
67	1572.420202255249
68	1427.5624599456787
69	4110.876282215118
70	1454.9153208732605
71	1009.731969833374
72	1402.997680902481
73	1380.9097723960876
74	1340.8570849895477
75	1445.612374305725
76	1011.6322023868561
77	1149.0754878520966
78	1578.8188848495483
79	1286.293975353241
80	1349.0735399723053
81	1889.936548948288
82	976.9815993309021
83	1101.9183287620544
84	949.0646166801453
85	972.5671925544739
86	943.4660828113556
87	915.04829621315
88	1202.1902616024017
89	912.0080597400665
90	877.7397656440735
91	838.0828218460083
92	772.4519901275635
93	1132.5395843982697
94	916.4003477096558
95	1513.6154327392578
96	1170.6130089759827
97	1466.8566482067108
98	1389.2426617145538
99	1130.3560726642609
100	1198.2406015396118
101	1668.2621245384216
102	934.0341823101044
103	1090.3844788074493
104	946.6143589019775
105	977.6149260997772
106	923.9262156486511
107	837.6256265640259
108	629.2129769325256
109	924.8046591281891
110	1277.5101590156555
111	1272.1614444255829
112	1016.076907157898
113	1258.9780011177063
114	977.6973247528076
115	714.4970977306366
116	799.7315344810486
117	726.6557800769806
118	971.5319156646729
