Iteration_step	Porb	eccentricity	Wdisk	logQ	primary_mass	age	feh	secondary_mass	posterior_probability	acceptance_ratio	inital_orbital_period	initial_eccentricity	current_orbital_period	current_eccentricity	current_spin	delta_e	delta_p	bad_solution_flag	gsl_flag	
2	20.14892268777047	0.26189454190619127	3.3696557364919557	6.720745124956599	0.9403909069024972	8.118373658072361	-0.14483909528990535	0.4879688415917058	nan	0.0	nan	nan	20.14892268777047	0.26189454190619127	nan	nan	nan	False	True
3	20.14903658264611	0.259338730778752	4.918121042848042	6.240185410668154	0.9093245065562963	7.179259462253254	-0.19010863641429696	0.4718484864520622	0.0	0.0	20.314679619438735	0.26700099111989395	20.149036582129465	0.25933873076582875	14.501956325104173	-5.166462813122052e-10	-1.2923273562392978e-11	False	False
4	20.149110726329777	0.2594729310068258	4.064211489234629	6.102909516918983	1.0350991104768874	5.1489330018725115	0.03005308251801614	0.5371129284264569	0.4996180009676515	0.03675184584779558	20.321246240552604	0.2698520308470803	20.149110721486306	0.25947293088494316	13.43274048099087	-4.843471401727584e-09	-1.218826151117014e-10	False	False
5	20.148936636776963	0.26138028797791296	4.712375411337454	6.6671036178092775	0.8614695255247151	6.051959977779128	-0.18135171493532906	0.4470165367947747	0.0	0.0	20.190095871764417	0.26301953512111537	20.14893663692567	0.26138028797320956	20.148936636925672	1.4870593645355257e-10	-4.7034043326732444e-12	False	False
6	20.149120068722528	0.26147219519885007	3.933469935313175	6.7432095025520935	0.9534176255270804	6.664043866382252	0.15069999827388872	0.49472840588600203	3.5522778432647635	0.2613051720541574	20.197441356794386	0.2635856090933655	20.149120068216433	0.2614721951838772	20.14912006821643	-5.060947216861678e-10	-1.497285628815348e-11	False	False
7	20.148871977301365	0.2627058820186381	4.576908604067726	6.32119438052091	0.9689344895136337	5.420796943485194	0.07287183424140337	0.5027801066086246	0.0	0.0	20.24528021266262	0.26753330607641157	20.14887204856617	0.2627058833351611	14.54885711028793	7.126480383590206e-08	1.3165230017264662e-09	False	False
9	20.149146695246266	0.2625515201142235	3.0723392780307575	6.366343495987061	0.9164784311141208	7.949083364038952	0.1534078727035501	0.47556065790511726	0.6628751604240243	0.08662283253062573	20.27999944895043	0.2682536767041588	20.149146693899763	0.2625515200883526	16.451932853315526	-1.3465033532611415e-09	-2.587091652017648e-11	False	False
11	20.149051984718362	0.26266727154136904	3.901476443984717	5.498466898171175	0.9614557107279689	6.666679506491047	0.027908852321518574	0.4988993682967431	nan	0.8778925554887704	20.149051984718362	0.26266727154136904	19.564465966232113	0.22105861175591926	nan	-0.5845860184862488	-0.04160865978544978	True	False
13	20.14906591234129	0.2604364262567967	3.1902317429805933	6.3978676205140275	1.0059712934792684	5.727184818811906	-0.008375531323699836	0.5219985041863924	nan	0.7214134425160709	nan	nan	20.14906591234129	0.2604364262567967	nan	nan	nan	False	True
14	20.14901722121303	0.2625251745962012	3.0539850966333306	5.871630588074164	1.0218607552115042	5.806409637696753	0.08385352139916288	0.5302435458792496	nan	0.7214134425160709	20.14901722121303	0.2625251745962012	19.846569570577042	0.24301164421428978	nan	-0.3024476506359868	-0.019513530381911448	True	False
17	20.149280448562585	0.2630089816422904	3.029051692309075	7.000780732204543	0.8938588993528891	3.978653486088752	-0.11491503308824305	0.46382338287421415	0.004124165803767445	0.01237280367735107	20.161003454731752	0.2634633682823815	20.14928044848456	0.2630089816402494	20.149280448484568	-7.80246978138166e-11	-2.0410340084708878e-12	False	False
18	20.14916422918017	0.2636212906984541	3.3636923643418033	5.424083421839134	0.8845606878684512	4.362356424948354	-0.20899969562958348	0.45899854093493936	nan	0.01237280367735107	nan	nan	20.14916422918017	0.2636212906984541	nan	nan	nan	False	True
21	20.14902896274592	0.2645253342461661	2.419475779278717	7.144393589406059	0.9217734274403597	5.856281990164103	-0.026502883722449265	0.4783082314988027	0.022157122290079587	0.034934048715825436	20.17019036898742	0.26518109988468175	20.14902896280306	0.26452533424810043	20.149028962803065	5.714184680982726e-11	1.9343415758044102e-12	False	False
22	20.149203001641787	0.262646289369867	2.3482658081271386	7.48195331435196	0.7592800998902621	4.924308687566534	-0.37008217520171505	0.39399044383305704	nan	0.034934048715825436	20.17019036898742	0.26518109988468175	20.14902896280306	0.26452533424810043	20.149028962803065	5.714184680982726e-11	1.9343415758044102e-12	False	False
23	20.149209861427273	0.263926098155379	2.3906627874676167	5.4091700162129195	0.8166890550249974	5.477910941481098	-0.43206275807046923	0.4237799506524712	0.0031229102302580115	0.004923739495170297	20.554793625331147	0.28588116451341916	20.149209859631327	0.2639260981043283	13.432806573087554	-1.7959465026251564e-09	-5.105066369637257e-11	False	False
24	20.149154614392437	0.2648624900554902	1.7188919635236175	6.340176609306035	0.8789624328409961	5.988149314862859	-0.02825639200715993	0.4560936064011929	0.00114959628636832	0.0018125121189363012	20.235969716961897	0.2685955933974398	20.149139430222192	0.26482137462899397	17.299762106103934	-1.5184170244708639e-05	-4.1115426496207697e-05	False	False
25	20.14923574502569	0.26266428634729233	2.09037032824889	6.212625549418131	0.940307970901441	4.588101681553591	0.10935639109118969	0.48792580610075775	0.026578380085547044	0.04190482918045446	20.230036009772032	0.26692487067267384	20.149235744227713	0.26266428633257793	14.773452940762832	-7.979750193953805e-10	-1.4714396368020743e-11	False	False
26	20.14917593135255	0.26507139423302667	1.81321994207853	6.957587808147407	0.900751468450131	5.760166988095304	-0.13104106829768347	0.46739993697877297	0.00027227191176921155	0.000429277778276973	20.17646025087128	0.2660281235565894	20.149175931194865	0.26507139422876747	20.149175931194865	-1.5768364391988143e-10	-4.259204100520719e-12	False	False
27	20.149193083682132	0.26398442429596014	1.121404306042171	6.135071070788713	0.8171737804645766	4.9409922549866625	-0.22623057095435178	0.4240314746830688	0.011112027229438142	0.017519788692892415	20.21183161227625	0.26403452078798706	20.13393991471097	0.2603542240445839	18.05501926958706	-0.015253168971160136	-0.0036302002513762255	False	False
33	20.14921975542413	0.26234937214726844	4.315375613428114	6.399571231485478	0.9628273427895245	4.685451462169713	-0.0009464442882574642	0.4996111081734843	nan	1.0612160150427554	nan	nan	20.14921975542413	0.26234937214726844	nan	nan	nan	False	True
35	20.148824257484694	0.26144004140801436	3.1870249335716467	5.467369684817072	1.0475946136382006	3.329887634982816	0.21623839060781133	0.5435968450168623	nan	7.977005340304527	nan	nan	20.148824257484694	0.26144004140801436	nan	nan	nan	False	True
36	20.14912141770944	0.263319991836113	3.3688959188043	5.3139815138530695	0.7880096329318044	3.964875156154798	-0.40942117433671665	0.40889819852831333	0.1815308363971066	0.06297426166568795	20.400930562957218	0.27889438366228564	20.149121414304055	0.26331999175797655	13.432747609536042	-3.405386195254323e-09	-7.813644176124512e-11	False	False
38	20.149053594490972	0.2626132501974954	2.053716303429954	5.162906013721212	0.910732802359983	3.3535602359859498	-0.05872306665417655	0.4725792511445952	nan	0.6784161351674851	nan	nan	20.149053594490972	0.2626132501974954	nan	nan	nan	False	True
40	20.14909903049973	0.2620195968743407	2.6608183290375393	5.889463722861653	0.9070910551723507	4.264749957689576	-0.008803894823897845	0.4706895485289328	1.3049055119720163	0.9457052759394314	20.274511564776386	0.2693132402674711	20.149099029489374	0.2620195968559113	13.43273268632625	-1.0103562431140745e-09	-1.842936914187021e-11	False	False
41	20.148806259534254	0.26327400568198617	3.010032373393707	6.639002775152743	0.8380345873347865	3.184939293867867	-0.12195639306109739	0.43485614736802075	0.0677633787964453	0.04911021085843555	20.160532495943706	0.26389057732387955	20.14880625934851	0.26327400567631687	20.148806259348508	-1.857429765550478e-10	-5.669298364097131e-12	False	False
42	20.14885632929958	0.26394073986099376	2.582406306179132	5.602179865910111	0.9847383055177626	3.7662307069534537	0.12664415941707138	0.5109807067331671	0.013828623193719646	0.010022029789356514	20.36810078721248	0.2790169581345675	20.148856328412354	0.2639407398217476	13.432570885608241	-8.872262924342067e-10	-3.924616187589436e-11	False	False
43	20.149093140178262	0.2643836776330671	3.180722157655796	5.265473858457798	0.9746025318737253	3.4198284499033607	0.15627933788780035	0.505721253789276	0.009395582516649252	0.006809268468098882	20.514859449892924	0.2911021073016089	20.149093145695716	0.2643836778048973	13.432728763797147	5.517453161019148e-09	1.7183021672195764e-10	False	False
45	20.149056538045013	0.2638076726084073	2.62501452300378	7.104945347899218	1.1041095444480942	5.157662433598277	0.2838196611415302	0.5729224426141161	0.26251310120004623	0.030267606384453007	20.17144339998134	0.26497113908537545	20.149056537891397	0.26380767260606636	19.90307651741786	-1.5361578675765486e-10	-2.340960758573374e-12	False	False
52	20.149200567261147	0.26020971357411743	2.0956620698365964	6.950795110474261	0.9175035014949093	4.105760649690135	-0.03697199355780906	0.4760925669257085	0.4473168317544848	0.057303713890149634	20.162583546292574	0.26078453253972644	20.149200567345417	0.2602097135773129	20.14920056734542	8.427036846114788e-11	3.1954439094761256e-12	False	False
54	20.149150194652137	0.2620289583091699	2.0094910006503692	7.089697110550103	0.8580272585020635	6.38862757472214	-0.23638435156671211	0.44523034443672077	1.3427289873341242	0.1230996756479175	20.174605626194698	0.2626898125611534	20.14915019481495	0.26202895831280926	20.14915019481495	1.6281376247206936e-10	3.639366585872494e-12	False	False
56	20.148906416878862	0.26342216937133495	2.115303722086696	7.2381744590818125	0.8312700396491505	7.5822023352640215	-0.06806858284050765	0.4313460235739442	0.25813586854822035	0.05546586027365296	20.173452064421216	0.2639175970159842	20.148906416781067	0.26342216936894924	20.725753304428224	-9.779554943634139e-11	-2.3857027464657676e-12	False	False
58	20.148922507421652	0.2625396448291759	0.41982150801790685	6.5921743919167675	0.8456667493342883	5.097390430624053	-0.29006075684456134	0.4388164762295622	0.0	0.0	20.188640694722476	0.26411643251379807	20.14892250729298	0.26253964482567776	20.148922507292983	-1.2867218401879654e-10	-3.4981462171401745e-12	False	False
60	20.148875427505587	0.260286890184544	1.6339296081143415	6.461068625907266	0.9478204230768686	6.337854893989709	-0.03250432945280482	0.49182401753458715	nan	2.231216611625961	nan	nan	20.148875427505587	0.260286890184544	nan	nan	nan	False	True
63	20.149135680331163	0.2588909056087313	1.2634616726691625	6.061026240787356	1.112020334930463	6.408507696518934	0.3427218450159334	0.5770273517954172	0.14653881434090088	0.04093758926047176	20.477907515132987	0.2776053794082348	20.149135681013128	0.25889090562833283	13.43275712067542	6.81964706927829e-10	1.960154261126945e-11	False	False
67	20.14893370306786	0.25768982014345077	0.7677920900840038	5.998950955906508	0.9141164184689397	7.400161655104547	0.07206183922085378	0.4743350095435328	0.011167836693629257	0.015924372289955756	20.409960184105245	0.2701183851898559	20.148933700636018	0.25768982007779234	13.432622467090681	-2.4318431712799793e-09	-6.565842314287806e-11	False	False
68	20.148970356972708	0.25793930857890673	0.5810732256377718	6.495391236030141	0.9447182631671063	7.615565397733009	0.10282695067827673	0.49021430675741146	0.11882725058483264	0.16943741464129577	20.25363285794172	0.26260859746191445	20.148970463059964	0.25793931057677744	18.05205332197498	1.0608725631300331e-07	1.9978707022083597e-09	False	False
69	20.14896269410917	0.25825387546040657	0.7669771129399043	5.469427753120743	1.020833463919232	6.997689096021891	0.1763527935437627	0.5297104844276895	0.08743918508332119	0.12468073935854217	21.2558665208083	0.3156412147302625	20.148962691276502	0.2582538752891018	13.432641794184336	-2.8326674339496094e-09	-1.7130474816440255e-10	False	False
75	20.148770173164735	0.2604974346963768	1.3529062504305156	5.517281269165768	1.033288871578492	8.752182284378312	0.3071783601813959	0.5361735954620795	0.07768912438002208	0.274531479302383	21.56595517855476	0.3303152343618178	20.14877017474421	0.26049743472453546	13.432513449829472	1.5794761054621631e-09	2.8158642084719077e-11	False	False
76	20.148830243266428	0.2598637003847484	2.992499362824117	6.284420805490494	0.9092122652390977	8.544008819554552	-0.15130364299600646	0.47179024443256784	0.28481557829648035	0.3826524521972249	20.357420629890022	0.2690104865167584	20.1488302466134	0.2598637004527285	14.145601610317923	3.346972476947485e-09	6.798012153197419e-11	False	False
79	20.14893748228877	0.2597077286271106	1.1567791474186406	4.869614615970871	0.9197034208587002	7.672774220936825	-0.12365240006444106	0.47723410508357955	nan	1.3950698024374393	nan	nan	20.14893748228877	0.2597077286271106	nan	nan	nan	False	True
80	20.148900558919028	0.2611757140741298	1.3101578283700914	4.524856327084672	0.9186334239639313	9.690141575253397	0.09795719515541562	0.476678883694884	nan	0.0	nan	nan	20.148900558919028	0.2611757140741298	nan	nan	nan	False	True
82	20.149074007135827	0.2598787741499193	1.2000999297218686	5.7835363155528094	0.9197490865416159	6.730299136153655	-0.14132749700009584	0.47725780100644455	nan	0.9983501288097686	nan	nan	20.149074007135827	0.2598787741499193	nan	nan	nan	False	True
83	20.149183486677973	0.2595169820535231	-0.442773029677631	5.946562037478915	0.946214117447813	8.120397829300497	-0.05093223252839471	0.4909905055436702	0.0	0.0	20.698559102950796	0.28173008135562344	20.149183488567385	0.2595169820622832	13.432788992378256	1.88941129408704e-09	8.760103753502335e-12	False	False
84	20.14914987507476	0.2620360010487433	0.9311711271825687	6.038515517087098	0.8184436134701589	8.460293472727349	-0.4288286657600166	0.4246903910296655	0.8762778266527714	0.247677846766384	20.401332633219695	0.2725861968047088	20.14914987565368	0.26203600106411357	14.286194127366729	5.789217993878992e-10	1.5370260619818055e-11	False	False
86	20.14922753140338	0.26068317104403227	0.5941653869794679	7.345344012328697	0.877335657440729	7.492354730112774	-0.10766435414025788	0.45524947264599436	0.17738730770083366	0.03637582238943812	20.172943073383866	0.2611645420132276	20.149227531480985	0.26068317104552363	20.14922753148099	7.760547759971814e-11	1.4913625889789728e-12	False	False
87	20.149296779262716	0.2602589290828604	0.6359905401575382	6.8181701628943285	0.9602671920906339	8.333663398528026	0.03601821703006125	0.49828264597583	nan	0.03637582238943812	nan	nan	20.149296779262716	0.2602589290828604	nan	nan	nan	False	True
89	20.14907567023158	0.26075844104676255	0.9263198177397779	7.499998180436186	0.8586100692515252	8.424247300323415	-0.10579112590730645	0.4455327649346164	2.2176496475095107	0.4639874468280357	20.16731622105017	0.2611184114169161	20.149075670240812	0.26075844104710916	23.27433445626993	9.233502851202502e-12	3.4661162828797387e-13	False	False
90	20.149153982048805	0.2614458660276647	0.35881751112070787	7.586832485162408	0.9294394164930576	8.908017678496266	0.11182828293095812	0.4822861132182476	0.0	0.0	20.170394334065644	0.2618703515400381	20.149153982034182	0.2614458660275208	21.508418022675034	-1.4622969501942862e-11	-1.438849039914203e-13	False	False
91	20.149110381202224	0.25956694882099646	1.8024938741302559	8.039802534434783	0.9331870395240003	7.598649930903736	-0.13669189561962858	0.4842307548090038	0.009994718880985621	0.002091143702775798	20.155966630238755	0.2597050163066275	20.14911038120438	0.2595669488210009	28.246231348889722	2.156497203031904e-12	4.440892098500626e-15	False	False
92	20.149062374569812	0.2623090066561714	0.35741642080729413	7.819681392326753	0.899137751905674	9.287982400390845	0.044494194595753295	0.46656257946385427	0.0	0.0	20.161109464018544	0.2625462941752738	20.149062374580286	0.26230900665638024	27.17804164600194	1.0473399925103877e-11	2.0883295093199195e-13	False	False
93	20.148980827318862	0.2637380072271639	0.341760611773122	6.463940284547618	0.8995258315950203	8.432547029142997	-0.17530226110940972	0.4667639540146561	0.0	0.0	20.29851313022777	0.2696761692977006	20.148980827051243	0.26373800722217033	16.047719429682484	-2.6761881599668413e-10	-4.993561120159029e-12	False	False
96	20.148872862400108	0.26299975884319465	0.8196565625686236	7.16109652466534	0.892479575590176	8.395589911117689	0.07873790901567711	0.46310765177374236	0.43278637141642895	0.11636028937841177	20.183618125847005	0.26388395982008184	20.148872862763803	0.2629997588517494	20.148872862763803	3.636948520124861e-10	8.554768005097912e-12	False	False
97	20.14876880511183	0.2608493582031224	0.2545800246094956	7.068589662616574	0.877335657440729	7.492354730112774	-0.10766435414025788	0.45524947264599436	0.0	0.0	20.184782090952318	0.2618299873878169	20.14876880500253	0.2608493581999033	20.148768805002536	-1.0929923632829741e-10	-3.2190916599006414e-12	False	False
100	20.14899515855433	0.2632687076981948	2.3830159525822	7.625936657911459	0.9883151640890085	7.635766970194645	0.24872055727761996	0.5128367386457866	0.9804145324928012	0.2656030276581977	20.165893925447712	0.26362881263540916	20.148995158592793	0.26326870769967753	20.601194779561197	3.846167828669422e-11	1.4827028493868966e-12	False	False
101	20.148822934405803	0.2627463885786718	1.7323585649501339	7.088292554250991	1.0220802155527917	8.20052102122336	0.2659297555802285	0.5303574238503437	0.2732032104619346	0.0740131826484961	20.19408880331776	0.2645178189713056	20.148822934307443	0.2627463885774239	20.148822934307447	-9.836043091127067e-11	-1.247890679678676e-12	False	False
102	20.1488034521872	0.26460719384796644	2.7348863942209345	7.057989322053079	1.0635663424236745	7.932258696736066	0.2971973871080583	0.5518845750836447	nan	0.0740131826484961	nan	nan	20.1488034521872	0.26460719384796644	nan	nan	nan	False	True
103	20.149017180035486	0.26321509331373566	2.2904714747770307	6.793848628356626	0.963792567288259	8.055221711259083	0.06878431727554932	0.5001119631658776	1.0575751303045866	0.28650652073741434	20.219902293550405	0.26618737668709336	20.14901718115638	0.26321509333993753	19.458594778882492	1.1208953765162732e-09	2.6201874003817238e-11	False	False
104	20.148907188813634	0.2631697087757505	1.7701276689656449	7.841329929563304	0.8725645994644289	8.105433926579204	-0.11557950621379609	0.4527737706620922	0.0016193183305832125	0.00043868775613898557	20.157413516435692	0.26333896155087577	20.14890718905652	0.26316970878031987	28.93383542375938	2.4288482336487505e-10	4.569344902449757e-12	False	False
105	20.148798625329455	0.26198993733711207	2.371262605890684	6.839291040009114	1.0142499526880884	8.261209335491706	0.325879772803449	0.526294300449849	nan	0.00043868775613898557	nan	nan	20.148798625329455	0.26198993733711207	nan	nan	nan	False	True
106	20.14895826062066	0.2616417656927465	1.7524221885718645	7.687243738840489	0.8851026469864888	9.70834879554777	-0.11438972018141405	0.4592797635212891	1.9529358710550804	0.5290677187899983	20.166873635244542	0.26198811450402526	20.14895826069221	0.26164176569385306	23.900078567943904	7.155165349104209e-11	1.1065592886438935e-12	False	False
108	20.148976123449785	0.259385217654607	3.0429454459021317	8.348812004793851	1.05762692617827	7.440167864424892	0.37216161320226504	0.5488026119939043	0.033254132999308676	0.010731395667263837	20.15270001545724	0.25946723357902446	20.14897612330266	0.259385217651874	28.191034640791138	-1.4712497886648634e-10	-2.7329805085685166e-12	False	False
110	20.14901804632485	0.2609997801671064	3.667091960195334	8.447437437824446	0.9883151640890085	7.635766970194645	0.24872055727761996	0.5128367386457866	0.0009982555789844398	7.456690652238482e-05	20.15149611441844	0.2610525125942778	20.14901804631479	0.2609997801668808	31.855755881105544	-1.0061285138363019e-11	-2.255973186038318e-13	False	False
111	20.148980408012708	0.25844964047862706	4.10131995639136	7.3665813214258025	0.9197034208587002	7.672774220936825	-0.12365240006444106	0.47723410508357955	0.4210383655022291	0.03145039116604004	20.174612087733493	0.25904736129128036	20.148980407779526	0.2584496404747388	20.148980407779536	-2.331823623080709e-10	-3.8882785879934545e-12	False	False
112	20.14906164511324	0.26108873612957484	3.771394670190005	8.230246229782583	1.0194656778288365	7.474450104602283	0.2231011837847195	0.5290007402253832	0.0772096958463634	0.005767348857348369	20.153827930211417	0.2611907535216679	20.149061645057284	0.2610887361286078	28.075342774586957	-5.595524044110789e-11	-9.670597655997426e-13	False	False
113	20.148891026398076	0.26119324234265906	3.991999522177478	7.41995406171567	1.0194656778288365	7.474450104602283	0.2231011837847195	0.5290007402253832	5.212230569601824	0.3893390809315717	20.171736773781777	0.2618767702278447	20.148891026427393	0.2611932423427462	20.148891026427396	2.9316993277461734e-11	8.715250743307479e-14	False	False
114	20.14912443116483	0.2592660157881618	4.546561921093161	7.843160422909865	0.9401985303325482	7.140199634941522	0.15222328799080279	0.4878690173895593	0.0	0.0	20.15659546201554	0.2594253984535985	20.149124431290442	0.2592660157910844	26.237351375560944	1.256132975413493e-10	2.9226066011744933e-12	False	False
115	20.148938550241077	0.25958498702296556	4.2319594710553945	7.5586938042883	1.0955331305562235	7.9124844886883805	0.2750262523157453	0.5684721414456244	4.140772850171984	0.30930417875883076	20.17483607855832	0.26044581212163104	20.148938550247788	0.25958498702307586	20.14893855024779	6.711076139254146e-12	1.103006574965093e-13	False	False
116	20.149112337617552	0.2620972225682533	3.263576994791352	7.362100651664708	1.0245231565064141	7.209404290777208	0.17662570587445045	0.5316250659111783	2.5651692193346673	0.1916109836188639	20.173616413752043	0.26290780980628703	20.14911233752534	0.26209722256537005	20.14911233752534	-9.2210683533267e-11	-2.8832491949515315e-12	False	False
117	20.148894855757245	0.26140258659028887	4.209480302163928	7.091947192603748	0.9671640392942941	7.685596231957831	0.055953498925194675	0.5018614199898093	4.313890684784321	0.322235597989193	20.186686245025165	0.262770480939405	20.148894855351873	0.26140258657947635	20.148894855351877	-4.0537173617849476e-10	-1.081251754797563e-11	False	False
119	20.14892926809487	0.2605641602174463	3.647817123246199	7.972448222052904	1.0025831339854077	5.641133336393242	0.07407899853155867	0.520240388225028	1.2469455091506638	0.14794808349328373	20.15399590855228	0.2606832511802516	20.148929268161545	0.2605641602187783	24.424952667822776	6.6673777610049e-11	1.3320455849452628e-12	False	False
120	20.14884573982308	0.2604278364128782	3.1557148820890917	8.752660237223822	0.8972163841190957	4.712699190991905	-0.19168716808389097	0.46556558171939877	0.00034830132599911423	4.132539335647276e-05	20.149279706354704	0.26043803317270003	20.148845739823457	0.26042783641290485	31.20899480084341	3.765876499528531e-13	2.6645352591003757e-14	False	False
121	20.14888861415414	0.2595121083655769	4.036485266659627	7.288389592332919	0.9689344895136337	5.420796943485194	0.07287183424140337	0.5027801066086246	1.548031643880865	0.18367147017926252	20.16334560075536	0.25997659033803855	20.148888613511062	0.25951210835336336	20.148888613511065	-6.430767029996787e-10	-1.2213563493901347e-11	False	False
122	20.148871779532506	0.2621829426496239	4.511423393908751	7.537403335798332	0.9168250371466247	6.317743774946554	0.025993249220975505	0.47574051177538357	0.0	0.0	20.161048122313236	0.2624476442280095	20.148871779480576	0.26218294264855735	22.171521938003828	-5.193001584302692e-11	-1.0665357486061566e-12	False	False
125	20.148773970504006	0.25796867979250077	3.942707308945968	7.747295783410893	1.0539582700451384	6.759544194471775	0.30463543881074073	0.5468989463264223	0.002785661120642534	0.0034661059180098397	20.161154694786227	0.25825286884744275	20.148773971507556	0.2579686798142907	20.221173928074435	1.0035492437054927e-09	2.178995872625933e-11	False	False
126	20.148864036618498	0.25960598602033375	3.3392380866684377	7.874321913575646	0.9301689592477991	6.854460431426465	-0.049801549568740534	0.482664672953683	0.03717775781000393	0.046259053338788075	20.156182985055885	0.25975941451975837	20.148864036523438	0.25960598601799	26.40146195282035	-9.5059959903665e-11	-2.3437363161349367e-12	False	False
127	20.14883684589664	0.2598472220368403	4.260803146011902	8.05104459054465	1.0110555153685181	8.254195879257061	0.262892214375004	0.5246367069247241	0.03859768439436359	0.04802582098353781	20.156804911125608	0.260013542739988	20.148836845915397	0.2598472220364864	26.290801349826978	1.8758328224066645e-11	-3.5388358909926865e-13	False	False
130	20.14920356526824	0.2603164217134494	4.86126066556917	7.390008917910231	0.9971778086728016	7.489054776349736	0.12417097895176049	0.5174355649203167	0.0	0.0	20.173360517634993	0.26102841324988485	20.149203565100574	0.26031642170964664	20.149203565100578	-1.6766676935731084e-10	-3.802735903946086e-12	False	False
133	20.14915535853302	0.26092270359342273	3.1008208578055365	7.373723351312378	0.8191799761725894	7.372585663462564	-0.24421655900729722	0.4250724896359567	0.5864081150755139	0.13817062062469254	20.16593563438561	0.26125851310739395	20.149155358558843	0.26092270359437464	23.38419839293885	2.582467573120084e-11	9.519052213136092e-13	False	False
135	20.148987995964614	0.25971364538951375	3.34943729520225	7.64636594820468	0.8494812000977798	8.26145265103973	-0.29333738121027797	0.440795794730738	0.3721442075765434	0.04477686550947008	20.16192542575024	0.25996728351270354	20.148987995970877	0.2597136453896238	25.745834741688046	6.263434215725283e-12	1.1007861289158427e-13	False	False
136	20.149055117220872	0.2620234980727284	3.440211529449516	6.862409977284912	0.909580221663794	7.952002253360959	-0.10342230735326556	0.47198117702134273	5.1289216957653965	0.6171183973961333	20.202588473323505	0.2640375396222419	20.14905511729075	0.26202349807623554	20.149055117290757	6.987832534832705e-11	3.5071390236396383e-12	False	False
137	20.149027848527034	0.26056510728198196	3.589260266244042	7.956816519567142	0.9008244024363491	7.895103327832396	-0.057462346288358675	0.46743778242422157	0.014835125140689206	0.0017849811705161918	20.155810683821947	0.26070193118399176	20.149027848489197	0.2605651072806485	29.49492292607525	-3.7836400679225335e-11	-1.3334333637260443e-12	False	False
138	20.149270701285307	0.26177218759311277	3.7385563115122347	7.341181217482543	0.9671640392942941	7.685596231957831	0.055953498925194675	0.5018614199898093	0.025275714334796102	0.0030412061732605794	20.176115445797283	0.26252958100309903	20.149270699750797	0.26177218756467346	20.1492706997508	-1.5345094084295852e-09	-2.8439306465344316e-11	False	False
142	20.14916683954131	0.25855706068469375	3.8695826571382925	8.023204851456303	0.877443966042964	9.344605287271262	-0.1425781357778944	0.45530567397969407	5.244891107994217e-06	4.811566437772933e-06	20.156422589038634	0.25869790920611685	20.149166839550933	0.2585570606855401	31.78374671035606	9.624301355870557e-12	8.463230116717568e-13	False	False
143	20.149112304794297	0.25801239478639193	5.070842240511295	8.477493153880324	0.9050674600082572	8.894113807021826	0.02585863894338647	0.4696395049982847	0.0	0.0	20.15149019671178	0.25805962334766147	20.149112304793277	0.2580123947863577	37.83642984267375	-1.0196288258157438e-12	-3.425038030968608e-14	False	False
144	20.14890651579036	0.25822289481095523	4.513518406475398	8.477569100269477	0.8183973755922616	7.318821956811872	-0.1719669890862412	0.42466639819482455	0.0	0.0	20.150146446896816	0.258247830488195	20.148906515795836	0.25822289481105626	40.30099239026914	5.474731779031572e-12	1.0103029524088925e-13	False	False
147	20.148929905889126	0.2588947655575448	4.065656381696148	6.810874698230665	0.8174281133719844	9.225032192871598	-0.15406465443404643	0.42416344802872274	0.8669983757186375	0.26318193656692707	20.204959591126332	0.2605778381710477	20.148929905918436	0.25889476555909813	20.14892990591844	2.930988785010413e-11	1.5533130337530565e-12	False	False
149	20.14896964100794	0.2623611053679936	3.9640964592817265	6.806656259933575	0.9880786764236856	8.799912833726902	0.24273633820939833	0.5127140251962505	nan	2.8398186375193877	nan	nan	20.14896964100794	0.2623611053679936	nan	nan	nan	False	True
151	20.149115275763265	0.2614360572559095	4.1635803991523925	7.398526618571343	0.9971778086728016	7.489054776349736	0.12417097895176049	0.5174355649203167	3.7797647201618667	0.38306993875013085	20.17330760439645	0.262141383258669	20.14911527587543	0.26143605725968505	20.149115275875435	1.1216627626708942e-10	3.77553543984277e-12	False	False
152	20.1491468904687	0.26024938662851943	4.075330094173651	7.85753615954388	1.0071552083141764	7.729700318651105	0.17291852356338216	0.5226128375942262	0.714793459670391	0.07244257436298966	20.16105055026046	0.2604995373156361	20.14914689051869	0.2602493866291315	22.791412001742483	4.999023417440185e-11	6.120659534758488e-13	False	False
155	20.148928351345038	0.262515081213386	3.94176040830916	7.270762385981078	0.8384181274412063	7.866407489038465	-0.09726752015963099	0.43505516632924196	2.059741662317426	0.29257961809552463	20.17366612250726	0.26301151558893526	20.148928351488568	0.2625150812147924	20.707310710535985	1.4352963262354024e-10	1.406375016443917e-12	False	False
158	20.149180297536752	0.26072600207833957	2.955818090549496	5.899104039469864	1.1173006902652853	7.189549214797263	0.42868860687777294	0.5797673281786566	nan	0.9271015449918237	20.149180297536752	0.26072600207833957	19.6826858565081	0.22860417470077643	nan	-0.4664944410286509	-0.03212182737756314	True	False
161	20.149072643517798	0.2628039637166191	4.748050805959389	5.328688852039672	0.9713586564285527	8.148182592727904	0.23782079703749423	0.504038006820776	0.0	0.0	21.554028904490217	0.3338546288194936	20.149072638337763	0.26280396359331504	13.432715092225173	-5.18003417937507e-09	-1.2330408916128022e-10	False	False
162	20.148937185975097	0.2607446817928756	3.5954056562500245	4.4370655643161125	0.9725559564613171	8.775799355455469	-0.004296433421875551	0.5046592858077774	nan	0.0	nan	nan	30.148937185975097	0.36074468179287555	nan	nan	nan	False	True
164	20.149020951232988	0.26134517664456774	3.3890976063106875	4.593984160405503	0.8384181274412063	7.866407489038465	-0.09726752015963099	0.43505516632924196	nan	0.7852355167437673	nan	nan	20.149020951232988	0.26134517664456774	nan	nan	nan	False	True
165	20.14890414004791	0.26064236804312235	4.284776126087336	5.512152483373171	0.9649336313301038	8.402687978927437	0.27751136707472945	0.5007040612971909	nan	0.7852355167437673	20.14890414004791	0.26064236804312235	19.489427631992633	0.2133516711447678	nan	-0.6594765080552776	-0.04729069689835455	True	False
166	20.148823076619525	0.26115476609888905	4.700328039625453	6.312907936787908	1.0142499526880884	8.261209335491706	0.325879772803449	0.526294300449849	0.0	0.0	20.36106617420008	0.27101570857186424	20.148823079714454	0.2611547661577228	13.432548719809636	3.0949287577186624e-09	5.883377118820476e-11	False	False
167	20.148876776316104	0.26175237253688405	4.100566947710157	4.873798266403479	0.9971778086728016	7.489054776349736	0.12417097895176049	0.5174355649203167	nan	0.0	21.69425667267183	0.26713821947673544	20.149708467788535	0.1287492500526398	nan	0.0008316914724311175	-0.13300312248424426	True	False
169	20.148911799077847	0.2578380189912493	3.4627664931023885	4.899616762627728	0.9607440560669833	6.793876092376167	-0.07188433492621146	0.4985300906931577	nan	0.9860116770156897	nan	nan	20.148911799077847	0.2578380189912493	nan	nan	nan	False	True
170	20.148909215948535	0.26275492085854785	3.3775935275644455	5.962407162146275	1.0063311772715002	7.741382170836679	0.12103679025394974	0.5221852478861815	0.4397267537607258	0.18655252767906472	20.56446391724483	0.284601619328457	20.148909214031576	0.2627549208021787	13.432606142687721	-1.916959035952459e-09	-5.636913158468815e-11	False	False
171	20.14882508040303	0.26194524136081976	3.8471287804082777	3.767106608742462	1.0135964875377632	8.00191669635734	0.12499377332965224	0.5259552173833454	nan	0.18655252767906472	19.80288412461506	0.13450983842646752	20.14885789358493	1.7455770961075664e-06	nan	3.28131818996269e-05	-0.26194349578372367	True	False
173	20.14893488544018	0.2608911797311323	2.6519944949309964	5.662568130278207	0.9610810061601669	7.642339556010524	0.01398008676335713	0.4987049340965106	nan	0.1806276632408819	20.168808000761132	0.2563324056479213	19.654055996178663	0.2210136187168886	nan	-0.4948788892615177	-0.039877561014243695	True	False
174	20.14874601522185	0.2627719034506343	2.9075967790004706	6.304259166922819	0.8422146246563055	8.298047284499496	-0.19076324682167903	0.4370251687341569	0.016729343151645856	0.039292790629998624	20.287941418139802	0.26846900285323594	20.14874601547933	0.26277190345706497	17.359845313740284	2.574793711573875e-10	6.430689314385063e-12	False	False
177	20.148981837050712	0.2586744777607391	3.8900797370419897	4.865712354465818	0.9316585882972214	10.030993311619167	0.0759603687322225	0.4834376414674282	nan	0.7183481821134209	nan	nan	20.148981837050712	0.2586744777607391	nan	nan	nan	False	True
178	20.148828049201413	0.2602314208314328	3.1203609454151477	5.092811023156296	0.9971778086728016	7.489054776349736	0.12417097895176049	0.5174355649203167	nan	0.7183481821134209	nan	nan	20.148828049201413	0.2602314208314328	nan	nan	nan	False	True
179	20.148862165550742	0.2595039586759136	3.8374795394920787	5.097744498572049	0.8174281133719844	9.225032192871598	-0.15406465443404643	0.42416344802872274	nan	0.7183481821134209	20.420015739290942	0.24423708739547487	19.598414456824578	0.1767558023455612	nan	-0.5504477087261641	-0.08274815633035237	True	False
180	20.14891796362691	0.2601453557384562	3.5210135208618683	4.710363915450458	0.780390251055305	9.280950758380673	-0.36756077551556365	0.4049445012725978	0.0	0.0	23.07168572906669	0.3599537091437667	20.14064973744495	0.2105099022815456	20.140649737444953	-0.008268226181961325	-0.049635453456910616	False	False
181	20.14882577919223	0.2615727610207138	4.162785311799242	5.113941252213453	0.8614202620720903	9.297573593780012	-0.07514410684471001	0.4469909739892077	nan	0.0	20.14882577919223	0.2615727610207138	19.0170847849065	0.17053838893385967	nan	-1.1317409942857282	-0.09103437208685414	True	False
182	20.148820648778866	0.25869115268862564	3.18635708190841	5.66187950474759	0.8827810371578251	7.9729003177452675	-0.1792269835681125	0.45807508018119547	0.021050653237873675	0.01357252551486348	20.67500767173634	0.2858748242993732	20.148820649839568	0.2586911526942685	13.432547099893048	1.0607017486563564e-09	5.642875056111052e-12	False	False
183	20.148794391476923	0.26023030465403857	3.8636557571481647	5.039609815934841	0.8797273498953763	7.85748376611393	-0.006454528569320966	0.45649052186071076	nan	0.01357252551486348	nan	nan	20.148794391476923	0.26023030465403857	nan	nan	nan	False	True
184	20.148840693526427	0.26029418631471696	3.856281780710336	5.349481347145023	0.8901419116922058	9.151542042637683	-0.13587817334507699	0.46189463797708563	0.4011002583095204	0.258611617815723	21.558889136315123	0.32852269706957693	20.148840694829357	0.2602941863745433	13.432560463219572	1.3029293199906533e-09	5.982636608337089e-11	False	False
185	20.148860771963605	0.258384069518018	3.298220958707617	4.752152837609789	0.9607440560669833	6.793876092376167	-0.07188433492621146	0.4985300906931577	nan	0.258611617815723	21.573839244669006	0.2558569946394044	20.150047492023187	0.1158578466016767	nan	0.0011867200595823135	-0.14252622291634132	True	False
186	20.148782916940586	0.2584389660886928	4.404054646325411	5.409963217132947	0.9410920515231987	8.430277310610071	-0.05892120842477383	0.48833266553538784	nan	0.258611617815723	nan	nan	20.148782916940586	0.2584389660886928	nan	nan	nan	False	True
187	20.14885749763222	0.2619515001346769	4.031361681021457	4.508469836503205	0.8887681858180522	9.157929527085823	-0.047757954938466844	0.4611818116209873	nan	0.258611617815723	nan	nan	20.14885749763222	0.2619515001346769	nan	nan	nan	False	True
188	20.14891508779405	0.26036026864903283	3.649453073525934	5.704614717275019	0.8715533127569518	8.439651139704024	-0.15241505958536286	0.45224901398958234	nan	0.258611617815723	nan	nan	20.14891508779405	0.26036026864903283	nan	nan	nan	False	True
190	20.148982849032066	0.2606768540853077	3.033374852616901	5.074321415523354	0.9045605229872908	9.347766853861955	-0.008556374494343728	0.46937645537810524	nan	1.345126355809619	20.148980713902798	0.26067671899111444	18.82957243064508	0.14542956870375484	nan	-1.3194104183869868	-0.11524728538155288	True	False
192	20.149042748163698	0.2607107962066958	4.7125553091368415	4.598729075422603	0.9525716561961636	10.300555644454185	0.009300846375258687	0.4942894324001893	nan	0.2858757881241038	22.379298684780935	0.2819389469139974	20.151133114215057	0.041947865011394914	nan	0.0020903660513589273	-0.21876293119530088	True	False
193	20.148866758382827	0.2618313254315099	3.8530833658663735	5.404114653115647	0.8404376501465772	8.681452582825992	-0.11333866532908468	0.43610309666105895	nan	0.2858757881241038	nan	nan	20.148866758382827	0.2618313254315099	nan	nan	nan	False	True
195	20.14901252464347	0.26040171185157435	3.1347051865251903	5.116971323185656	0.9620980023083636	9.612986133189217	0.040076181111194265	0.4992326533978099	nan	1.7644363301030073	nan	nan	20.14901252464347	0.26040171185157435	nan	nan	nan	False	True
196	20.148778202527968	0.26076603125140796	3.8997350539194158	5.419136558225034	0.8681801897075544	10.225152390810424	-0.19362571757017283	0.45049870043925	nan	1.7644363301030073	20.148778202527968	0.26076603125140796	19.24251404320248	0.1969979029299475	nan	-0.9062641593254881	-0.06376812832146045	True	False
197	20.148787472194353	0.26197690387888645	3.956399119481071	5.930537026017963	1.0140419366637514	10.955252118934101	0.3227601500818603	0.5261863609348206	nan	1.7644363301030073	nan	nan	20.148787472194353	0.26197690387888645	nan	nan	nan	False	True
199	20.148910356332184	0.2610365133794714	3.3574559279440512	5.780498406506914	0.8673112633132224	9.604101254861408	-0.09100162649129999	0.4500478145332311	nan	2.173407275174958	nan	nan	20.148910356332184	0.2610365133794714	nan	nan	nan	False	True
201	20.148715486746223	0.2629353549709251	3.146189664575344	4.735164635681405	0.9725559564613171	8.775799355455469	-0.004296433421875551	0.5046592858077774	nan	1.1218870938098366	nan	nan	20.148715486746223	0.2629353549709251	nan	nan	nan	False	True
202	20.148953109855217	0.26010566649891953	2.964629878806099	5.565319642561484	0.9179792653129183	8.636698519673685	-0.0628427709673528	0.4763394407708733	2.0783776882522673	0.8099959439078247	21.074525329541306	0.3080138557724645	20.181924855193955	0.26424480742698725	13.454616570129303	0.032971745338738145	0.004139140928067719	False	False
203	20.14900910406254	0.2597911056559145	2.598473589424046	4.930162809577033	0.9045605229872908	9.347766853861955	-0.008556374494343728	0.46937645537810524	nan	0.8099959439078247	nan	nan	20.14900910406254	0.2597911056559145	nan	nan	nan	False	True
204	20.14891505513454	0.2603972589055411	3.0243664621863244	5.199912585091634	0.8924161184563817	9.043641586964188	0.06427830481651306	0.4630747238670165	1.853387597708662	0.7223116592901317	21.895376837366243	0.34417536441993907	20.148582302256436	0.26049115699837433	13.432388201504294	-0.00033275287810496934	9.389809283322226e-05	False	False
205	20.148987935755258	0.2602837770004299	3.431554559245499	4.562556292942176	0.8628186811485755	7.533935463174941	-0.10658541190405982	0.44771661364799586	nan	0.7223116592901317	nan	nan	20.148987935755258	0.2602837770004299	nan	nan	nan	False	True
206	20.149012846710715	0.2610394096342776	2.3048782732519473	5.08608362835536	0.8376870955706708	9.14578923600723	-0.16956362756260485	0.43467583389162107	nan	0.7223116592901317	nan	nan	20.149012846710715	0.2610394096342776	nan	nan	nan	False	True
207	20.149049195559236	0.26073654927984125	2.4007847222243286	5.2839380919081025	0.8810516190509494	9.448998646897248	-0.00644877781581997	0.4571776851255377	nan	0.7223116592901317	nan	nan	20.149049195559236	0.26073654927984125	nan	nan	nan	False	True
208	20.148886724028145	0.2597758313344818	2.617661367358903	5.7376476011355955	0.8673112633132224	9.604101254861408	-0.09100162649129999	0.4500478145332311	nan	0.7223116592901317	nan	nan	20.148886724028145	0.2597758313344818	nan	nan	nan	False	True
209	20.149065369977485	0.26066603811873235	3.0669500621677557	5.563716656344356	0.8995258315950203	8.432547029142997	-0.17530226110940972	0.4667639540146561	nan	0.0	20.149065369977485	0.26066603811873235	19.516898669078053	0.21870771777070716	nan	-0.6321667008994325	-0.041958320348025185	True	False
210	20.14889633965732	0.26035583679527297	2.6495768556998347	4.821936525552574	1.0063311772715002	7.741382170836679	0.12103679025394974	0.5221852478861815	nan	0.0	20.910097019494557	0.19588148113638315	20.148453465151754	0.07991323884338551	nan	-0.00044287450556623753	-0.18044259795188744	True	False
213	20.148904061024762	0.26058611379699104	4.533058085657794	4.17972060262922	0.9419011149739319	8.886481013884417	-0.08254935377761216	0.4887524885599733	nan	5.157068524667902	nan	nan	20.148904061024762	0.26058611379699104	nan	nan	nan	False	True
214	20.148920770662226	0.2606653972723203	3.8106669879792063	4.747794128034276	0.9435617322250145	10.318782318438693	0.14619129063711528	0.48961418285156005	nan	5.157068524667902	20.148920770662226	0.2606653972723203	18.50229276223629	0.05409565655132495	nan	-1.6466280084259353	-0.20656974072099535	True	False
215	20.14900169961047	0.2606101514795246	3.0385246601479494	4.653199072941578	0.8386430618198629	9.418788837273452	-0.21352975993846718	0.4351718847783269	nan	5.157068524667902	nan	nan	20.14900169961047	0.2606101514795246	nan	nan	nan	False	True
216	20.148938725057874	0.2625798285615349	3.424953053965347	5.429327798355353	0.7959909010955168	9.95497577406106	-0.2023753569999056	0.4130396785784637	0.9153159129652858	0.23420946371032386	20.997116679919532	0.3028418017653168	20.148938722813764	0.2625798284747538	13.432625815209178	-2.2441106750648032e-09	-8.678108232018644e-11	False	False
217	20.14882526336271	0.26131094447192066	3.0388106164511637	5.524859942508719	0.7861052702908912	9.563853801074893	-0.3317155419922259	0.40791002475394345	0.4195235604259717	0.10734696808984566	20.790423376623085	0.291742158304235	20.1488252661793	0.2613109445281857	13.432550177452871	2.816591404553037e-09	5.626504817612954e-11	False	False
218	20.148894106355257	0.26047563390118883	4.491485186048734	5.197082712372381	0.8673112633132224	9.604101254861408	-0.09100162649129999	0.4500478145332311	0.0	0.0	21.16847892055118	0.26521711353504546	20.14120166548647	0.19364746309372644	20.141201665486474	-0.007692440868787287	-0.0668281708074624	False	False
219	20.14890911337448	0.26194697821279794	4.161425807125768	4.282312712462403	0.8990877726808696	10.142533228747423	0.11399054736794426	0.46653664524410327	nan	0.0	nan	nan	20.14890911337448	0.26194697821279794	nan	nan	nan	False	True
220	20.14882277250064	0.26113543939125666	3.470735305455546	6.296040258624373	0.957301240758324	9.879521684143937	0.031365419655872126	0.49674361382949433	nan	0.0	nan	nan	20.14882277250064	0.26113543939125666	nan	nan	nan	False	True
221	20.148877900445154	0.2606416000539457	3.245780022836136	5.8486423454859615	0.9258978254842437	9.811387951127148	0.11101137734984978	0.48044838164377407	nan	0.0	nan	nan	20.148877900445154	0.2606416000539457	nan	nan	nan	False	True
222	20.14896070494315	0.26147762953814885	3.434977136061163	5.400097964264117	0.8974055711636737	9.351082105224576	-0.08387522503155379	0.4656637508768303	nan	0.0	21.6787702173357	0.3287043276492913	20.355379527002547	0.26653258079476516	nan	0.20641882205939766	0.0050549512566163135	True	False
223	20.148856171116325	0.26230324203463123	3.5716930499400443	5.681895372120465	0.8673112633132224	9.604101254861408	-0.09100162649129999	0.4500478145332311	0.3269293062473853	0.08365410936572708	20.77407308162961	0.29270123383749164	20.148856168238442	0.2623032419846563	13.432570778825626	-2.8778828209397034e-09	-4.997491309666202e-11	False	False
224	20.148830494206642	0.26236931363313787	2.9880695759713096	4.533932662608716	0.8887681858180522	9.157929527085823	-0.047757954938466844	0.4611818116209873	nan	0.08365410936572708	nan	nan	20.148830494206642	0.26236931363313787	nan	nan	nan	False	True
225	20.148825594808688	0.2612174168660898	3.576704408846623	6.278646707131932	0.9874343727775883	8.319272664355552	0.1569710054632933	0.5123796960342906	0.3656025956415182	0.09354976423265775	20.386497814671753	0.27209327393549254	20.148825593934696	0.26121741684461963	13.432550395956465	-8.739924339806748e-10	-2.1470158984016052e-11	False	False
226	20.148840897901085	0.2618705037831629	2.99294793087761	4.633387587584888	0.8626049802444778	9.277471191421725	0.03777640701555307	0.4476057242488596	nan	0.09354976423265775	nan	nan	20.148840897901085	0.2618705037831629	nan	nan	nan	False	True
227	20.149059955153195	0.26289690848575437	3.8602829963279697	5.1005236252344455	0.8305705352780443	9.28970630835581	-0.2693955123777406	0.4309830507557772	nan	0.09354976423265775	20.329421151738185	0.2573665253497744	19.279321989886494	0.17490418205237576	nan	-0.869737965266701	-0.0879927264333786	True	False
229	20.14878446792642	0.2627676929793199	3.566022360440539	5.525960873341613	0.8851026469864888	9.70834879554777	-0.11438972018141405	0.4592797635212891	nan	0.6894152131845706	nan	nan	20.14878446792642	0.2627676929793199	nan	nan	nan	False	True
231	20.149150102450157	0.26446293762518747	3.073337020801769	6.381191897322533	0.8047115545793512	9.19234843674474	-0.29415871977000396	0.4175648256712253	nan	0.330700999272325	nan	nan	20.149150102450157	0.26446293762518747	nan	nan	nan	False	True
233	20.14904143717035	0.2609650581013292	2.1729459434646086	5.75276397215698	0.8974055711636737	9.351082105224576	-0.08387522503155379	0.4656637508768303	nan	0.9159753738588899	nan	nan	20.14904143717035	0.2609650581013292	nan	nan	nan	False	True
235	20.149181905582612	0.2617896764773911	3.4505237769592894	5.538434126080653	0.8151169530756867	9.339250173910832	-0.3436862804218806	0.4229641869509738	0.26576277623435013	0.3869004168667218	20.841628090441084	0.2951746562330168	20.149181903200684	0.26178967640386874	13.432787935467122	-2.3819275440928322e-09	-7.352235487090297e-11	False	False
236	20.14918172221928	0.2611341705874143	2.49471866991379	4.470661707257505	0.8151169530756867	9.339250173910832	-0.3436862804218806	0.4229641869509738	nan	0.3869004168667218	nan	nan	20.14918172221928	0.2611341705874143	nan	nan	nan	False	True
237	20.149194936205003	0.26330098386975254	1.852980732164673	5.5270947649981	0.8404376501465772	8.681452582825992	-0.11333866532908468	0.43610309666105895	nan	0.3869004168667218	nan	nan	20.149194936205003	0.26330098386975254	nan	nan	nan	False	True
