Iteration_step	Porb	eccentricity	Wdisk	logQ	primary_mass	age	feh	secondary_mass	posterior_probability	acceptance_ratio	inital_orbital_period	initial_eccentricity	current_orbital_period	current_eccentricity	current_spin	delta_e	delta_p	bad_solution_flag	gsl_flag	
2	10.738981569762352	0.07916504930417309	3.791065355612901	8.0423249689674	0.9576068820966228	5.231228523329974	-0.25464332792405997	0.5803097705505534	1.546855952639583e-20	4.1750134506968357e-22	10.759860840507702	0.07952161541758271	10.738981569803348	0.07916504931016458	12.884913637367243	4.099653949651838e-11	5.991485085843351e-12	False	False
3	10.739002952796804	0.07495956000636385	3.618626587670292	8.601859979236258	1.0915475692554355	5.661033072885173	-0.15603716790007827	0.6614778269687939	2.7416368730750284e-31	7.399765183359422e-33	10.75436508705753	0.07521140204050253	10.739002952793562	0.07495956000485049	12.497959368826079	-3.241851231905457e-12	-1.5133588826543587e-12	False	False
4	10.738963175144988	0.0782161600397319	4.383739445963355	8.578987968263435	1.0090971202198158	6.115344551974744	-0.19345022807973491	0.6115128548532084	8.699966981680559e-17	2.348148779280537e-18	10.749811979579187	0.07839605061165282	10.738963175161532	0.07821616003980743	16.1149039683784	1.6543211245334533e-11	7.552292125012627e-14	False	False
5	10.739016539127253	0.06891194081390771	4.036753361905158	8.51453302756012	1.090267289950417	5.351413117198264	-0.3621141237313967	0.6607019777099528	6.618991731815262e-109	1.7864869358535976e-110	10.749805195989593	0.0692407889039123	10.739016539326778	0.06891194082697713	10.739016539326784	1.9952572927195433e-10	1.3069420545797072e-11	False	False
6	10.738992262170587	0.07346016065301494	4.093758511941023	8.619398505660248	0.8806324803921921	6.958188486833605	-0.3891509211642289	0.5336632831176684	0.0	0.0	10.745042724937695	0.0735500231742721	10.73899226207756	0.07346016063713735	23.268994361695277	-9.302780767939112e-11	-1.5877590908708328e-11	False	False
7	10.73898236485809	0.07443308364629327	4.114322568475957	7.941593993923055	0.9951073235207838	4.8446159953198205	-0.291660565211342	0.6030350380535949	8.689576064141769e-109	2.3453442375638048e-110	10.767349581876786	0.07490787327742757	10.738982364866832	0.07443308364651757	10.738982364866834	8.741452006688633e-12	2.2430668433770506e-13	False	False
8	10.739014878721878	0.07871474572065476	4.870332847073786	8.797708079287162	0.9693906559610284	6.6501275518574525	-0.38599156075138313	0.5874507375123832	0.0	0.0	10.746144520669368	0.07883136935566284	10.739014878717814	0.07871474572070296	19.168459787670642	-4.064304448547773e-12	4.819755705653961e-14	False	False
9	10.738960035539282	0.0747348115848302	3.9047571905822647	7.672998470239493	1.0263439297451458	6.401150772048822	-0.5540943236472773	0.6219644214255583	5.990472594283719e-109	1.6168476201347165e-110	10.792413047713934	0.07858089978510259	10.738960035548466	0.07473481158310853	10.738960035548471	9.183764859699295e-12	-1.7216644776496537e-12	False	False
10	10.739061606901421	0.0928541094514225	4.0251787723454395	7.929558332477024	1.0048625035026264	6.560581665832329	-0.2742877754466916	0.6089466771225915	6.033653426421713e-110	1.6285022641680395e-111	10.790431921641103	0.09407487694314935	10.739061606885372	0.09285410945089277	10.739061606885372	-1.6049384043981263e-11	-5.297290384120856e-13	False	False
11	10.738942012203688	0.06886075353204757	4.685577341918576	8.450469244503667	0.9359666698517499	5.542585874915368	-0.6485343235184844	0.5671958019301604	0.0	0.0	10.747966324768765	0.06899771780274866	10.738942012216778	0.06886075353391727	16.187450443721886	1.3089973549540446e-11	1.8696988401956105e-12	False	False
12	10.739001751460062	0.07691417946588469	4.162122630725513	8.437125894771496	1.0367039500215784	6.092173631481541	-0.30893458803253476	0.6282425937130766	1.6081561473385693e-103	4.3404646272992084e-105	10.760468733888242	0.07726534919807164	10.739001751340048	0.07691417945331482	10.830761157747899	-1.2001422078355972e-10	-1.2569875695866983e-11	False	False
13	10.739020395611158	0.08116177185554746	3.8591980156021326	8.584663800921085	1.0970531641053536	5.2026401197561745	-0.12652076950222135	0.6648142174478443	8.941156092155715e-13	2.4132464878730576e-14	10.751778544338595	0.08139338847559284	10.739020395637326	0.08116177185694974	13.22779553642095	2.616751260120509e-11	1.4022810690406118e-12	False	False
14	10.738950847609628	0.0792895581995477	3.257962739420042	7.811172646244143	1.0823698312887227	5.519987568100722	-0.23552352389692002	0.6559161177609659	3.3870593819110853e-109	9.141781077712636e-111	10.776025957266716	0.08099385942745145	10.73895084759399	0.07928955819986803	10.738950847593994	-1.5637269257240405e-11	3.203409759677811e-13	False	False
15	10.738978645351164	0.08117971046975077	4.763280152849815	8.49467403995651	0.9433237995463498	7.071293588999858	-0.47899805150703395	0.571654222525088	0.0	0.0	10.75359634346493	0.08142244551842709	10.738978763407115	0.08117971033477285	14.950731348435946	1.1805595079295017e-07	-1.3497791773176004e-10	False	False
16	10.73900671306446	0.06589179521546414	3.8397823142572833	8.306963575955912	1.0696240381510118	6.1631129230602175	-0.20138763057814935	0.6481921671195131	6.163503170588182e-109	1.6635491234143356e-110	10.770301142887762	0.06637875236708249	10.739006712639899	0.06589179518347957	10.739006712639899	-4.2456171911453566e-10	-3.198456777209202e-11	False	False
17	10.738965105571811	0.08800887152845024	4.053631872615968	9.017757304375786	1.0230590681778344	6.986024532026852	-0.11038135857336848	0.6199737953157677	0.0	0.0	10.744493457044934	0.08810622044923286	10.738965105541975	0.08800887152997354	21.825210490868947	-2.983568947456661e-11	1.5232953787247538e-12	False	False
18	10.739005160182879	0.07898892115173341	4.054100448129647	8.380256206332913	1.10286621141858	5.572209645882402	-0.22656894473199357	0.6683369241196595	1.0252000513818926e-108	2.767047569536541e-110	10.763792104956286	0.07952513147653291	10.739005160489251	0.07898892118813226	10.73900516048925	3.0637181680504e-10	3.6398856151365067e-11	False	False
19	10.739012683451024	0.08201515924895803	4.70291326577493	8.528622104526871	1.0559355508651898	6.100440933195189	-0.38991835783791295	0.639896943824305	0.0	0.0	10.757040686587509	0.08094408684295752	10.738874340929076	0.08050133647812581	22.30153362217808	-0.0001383425219483314	-0.0015138227708322155	False	False
20	10.738953404188441	0.07434372358016507	3.7469832635822047	8.815519279225283	1.0641893417432853	6.6489004066913875	-0.13272434819313783	0.6448987410964309	1.3152908407993567e-08	3.550011843407341e-10	10.750325316774113	0.074520726503034	10.738953404156646	0.07434372357704479	15.694362647555243	-3.179501106842508e-11	-3.1202818107090025e-12	False	False
21	10.739035870139244	0.0774000768220167	3.5073152959895735	9.210248521163255	1.0858618022323625	5.346257024821899	-0.27325324563883263	0.6580322521528117	nan	3.550011843407341e-10	nan	nan	10.739035870139244	0.0774000768220167	nan	nan	nan	False	True
22	10.73900100430772	0.07796124879207944	3.7776002823391788	8.753087416757221	1.0796055213382294	6.095785975397305	-0.315517147522945	0.654240945930967	nan	3.550011843407341e-10	nan	nan	10.73900100430772	0.07796124879207944	nan	nan	nan	False	True
23	10.738979165229637	0.05420969390639753	4.663029050431371	8.411429501888092	1.0534690643802493	5.696813476050833	-0.5789744694658928	0.6384022530144311	nan	3.550011843407341e-10	nan	nan	10.738979165229637	0.05420969390639753	nan	nan	nan	False	True
24	10.738994964527055	0.0702995810921991	4.686171885921394	9.00770165711529	1.0739185421615087	5.449742974477466	-0.1541613995215853	0.6507946365498742	0.0	0.0	10.743588708834638	0.07037185215010154	10.738994964500183	0.0702995810907639	19.44779175345817	-2.687272626644699e-11	-1.4351991817207477e-12	False	False
25	10.738999149080195	0.08393839317378024	3.0870144634697656	8.843365698304318	0.9951073235207838	4.8446159953198205	-0.291660565211342	0.6030350380535949	2.8710596621792097e-302	7.749081410519817e-304	10.742648182222087	0.08400637383497223	10.738999149073782	0.08393839317388181	20.969370972453103	-6.412648190234904e-12	1.0157152896539401e-13	False	False
26	10.739041153461926	0.08131837979176992	3.747797228258532	8.929280072721248	1.035571395278542	6.846703788723674	-0.3788104570253081	0.6275562655387964	nan	7.749081410519817e-304	nan	nan	10.739041153461926	0.08131837979176992	nan	nan	nan	False	True
27	10.739015273165355	0.08283028205939372	4.566928429079717	8.460247391320182	1.011206556237709	5.758459618399391	-0.3835860361835236	0.6127911730800517	0.0	0.0	10.754324244553057	0.08310221933529466	10.73901527320911	0.0828302820648023	13.073770851262022	4.375522166810697e-11	5.4085763645517204e-12	False	False
28	10.739037608087976	0.0913509391438512	3.321384616591504	8.359310045378287	1.02470933962387	6.337831371602687	-0.3729586734696017	0.6209738598120652	2.0978544915343745e-109	5.662176044779736e-111	10.766884309992827	0.09191238302229639	10.739037608053493	0.0913509391457344	10.739037608053493	-3.448263896643766e-11	1.883201927732614e-12	False	False
29	10.739010377880632	0.076112194597893	4.595335997734062	8.082751081462765	0.94462138308424	7.183391147376275	-0.3264358825577942	0.5724405581490495	0.0	0.0	10.772683301641102	0.07663890715970437	10.73901037790303	0.07611219460421244	11.64516168856527	2.2398083387997758e-11	6.319444967317622e-12	False	False
30	10.738962300192949	0.0794406162917658	5.078305453995946	7.594988720281049	1.0796055213382294	6.095785975397305	-0.315517147522945	0.654240945930967	0.0	0.0	10.791025729908283	0.08416154454158908	10.738962300047435	0.07944061627454568	10.73896230004744	-1.4551382321315032e-10	-1.722011422344849e-11	False	False
31	10.738977956047638	0.05565187658519372	3.8682698059565435	7.493733833959243	0.9844680890552664	5.9280720182921405	-0.3639512062833393	0.5965876619674915	8.705629757181548e-110	2.349677180412172e-111	10.792838697709472	0.0571382265985783	10.738977956019387	0.05565187658632145	10.73897795601939	-2.8251179173821583e-11	1.1277298539447145e-12	False	False
32	10.738983782493953	0.08337814641093885	4.168876403393938	8.067073810818275	1.024375688426871	6.155308104458382	-0.3424809673330568	0.6207716671866839	7.834931682295642e-109	2.1146729986755747e-110	10.779307721626544	0.08425503464930811	10.738983782571596	0.08337814642166916	10.7389837825716	7.764278109334555e-11	1.0730305533002138e-11	False	False
33	10.739033934111834	0.06569403693597563	3.8519494945319135	8.23002896763179	0.9581643356299039	6.574666483506613	-0.20666044620658033	0.5806475873917217	0.2542769559303449	0.006863015973787905	10.758454837611573	0.0659640078552895	10.739033934118146	0.06569403693645404	14.087946838268401	6.31139585038909e-12	4.784089790987878e-13	False	False
34	10.739024725478908	0.0698383702583709	4.404711763122106	8.736481773440163	0.9681250454115337	5.812297541463637	-0.5332366441874453	0.5866837775193894	8.360449314854513e-90	2.2565118803612085e-91	10.74540857572373	0.06993554254669547	10.73902472552423	0.06983837026436403	18.072864480602533	4.532196840045799e-11	5.993122664804673e-12	False	False
35	10.739001196246747	0.07735272593926863	4.275432182618413	8.4868743987679	1.0536296030415735	5.948179287959583	-0.35305420050863356	0.6384995394431935	1.0614809830187383e-108	2.864970958801822e-110	10.75753217692471	0.07773139708218074	10.739001196394456	0.07735272595375914	10.739001196394456	1.4770940026664903e-10	1.4490506017317273e-11	False	False
36	10.739050495588712	0.08466199178386474	3.611518160944958	8.749425550836808	1.0796055213382294	6.095785975397305	-0.315517147522945	0.654240945930967	nan	2.864970958801822e-110	nan	nan	10.739050495588712	0.08466199178386474	nan	nan	nan	False	True
37	10.739016636816938	0.07747493531317177	4.54334579616436	8.480128924518706	0.8806324803921921	6.958188486833605	-0.3891509211642289	0.5336632831176684	0.0	0.0	10.747416064656408	0.07760684493334417	10.739016636808524	0.0774749353121853	20.823465850545894	-8.414602348238986e-12	-9.86474790742875e-13	False	False
38	10.738985867407795	0.07866829648889281	4.180942365160314	7.662427350434707	0.9367811009438545	7.359068701192969	-0.5122535914620894	0.5676893471719758	1.1883006821976686e-108	3.207261363400813e-110	10.811178607326088	0.08043151686917908	10.738985867851193	0.07866829654351384	10.738985867851197	4.433982070395359e-10	5.462102992126461e-11	False	False
39	10.738983922419713	0.06959629361367978	4.209844956908922	7.8216259748065236	0.9833869960273754	6.314450719261866	-0.33001943755308505	0.5959325195925895	7.472628645098977e-109	2.0168862557701843e-110	10.78948459057065	0.07053204845398345	10.738983922527549	0.06959629361481354	10.738983922527549	1.078355182926316e-10	1.1337597527472099e-12	False	False
40	10.739023333781962	0.07926455406482705	3.579900325504743	8.892235598932334	0.8437529021404493	5.242108055159646	-0.6720617383488989	0.5113142586971122	0.0	0.0	10.740783479604277	0.07929357953604763	10.73902333376239	0.07926455406503118	29.81629981407808	-1.957189965651196e-11	2.0412838086514284e-13	False	False
41	10.739028043431091	0.09110601410026035	4.679349798378755	8.313226121935877	0.9581643356299039	6.574666483506613	-0.20666044620658033	0.5806475873917217	0.0	0.0	10.755975092706741	0.09142226191431535	10.739028043433974	0.09110601410052122	14.949628466921158	2.8830271503466065e-12	2.6086077742348834e-13	False	False
42	10.738990908154541	0.06883698414121796	4.443228110502856	8.04068491222368	0.9127776057609213	6.855785954191205	-0.4016281161058191	0.5531432290911182	7.913951379064361e-23	2.1360006663434286e-24	10.766717190661623	0.06923449417373494	10.738990908124125	0.06883698413891427	12.797015435432371	-3.041655816105049e-11	-2.303685020521584e-12	False	False
43	10.738972813972524	0.06301969943357812	4.454536578047797	7.950802015719891	1.0024906275230732	5.575431264997059	-0.35951465603812993	0.6075093202789823	2.7849501799058395e-109	7.516669177105069e-111	10.775009052025705	0.06358574112000433	10.7389728139441	0.06301969943051305	10.738972813944102	-2.8423485787243408e-11	-3.0650620930217087e-12	False	False
44	10.738988581406993	0.0678925509093663	2.8510416050721465	7.692724137780909	0.998816858115623	5.057379752522382	-0.2921693768812794	0.6052830160180676	6.3659390596544485e-109	1.7181872142018596e-110	10.779126253433764	0.06876773224052168	10.738988581396622	0.06789255090999959	10.73898858139662	-1.0370371228418662e-11	6.332850910339971e-13	False	False
45	10.738975529313072	0.06647585029521025	3.5467436710969045	8.727885587375292	0.998816858115623	5.057379752522382	-0.2921693768812794	0.6052830160180676	5.4942851911207165e-157	1.4829250607175407e-158	10.744052663003211	0.06655187141009444	10.73897552931596	0.06647585029529278	19.186732681103152	2.8883562208648073e-12	8.253120409307257e-14	False	False
46	10.739006424894878	0.08282502706768746	3.9541058827317306	7.37041336212981	1.050470643131648	6.337459278823485	-0.33407073386717506	0.6365852097377787	9.211835843913228e-109	2.4863038144127713e-110	10.807149002606002	0.08968365795756922	10.739006652061526	0.08282505894032877	10.739006652061526	2.2716664815902732e-07	3.187264130399825e-08	False	False
47	10.739036066044237	0.08508113197474959	3.9850516174872257	8.060687052886374	1.0521803015245381	6.426415384560263	-0.26950939041289323	0.6376212627238701	4.636333627200702e-109	1.2513612028612142e-110	10.784169767279982	0.0863290582966146	10.739036066891385	0.08508113212269079	10.739036066891387	8.471481294236582e-10	1.4794120095640295e-10	False	False
48	10.738986826782574	0.07465564578107779	3.9624346420521324	8.68946768614206	0.9496770289428524	6.038327936842047	-0.6045662259229122	0.5755042795393686	2.0052656296610557e-72	5.4122757595940435e-74	10.746104035670948	0.07476939170722195	10.738986826759911	0.0746556457785252	17.724956618026763	-2.2662760557068395e-11	-2.5525970226425443e-12	False	False
49	10.73902284961029	0.08094897458047201	3.57325498611905	8.207620014011724	1.0069087970359378	6.459262189189321	-0.3245937625950897	0.6101867310037783	8.284393961410308e-109	2.235984298391781e-110	10.772400337426141	0.08151881754032812	10.739022849625188	0.08094897458086321	10.739022849625188	1.48983048120499e-11	3.912009605144817e-13	False	False
50	10.739027518311842	0.061092408010534144	3.319871131525546	8.176714662130482	0.8871398970706366	6.900256270769086	-0.48082504933497555	0.5376067776248057	0.00018332320940497775	4.947951771363338e-06	10.75675601702102	0.061319313003568104	10.739027518323498	0.06109240801127971	15.380547299726434	1.1656453580144444e-11	7.4556333329312e-13	False	False
51	10.739027185811794	0.07575433899223281	4.01519004807051	7.942204955485807	1.0073719123474336	6.014220637556258	-0.49023396760662713	0.6104673788825448	nan	4.947951771363338e-06	nan	nan	10.739027185811794	0.07575433899223281	nan	nan	nan	False	True
52	10.739014091340758	0.0760750442825079	3.7186726715538274	8.004898367467908	1.043663262885673	6.443143969244706	-0.3632509018553181	0.6324599373087179	1.0257725938368628e-108	2.768592879845828e-110	10.78650702413039	0.07749487961263034	10.739014091420746	0.0760750442975673	10.739014091420747	7.998757212135388e-11	1.505939817292301e-11	False	False
53	10.738980717603969	0.09615786548168775	3.1893217888911405	8.57526379980297	1.09275054047961	6.505223264678034	-0.2181211154513605	0.6622068275306436	2.2173734130424656e-29	5.9847614180703575e-31	10.774983522992796	0.09687031352446394	10.738980717627575	0.09615786547903077	12.588289421550881	2.360600603878993e-11	-2.6569857425329246e-12	False	False
54	10.738986694152088	0.07102615212691699	3.828567176375957	8.526950354301997	1.0671960610475868	5.800052543984186	-0.4424012275668218	0.6467208129948376	8.615493491995123e-275	2.325349115545709e-276	10.755640226649508	0.07144393288532808	10.73898669412097	0.07102615210932571	20.673098509993416	-3.111821911261359e-11	-1.7591275658368488e-11	False	False
55	10.739003062014337	0.07421921067587398	3.9129450733797357	8.746741208692743	1.0796055213382294	6.095785975397305	-0.315517147522945	0.654240945930967	nan	2.325349115545709e-276	nan	nan	10.739003062014337	0.07421921067587398	nan	nan	nan	False	True
56	10.738981901654387	0.08791787135076437	5.203031882325288	8.315073095132105	1.0822271833401116	5.421928169549962	-0.2106156346943677	0.6558296731041076	0.0	0.0	10.764347007983998	0.08842939299419646	10.738981901861127	0.08791787136946219	10.738981901861129	2.0673951439675875e-10	1.8697821069224574e-11	False	False
57	10.739017088641202	0.0817401398861271	4.10767848473277	8.044214268708522	1.1336410202367162	5.437122640296704	-0.14032073968701256	0.68698645826345	8.868946977857164e-109	2.3937570180911487e-110	10.768904912920323	0.08306973056091654	10.739017087972831	0.08174013980581009	10.739017087972837	-6.683702480358988e-10	-8.031701692612359e-11	False	False
58	10.739065382578417	0.08539749657687684	4.787551982824751	9.017655336551	1.0498849729839745	7.137048552696786	-0.14347784314115158	0.6362302936282885	0.0	0.0	10.747082205294614	0.08553694908508823	10.739065382559033	0.08539749657483334	19.63245274065728	-1.9383605831535533e-11	-2.0435042547006788e-12	False	False
59	10.739011066052827	0.0679882089762279	3.4477692660358095	9.139957472762223	0.9310471791388909	7.141165217290207	-0.4895126015662235	0.5642145905581679	0.0	0.0	10.742001643523881	0.06802925412781513	10.739011066220726	0.06798820898011863	26.342864827342698	1.6789947210327227e-10	3.890734956435438e-12	False	False
60	10.738967172059521	0.05916391973683474	2.6804538359510044	8.126536847591288	1.1123137836131298	5.927052383502408	-0.22830375284289428	0.6740621528695566	1.3692045550424028e-109	3.695526674156542e-111	10.78163704516468	0.06026034529932203	10.738967171924651	0.05916391971469254	10.738967171924655	-1.3486989303146402e-10	-2.2142204736397275e-11	False	False
61	10.739057580834526	0.08263702246635035	4.112031474624094	8.009472364683141	0.929846156161742	6.375753572007566	-0.478211045486487	0.5634867706340156	1.3220872759125035e-69	3.5683556380998955e-71	10.770765944088593	0.08317880947937827	10.73905758091382	0.08263702247194846	11.514235868927537	7.929301659714838e-11	5.5981053126430425e-12	False	False
62	10.739009175709331	0.06804805616707958	5.2290567734975575	7.715854312049123	1.0049123890627776	6.322270948333631	-0.45771959317231864	0.6089769077720432	0.0	0.0	10.788031588371497	0.06974164236328258	10.739010226631413	0.06804806236178851	10.739010226631414	1.0509220818022413e-06	6.194708926376968e-09	False	False
63	10.739065018044963	0.06785415710349225	4.724585118912172	9.251927914566634	1.069258645126489	5.596529868788406	-0.3859774194957817	0.6479707389466522	nan	0.0	nan	nan	10.739065018044963	0.06785415710349225	nan	nan	nan	False	True
64	10.738943590541354	0.08822933523782932	4.123533341864914	8.337193206319878	0.9372649852266032	6.505519101847729	-0.45067111529005704	0.5679825810473215	6.045113820935767	0.16315954611244088	10.755331499766774	0.08852563927080677	10.738943590568132	0.08822933523481828	14.571265437493226	2.6778579353958776e-11	-3.011035865085887e-12	False	False
65	10.739014949896447	0.08432863779183583	4.167477177240855	8.196233671928313	1.0030554790972726	6.53247515784888	-0.30315214043968425	0.6078516203329472	7.979731574894924e-109	2.1537549505683708e-110	10.772620734278739	0.08491710089796856	10.73901494997177	0.08432863780234466	10.73901494997177	7.532285906108882e-11	1.0508829917377227e-11	False	False
66	10.739014483603626	0.07595134976276335	3.9987568567347904	8.973638672720293	1.0434002135457747	5.865341797623902	-0.5275853929279221	0.6323005294087395	nan	2.1537549505683708e-110	nan	nan	10.739014483603626	0.07595134976276335	nan	nan	nan	False	True
67	10.739069525391974	0.08229291067178603	3.5649123507450584	7.336165771374483	0.929846156161742	6.375753572007566	-0.478211045486487	0.5634867706340156	1.14965002047006e-109	3.1029419971949688e-111	10.812753158131631	0.08498352572548225	10.739069525314152	0.08229291066688332	10.739069525314154	-7.782219313412497e-11	-4.902703243381268e-12	False	False
68	10.738981141493738	0.06934366700825796	3.4024126286731997	8.53898072284067	0.889383431153131	6.919674824055087	-0.47760109350501495	0.5389663592787973	1.1848965700664488e-255	3.1980735564099482e-257	10.746952636609814	0.06945669066748672	10.738981141515016	0.06934366701122634	20.45738530097008	2.12772022223362e-11	2.9683755453646654e-12	False	False
69	10.738976151995846	0.07584179519361228	3.838401923625398	8.348739790729905	0.9933416388539841	5.584389928170353	-0.43922301688243026	0.6019650331455143	6.212526710552791e-24	1.6767807328866824e-25	10.75547191951967	0.07611416959695705	10.73897615204564	0.07584179520145214	12.755545698173734	4.979305856522842e-11	7.83985376617835e-12	False	False
70	10.739026930867624	0.07222325341463394	4.082201343167964	8.242577847675697	0.9178211385860857	5.742930112860187	-0.5786802707367514	0.556199609983168	3.1549257190817483	0.08515244933207253	10.753000765060259	0.07243939887662451	10.739026930867574	0.07222325341470129	14.95563710106015	-4.973799150320701e-14	6.734890423132356e-14	False	False
71	10.738993025766584	0.06520322020673466	4.064561647309911	8.025229401601544	1.0457583813869302	5.449043889416545	-0.13497144501782415	0.6337295791204797	5.53060584325485e-109	1.492728120332712e-110	10.77231563653079	0.06572418647753563	10.738993025644326	0.06520322018223688	10.73899302564433	-1.2225775947172224e-10	-2.4497778805532278e-11	False	False
72	10.73898190561256	0.07318015620569933	4.396962942923183	8.924348842673739	1.0736024808739149	5.07022693948612	-0.22939230244685904	0.6506031034095924	1.1005588086501522e-74	2.970443253980139e-76	10.743915939355302	0.073263700408603	10.738981905618497	0.07318015620565947	17.769419073787624	5.936584557275637e-12	-3.985700658404312e-14	False	False
73	10.738952735987864	0.08827820578817087	5.011127760557852	8.472045538542154	0.878942995695494	5.168822706303353	-0.5230876833246101	0.5326394553914693	0.0	0.0	10.744430969354212	0.08837927825326247	10.738952735980769	0.08827820578789092	21.565352000468422	-7.0947692165646e-12	-2.7995661344704104e-13	False	False
74	10.73899706666505	0.08083691778716186	4.415222984210978	8.471889771085326	1.044074092840535	6.606174911074306	-0.31308697094736987	0.6327089002613642	nan	0.0	nan	nan	10.73899706666505	0.08083691778716186	nan	nan	nan	False	True
75	10.738968732022904	0.08333099153562654	3.6777052555492036	8.30965653876072	1.1864062680336258	4.184837290527154	-0.2849376545356198	0.7189621984283773	nan	0.0	nan	nan	10.738968732022904	0.08333099153562654	nan	nan	nan	False	True
76	10.738958891296837	0.07759651149842654	3.590238452826293	7.6299814907742585	1.1247305123452214	5.434017424255453	-0.22316732935192723	0.6815866904812041	4.847219589218805e-109	1.308279995233982e-110	10.768479378535265	0.08134446663723167	10.738958891389391	0.07759651150471636	10.738958891389395	9.255352040327125e-11	6.2898158903479384e-12	False	False
77	10.739016125824158	0.06350869215352993	3.867648755256446	7.17963114581146	1.0804619674301306	4.563789208788135	-0.1158329537270748	0.6547599522626592	4.1683728365526625e-109	1.125057096003663e-110	10.774310980702154	0.06692470066407585	10.739016125297184	0.06350869213941378	10.739016125297182	-5.269740199764783e-10	-1.4116152691201478e-11	False	False
78	10.738977156101692	0.05851226368990029	4.525290101504221	8.379513956143152	0.9724206910981771	6.891247786921623	-0.5699215554217414	0.5892869388054953	nan	1.125057096003663e-110	nan	nan	10.738977156101692	0.05851226368990029	nan	nan	nan	False	True
79	10.73897250330392	0.08586543218894288	3.628096668476885	7.701383796562449	0.988219458260379	6.486417400674516	-0.2399945180610923	0.5988609917057897	5.685605876749052e-109	1.5345631227188416e-110	10.799170288691093	0.08743544295439552	10.73897250329644	0.085865432187789	10.738972503296441	-7.480238650714455e-12	-1.1538825450685408e-12	False	False
80	10.739021881462348	0.07742719145843123	3.5192502846797113	8.055672016252714	0.9138330266968889	5.53624121652015	-0.48448740620752145	0.5537828141783147	0.00010314067167835282	2.783799557006082e-06	10.758315455671317	0.07774492417509701	10.739021881490654	0.07742719145868397	13.715084862417964	2.830624623584299e-11	2.527422715559169e-13	False	False
81	10.738998817723324	0.06508979466701642	4.048876259883069	8.53461793305724	1.0228015158375725	5.307131424806253	-0.03663866863347415	0.619817718597569	5.753656622240567e-44	1.552930235524155e-45	10.747176053708506	0.06520917943169331	10.738998817752293	0.06508979466587485	17.033476619872843	2.8968827336939285e-11	-1.1415729472830094e-12	False	False
82	10.739030583562698	0.10023586042171807	4.348288181041791	8.66093981397421	1.0735064853633678	5.060529780144379	-0.23712177106876314	0.6505449301302009	0.3638579315987715	0.009820641385355634	10.748837135995824	0.10045303472413664	10.73903058371609	0.10023586043952884	14.27113025180977	1.5339196579589043e-10	1.781076675033688e-11	False	False
83	10.738991495309985	0.06950817211789306	4.2654743934940536	7.961833282635561	1.0059500825702063	6.487773081915139	-0.19795680707834198	0.609605750037545	9.070979755461594e-109	2.4482863078120686e-110	10.784004567203704	0.0702439634904091	10.738991495298547	0.06950817211761848	10.738991495298551	-1.1437961688898213e-11	-2.7458590956541684e-13	False	False
84	10.73896615980777	0.08037924176227085	4.069161663565825	7.929392682769306	1.076443511865015	5.442894176522428	-0.4178133656892217	0.6523247681901991	5.99622744182283e-109	1.6184008718024947e-110	10.753300101636839	0.08195242622620051	10.738966159914373	0.08037924177415115	10.738966159914375	1.0660272664608783e-10	1.188030229748449e-11	False	False
85	10.739003858406033	0.07897527870360355	4.64987832093042	8.515427176255242	1.0069087970359378	6.459262189189321	-0.3245937625950897	0.6101867310037783	0.0	0.0	10.755467548648847	0.07924690068430738	10.739003858407122	0.07897527870370322	13.348129627705728	1.0889067425523535e-12	9.967027203572343e-14	False	False
86	10.73899656481445	0.08601458685677854	4.192359483161152	8.083699998682436	1.053447649775554	5.303476053468966	-0.43827580265457117	0.6383892757639857	7.238983071827615e-109	1.9538245718791185e-110	10.764046869042419	0.08685489943684027	10.738996564742898	0.08601458684696507	10.738996564742898	-7.155165349104209e-11	-9.813469481478876e-12	False	False
87	10.73897181847206	0.06221782584360453	4.203255638287349	9.475802628224578	1.090267289950417	5.351413117198264	-0.3621141237313967	0.6607019777099528	nan	1.9538245718791185e-110	nan	nan	10.73897181847206	0.06221782584360453	nan	nan	nan	False	True
88	10.738973106522186	0.0855660470501962	3.8279078519190555	8.865557528139288	1.0037331639762286	4.607353957048462	-0.26412684085148724	0.6082622973695945	3.3660665267604524e-301	9.085120693484315e-303	10.742182302236746	0.08562812318544641	10.73897310652292	0.08556604705021642	20.9561159271597	7.336353746723034e-13	2.0219936835985663e-14	False	False
89	10.739043386497922	0.07771063988031301	2.805209770615308	7.824403715760286	1.107750679941451	6.66823063766977	-0.019085105191264884	0.6712969120445192	7.730529187668107e-109	2.086494433075302e-110	10.795957915633762	0.08010734218257182	10.739043385009728	0.07771063964908512	10.73904338500973	-1.4881944565559024e-09	-2.3122789793994514e-10	False	False
90	10.73892154614267	0.08147798561104028	3.7615869878733754	8.955430461683095	0.9372649852266032	6.505519101847729	-0.45067111529005704	0.5679825810473215	0.0	0.0	10.742808752371767	0.08154199504430251	10.73892154613509	0.08147798561142781	23.878787902149604	-7.579714633720869e-12	3.875372245332187e-13	False	False
91	10.73897736196522	0.08658927731049813	4.0251780545961	8.991772730777075	1.0348638484561665	4.639077485831855	-0.16949625768295123	0.6271274921644369	0.0	0.0	10.741699511125294	0.0866429024018644	10.738977361968276	0.08658927730908486	21.295156968971877	3.055333763768431e-12	-1.4132722769844008e-12	False	False
92	10.738997301865856	0.060244905988286926	3.862757155429428	8.545541035539996	0.9170098844673963	6.061764593841905	-0.4900298492965798	0.5557079899872421	1.368407597492941e-174	3.6933756603643666e-176	10.746275979551124	0.0603390892088564	10.738997302184204	0.06024490600700224	19.43453495136403	3.183480146162765e-10	1.8715314020756324e-11	False	False
93	10.739060164245444	0.05921591196084788	3.832993968374936	8.0728748742111	1.1795502654348307	4.69482037964656	-0.12532590560693393	0.7148074608535073	4.596271094081833e-110	1.2405481976583156e-111	10.74462663567922	0.05999276935216273	10.739060164164993	0.05921591195048411	10.739060164164995	-8.045120125643734e-11	-1.0363772340316046e-11	False	False
94	10.739021240086453	0.06934662277749976	3.464275592582674	8.8870640657253	0.901003852495994	5.656724210832815	-0.651951185468074	0.5460083346125724	0.0	0.0	10.74181110321268	0.0693873855381884	10.739021240087075	0.0693466227775991	25.35111142314053	6.217248937900877e-13	9.93510829161437e-14	False	False
95	10.739006901672427	0.08589105869298322	4.5607755040458375	8.172160366732042	0.9064555829511284	6.160928706441365	-0.5007712548914517	0.5493120832683838	0.0	0.0	10.756529873816216	0.08620236483631653	10.739006901686436	0.08589105869435659	14.667457147192202	1.4008350035510375e-11	1.3733736370369343e-12	False	False
96	10.738932978338658	0.0646396208668512	3.8879431303227014	8.172536323489158	1.0617446424184218	5.93933151251151	-0.2967332956217316	0.6434172533055637	nan	0.0	nan	nan	10.738932978338658	0.0646396208668512	nan	nan	nan	False	True
97	10.738965114629298	0.06243548763220778	4.512774753070262	8.581029568005627	0.9288170903571457	5.683121531159356	-0.373583242062899	0.5628631567564303	0.0	0.0	10.74500330181578	0.0625174429360847	10.738965114612094	0.06243548763009577	20.48472229427097	-1.7204015989591426e-11	-2.112005015320051e-12	False	False
98	10.73900272067809	0.07952329736442941	4.1195727248467495	8.932873511555574	1.0822271833401116	5.421928169549962	-0.2106156346943677	0.6558296731041076	1.9409635539368585e-41	5.238722410558446e-43	10.745270387125217	0.07963426719205163	10.739002720724642	0.0795232973765371	16.96869135066034	4.6551207333322964e-11	1.210768985071553e-11	False	False
99	10.739037229772482	0.06292896915098407	4.0015982983963125	7.767462893346218	0.9833869960273754	6.314450719261866	-0.33001943755308505	0.5959325195925895	2.2053069501233138e-109	5.9521936505908916e-111	10.791724394237086	0.06388765659040734	10.739037230225923	0.06292896921321676	10.739037230225923	4.5344172860950493e-10	6.223269122251907e-11	False	False
100	10.7389727415602	0.08122435577295742	4.086689099316075	8.80607032856806	1.0433979252945293	5.609320390740953	-0.3534653367767754	0.6322991427284848	0.9123777131991979	0.02462536487785176	10.746996611996574	0.08136735464813324	10.738972741599461	0.08122435579072065	15.028567184977941	3.9261038864424336e-11	1.7763235327095117e-11	False	False
101	10.739031555014726	0.07977732757389018	3.97985735227393	8.787650611040824	1.022358192037383	6.700556921859341	-0.08871592175523674	0.6195490643746541	9.255150542760162e-130	2.4979945894969183e-131	10.747081137213083	0.07991148028005761	10.739031554944905	0.07977732756587036	18.775094964686442	-6.982148192946624e-11	-8.019820918470089e-12	False	False
102	10.739017303760999	0.09036021279186839	4.181795167388851	7.852996443648735	1.0616887888791595	5.585165195754084	-0.4796748517875393	0.6433834060607706	4.0740682678971094e-109	1.099603992763685e-110	10.756753680091142	0.09257900107606006	10.739017303786445	0.09036021279198228	10.739017303786447	2.5446311724408588e-11	1.1389500453873325e-13	False	False
103	10.738979093913004	0.07806138539540662	4.441399648727711	8.023510793333246	1.093912121398867	6.46181542047753	-0.17879199312470978	0.6629107455677133	1.0316620833272405e-108	2.7844887994355647e-110	10.792330144626325	0.0798250765706486	10.738979093940255	0.07806138539785172	10.738979093940259	2.7251090273239242e-11	2.4450996782832135e-12	False	False
104	10.739023623870949	0.07904258259137384	3.2361753786800507	7.942911308397983	1.052672207098746	4.865809726426955	-0.1936226261127744	0.63791935750184	8.095178953726943e-109	2.1849145655699416e-110	10.770660228307936	0.07973734299609454	10.739023623763067	0.07904258258727338	10.739023623763067	-1.0788170357045601e-10	-4.10045608578713e-12	False	False
105	10.73895229669333	0.07535267733816935	3.7734018468355712	8.125042774915034	0.9900118194673061	6.742572588126665	-0.3366826870645919	0.5999471625971875	4.1151058469368204e-109	1.1106801659640701e-110	10.777197374643794	0.0759697036835265	10.738952296653844	0.07535267733867183	10.738952296653848	-3.948663618302817e-11	5.024869409453459e-13	False	False
106	10.738991088827218	0.05737307624351011	5.288776745069357	8.205505289633072	0.8510803393346208	6.683628904932088	-0.6202915311073457	0.5157546856367802	0.0	0.0	10.751672663589048	0.057526623247348044	10.738991088864767	0.057373076242845544	17.78346168541358	3.7548630871242494e-11	-6.645656247528109e-13	False	False
107	10.73900951421333	0.07631645955205495	4.625173217756746	7.936677861352837	1.0916103870586569	6.28139580244918	-0.15003540495995604	0.661515894557546	0.0	0.0	10.785872084034697	0.0780021493242186	10.739009514209599	0.07631645955084375	10.7390095142096	-3.732125719579926e-12	-1.2111978087148145e-12	False	False
108	10.739012379785494	0.07426434739978055	4.315619718420443	9.1254123425793	1.0073719123474336	6.014220637556258	-0.49023396760662713	0.6104673788825448	nan	0.0	nan	nan	10.739012379785494	0.07426434739978055	nan	nan	nan	False	True
109	10.739001657040719	0.08426461437488433	4.450910528627426	9.012970820816625	0.9986628668484054	5.449614832796348	-0.40410371366573583	0.6051896973101337	0.0	0.0	10.74245641855502	0.08432703112308347	10.739001657043467	0.08426461437517366	21.421451471178752	2.7480240305521875e-12	2.893241202173158e-13	False	False
110	10.739007231798375	0.08681665171965194	4.486103471486587	8.652388809089704	1.0434002135457747	5.865341797623902	-0.5275853929279221	0.6323005294087395	nan	0.0	nan	nan	10.739007231798375	0.08681665171965194	nan	nan	nan	False	True
111	10.739005486409894	0.09235314856593976	3.840272030710488	7.8520512216700284	0.9299014601914077	5.0501296242386315	-0.2633801341382217	0.563520284875993	3.109174392755311e-45	8.391760647243747e-47	10.766197227740415	0.09288701164773967	10.739005486228566	0.09235314854449048	12.102456719616264	-1.8132872980913817e-10	-2.14492867911531e-11	False	False
112	10.739034497814366	0.06976345728945849	3.9864898625681335	8.319140840214418	0.9344804091683347	8.427010489047419	-0.44618518569462484	0.5662951279560109	1.0293972537771146e-71	2.7783759523930354e-73	10.769508200187651	0.0701939257349544	10.739034498961317	0.06976345779140136	11.45746704649831	1.1469509786365961e-09	5.019428761521283e-10	False	False
113	10.73902882229928	0.07954090991550893	4.422503460490475	7.4335167816539505	1.1541656134733855	4.539223316515829	-0.15696127018670852	0.6994243617648717	7.4937437814584e-109	2.022585298280475e-110	10.746210475494948	0.0834369489143426	10.739028821050999	0.07954090977657044	10.739028821051	-1.248281478183344e-09	-1.389384857164444e-10	False	False
114	10.73897823275972	0.07234583515345164	4.9483333114318455	8.418175245008857	1.0024281063131244	6.138620581657387	-0.29199836282258934	0.6074714324257534	0.0	0.0	10.755459831021016	0.07259981022048119	10.738978232723184	0.07234583514755397	13.501647840039917	-3.653610747278435e-11	-5.897671240262525e-12	False	False
115	10.739003735153831	0.0882222894466466	3.994249367184434	9.354072356712454	0.9204439357237955	5.645837844121026	-0.5050546432770032	0.55778902504862	0.0	0.0	10.740082011266244	0.08824183562274288	10.739003735157493	0.08822228944631433	30.30093083848048	3.661071446003916e-12	-3.3227587348250154e-13	False	False
116	10.738952806406756	0.07686988286719663	3.6746521491257877	8.436175369798745	0.9958987732556546	6.479279546292447	-0.6158542858921209	0.6035146565929267	nan	0.0	nan	nan	10.738952806406756	0.07686988286719663	nan	nan	nan	False	True
117	10.739016411671868	0.07879538915475602	4.747168731200405	8.32333815277913	0.8437529021404493	5.242108055159646	-0.6720617383488989	0.5113142586971122	0.0	0.0	10.74548673780878	0.07890328264767608	10.739016411695353	0.07879538915798322	21.173708067446196	2.348521377371071e-11	3.227196287980405e-12	False	False
118	10.739036365122193	0.07407597313005457	3.863822773262232	8.190126349472733	1.0774680263162555	6.182775412998467	-0.2173570909513603	0.6529456239476508	6.08712280724352e-109	1.6429338202383083e-110	10.776940359261319	0.07490871469539934	10.73903636538184	0.07407597308622037	10.739036365381844	2.596483028582952e-10	-4.383420015852124e-11	False	False
119	10.739022293289107	0.08271001370761381	5.109333806100199	8.774959067282118	0.9602946280945196	4.250624439462944	-0.4082513879276094	0.5819385446252788	0.0	0.0	10.741789097571464	0.08276302563583697	10.739022293257957	0.08271001370748345	21.49889866638376	-3.115019353572279e-11	-1.30367938666609e-13	False	False
120	10.738940744503426	0.078817093728138	4.6954986936311265	7.2657791444699455	1.1118740698923864	5.418511498747869	-0.33891387505968595	0.6737956863547861	nan	0.0	nan	nan	10.738940744503426	0.078817093728138	nan	nan	nan	False	True
121	10.739035485287793	0.08388640693206172	4.678536212634918	9.06639144886629	1.0525003989830801	6.371285145385212	-0.36552464154999753	0.6378152417837465	nan	0.0	nan	nan	10.739035485287793	0.08388640693206172	nan	nan	nan	False	True
122	10.738946255573495	0.06817235648887522	3.483569249382367	8.62573990945608	1.0730107599798377	5.384243044370936	-0.18555296170169747	0.6502445205477817	0.3600412049899856	0.009717626719367363	10.750105348413975	0.06834272301364755	10.738946255659803	0.06817235649432266	14.154240548286916	8.630784975593997e-11	5.447434170413601e-12	False	False
123	10.739002378853927	0.08163299673597822	4.579288460912698	8.494845621256623	0.8559346237490533	6.205070331204892	-0.787104314957889	0.5186963819919262	0.0	0.0	10.74536640018067	0.08173842992783902	10.739002378881732	0.08163299673652667	21.640335503328803	2.780531360713212e-11	5.484501741648273e-13	False	False
124	10.738983986925126	0.06568657776957429	2.842181520430911	7.702626955735834	0.9537891853129566	5.595761741311199	-0.5899481064313128	0.5779962462996517	6.272005591940881e-109	1.6928342722872923e-110	10.783916461817807	0.06655297954130363	10.738983987078612	0.06568657780756428	10.738983987078614	1.5348611270837864e-10	3.798998615689442e-11	False	False
125	10.73897843039509	0.07207085705804622	3.9476777766355404	8.436722189142463	0.934980778200461	5.776452789766963	-0.2668487798893124	0.5665983515894794	4.3903460629869895e-114	1.1849683763317687e-115	10.747650560703404	0.07220483682511301	10.738978430380445	0.07207085705595039	18.513724364139954	-1.4644285784015665e-11	-2.095837392523947e-12	False	False
126	10.739051532610576	0.07154125809266419	3.528656085759404	9.027504545653628	1.0938675605414891	5.343094001707229	-0.4273907957356434	0.6628837416881425	nan	1.1849683763317687e-115	nan	nan	10.739051532610576	0.07154125809266419	nan	nan	nan	False	True
127	10.739013236836849	0.095263975220326	4.445988570564126	8.105596955225856	0.9874807732120782	5.940433650687483	-0.301220328942983	0.5984133485665194	2.7316282381853458e-89	7.372751559229629e-91	10.769174449167728	0.09585704028884948	10.739013236830145	0.09526397522119107	11.110403707473147	-6.703970711896545e-12	8.650719030001142e-13	False	False
128	10.738959639952075	0.08013633550472438	4.639166646631982	8.230544926651346	0.9510573172350394	6.276782430799657	-0.387591055718799	0.5763407342444339	0.0	0.0	10.759055055426728	0.08047246981528569	10.73895963995064	0.08013633550481374	13.33836165408616	-1.4352963262354024e-12	8.935907569451729e-14	False	False
129	10.738997116759924	0.07775511129199524	3.476846282093942	8.94230628402343	0.9780147523810806	5.563652013916744	-0.47779270560352693	0.5926769399429348	7.33826e-319	1.9807e-320	10.742835921826522	0.0778191340391585	10.73899711676141	0.07775511129250046	21.143358880661076	1.4868106745780096e-12	5.052208651434853e-13	False	False
130	10.739015730755051	0.06432273429257251	3.8733066468337882	8.156508492837496	1.0915475692554355	5.661033072885173	-0.15603716790007827	0.6614778269687939	4.545540777426031e-109	1.2268559237245558e-110	10.772179202597217	0.06493078417134711	10.739015730709704	0.0643227342832102	10.739015730709706	-4.5346837396209594e-11	-9.362316477634636e-12	False	False
131	10.73903705553353	0.07552455723762234	3.5806337259070156	8.468304423845408	1.1086224230030184	6.2596984497298545	-0.17736527883109798	0.6718251883398291	1.7414357473630108e-87	4.7001905098909336e-89	10.77697579269478	0.07616124787393955	10.73903705558451	0.07552455723214987	11.13494998820989	5.097966493394779e-11	-5.472469699618898e-12	False	False
132	10.738996071841242	0.09317514529346531	4.5893013865096846	7.781491495374366	1.114524799084114	5.500308083883417	-0.10802600188235455	0.6754020282449731	0.0	0.0	10.778193877101527	0.09551211680004537	10.738996070689597	0.09317514521004414	10.738996070689598	-1.151645889763131e-09	-8.342117274739991e-11	False	False
133	10.73900123467975	0.09525988325140682	3.467600469400396	8.679331054349314	1.0349049669748143	6.042221362931623	-0.27287050684661307	0.6271524099867374	5.264021908478583	0.14207762678327185	10.750856104786397	0.09549374170021767	10.739001234689178	0.09525988325345427	14.747826392223518	9.42890210353653e-12	2.047459424225906e-12	False	False
134	10.738972177719583	0.08666611316293388	3.3521507635240644	8.68516593890503	0.9914127096760923	6.065171187774264	-0.3797798957374089	0.6007961020637119	7.514594177334039e-35	2.0282128864915557e-36	10.748029708919097	0.08683024694848168	10.738972177716017	0.0866661131630266	16.764915929554263	-3.566924533515703e-12	9.271750034400839e-14	False	False
135	10.739027730320107	0.08146074878801202	3.54962623304003	8.643674764139451	0.9442553566696292	6.376975395379985	-0.32583453298696513	0.5722187461417954	4.425350986136526e-203	1.194416316506194e-204	10.746359974806401	0.08158504668946634	10.739027730304738	0.08146074878726597	19.819993977939706	-1.5369039374490967e-11	-7.460421169724896e-13	False	False
136	10.738976711726364	0.07174170102381089	3.840491516177321	9.477164817448273	1.0092247531317657	6.273573922921608	-0.438325592154782	0.6115902003978501	nan	1.194416316506194e-204	nan	nan	10.738976711726364	0.07174170102381089	nan	nan	nan	False	True
137	10.739044036059234	0.10911254176307772	4.215560755597058	7.7723933984793785	0.8630152180915611	5.4766743900607295	-0.43849257898887106	0.522987222163486	6.907398312336852e-20	1.8643287898990513e-21	10.76815646306247	0.10975035724523938	10.739044036070931	0.1091125417629163	13.01557276750485	1.169730978745065e-11	-1.6141254999268995e-13	False	False
138	10.738988454299971	0.0837926034432955	4.379427988654859	8.801293924799857	1.0991418117551017	5.479233119874016	-0.09533823913558828	0.6660799379235917	3.6610450741194836e-09	9.88127718161073e-11	10.747701815209272	0.08395267350277827	10.738988454306515	0.08379260344541367	15.741842181006625	6.544098596350523e-12	2.1181667531067205e-12	False	False
139	10.739051446731956	0.09030260601273485	4.297128699445762	8.375248888951017	0.9614397108622567	6.837104759015791	-0.5099260680974398	0.5826324647825275	9.875171385466011e-67	2.6653401883933172e-68	10.761183506207582	0.09070842036048972	10.739051446771388	0.0903026060247216	11.581469654921888	3.943156912100676e-11	1.1986744929970428e-11	False	False
140	10.738995613338696	0.07955097362765058	4.391293576441663	8.04691644760309	1.0774680263162555	6.182775412998467	-0.2173570909513603	0.6529456239476508	1.104727584337676e-108	2.981694912247769e-110	10.78174334100407	0.0808176147922868	10.738995613310827	0.0795509736254031	10.73899561331083	-2.786926245335053e-11	-2.2474799798999356e-12	False	False
141	10.73903269287572	0.08872170711987104	4.402974360145869	8.09794774356717	1.1050252629453918	4.5005005704296215	-0.3108443863003655	0.6696453093449074	3.368915685549551e-109	9.092810663741312e-111	10.748931890044387	0.08939960159132482	10.739032692556274	0.08872170709821418	10.739032692556277	-3.1944580314302584e-10	-2.165685686339458e-11	False	False
142	10.739029902212527	0.09035747076305965	4.442764588547949	8.89313760576069	1.044074092840535	6.606174911074306	-0.31308697094736987	0.6327089002613642	nan	9.092810663741312e-111	nan	nan	10.739029902212527	0.09035747076305965	nan	nan	nan	False	True
143	10.739022654701479	0.06778956513729381	3.5245169623257007	8.457379597487465	1.026829479226248	5.342329138255245	-0.21863906710823894	0.6222586644111062	9.561817666977245	0.25807650224068507	10.751155506116685	0.06797191813283912	10.739022654697672	0.06778956513642016	14.357773775769076	-3.806732706834737e-12	-8.736483758653435e-13	False	False
144	10.738960697797296	0.07811252245495444	4.610764346020213	8.676324106320326	1.0937313769447639	5.935928981712888	-0.34833396717073495	0.6628012144285269	nan	0.25807650224068507	nan	nan	10.738960697797296	0.07811252245495444	nan	nan	nan	False	True
145	10.738996746392681	0.0851720337984146	4.307492748981794	8.158497346613535	0.9648951687513667	5.582492191693783	-0.33197116284809813	0.5847264722633282	1.5788387319760835e-18	4.2613359900985836e-20	10.759024926026992	0.08553338948629191	10.738996746565768	0.0851720338181524	12.969479270845689	1.73086434074321e-10	1.9737794731966574e-11	False	False
146	10.73897848438332	0.06791459350698392	4.788798432609433	8.438488914033837	1.0957103200115046	6.233079923088596	-0.11383014255795545	0.6640004539269717	0.0	0.0	10.767059350883525	0.06833338762625533	10.738978484434659	0.06791459350153296	10.738978484434659	5.133848901550664e-11	-5.450959128516786e-12	False	False
147	10.738999151240543	0.09406592145407153	4.607525534472868	8.518849799373069	1.0823698312887227	5.519987568100722	-0.23552352389692002	0.6559161177609659	0.0	0.0	10.75742527386698	0.09444105064230769	10.738999151373923	0.09406592145785092	10.833969522481878	1.333795296432072e-10	3.779393464853342e-12	False	False
148	10.738973300884194	0.07508718283769515	5.152824472784892	8.152478527182968	1.052672207098746	4.865809726426955	-0.1936226261127744	0.63791935750184	0.0	0.0	10.76187610031067	0.07547864876688797	10.738973300714603	0.07508718280845483	10.738973300714601	-1.695905638143813e-10	-2.924031849982356e-11	False	False
149	10.738980450785975	0.09403945404857605	3.9025264493886467	8.70191465978627	1.019697869287748	6.667656310852452	-0.2893881677661797	0.6179369087883754	0.82158383117591	0.022174809103467183	10.752148777955748	0.0942907172158317	10.73898045078246	0.09403945404886606	14.201202964955556	-3.5154101851730957e-12	2.900041318198987e-13	False	False
150	10.738939491042997	0.06819363814217454	5.122754341194867	8.55648860320896	0.9482000000210253	4.0766675819670635	-0.3444910675039126	0.5746092000127413	0.0	0.0	10.742734449315474	0.06825496812733771	10.738939491042967	0.0681936381415386	19.94608911922245	-3.019806626980426e-14	-6.359357485052897e-13	False	False
151	10.738982909021164	0.08090624976497976	4.457615552555261	7.771990198656297	0.9833869960273754	6.314450719261866	-0.33001943755308505	0.5959325195925895	8.967854966209764e-109	2.4204525989594783e-110	10.79305710807918	0.0821444139148977	10.738982909145426	0.08090624978702059	10.738982909145424	1.2426148998656572e-10	2.204082749646119e-11	False	False
152	10.738977228319131	0.08114188194357398	4.437257532882653	9.761810038168303	0.9756929839463203	6.06023444436283	-0.321862985779934	0.5912699482714701	0.0	0.0	10.739599847442818	0.08115229743716472	10.738977228326128	0.08114188194364003	31.649605710394162	6.9970695903975866e-12	6.6044392177389e-14	False	False
