Iteration_step	Porb	eccentricity	Wdisk	logQ	primary_mass	age	feh	secondary_mass	posterior_probability	acceptance_ratio	inital_orbital_period	initial_eccentricity	current_orbital_period	current_eccentricity	current_spin	delta_e	delta_p	bad_solution_flag	gsl_flag	
1	17.031	0.142	4.1	7.378937893789379	0.9026069054396175	5.973003053398489	-0.1457467700777285	0.648793843629997	73.62292455318916	0.0	17.05084629045284	0.14242318663270812	17.031000000150332	0.1420000000077773	17.031000000150332	1.503330793184432e-10	7.777306576528531e-12	False	False
5	17.031071697756683	0.14284501168572122	3.352658164237278	7.076842540593186	0.9899808864146589	6.722794917753952	0.042229268453412516	0.7115982611548568	28.67818598178956	0.389527937878519	17.061074695542313	0.14436506195345844	17.0310716977193	0.14284501168300073	17.03107169771931	-3.738165332833887e-11	-2.7204904995414836e-12	False	False
6	17.031078211445617	0.14231334452529634	3.6554865543178052	6.735033679042709	1.1539652054158986	5.262475033601108	-0.08520150067535215	0.8294701896529479	33.834253922744765	1.1797905887153834	17.055413271084863	0.15014284665577302	17.03107821211403	0.14231334456183167	17.031078212114032	6.68411104243205e-10	3.6535330316667114e-11	False	False
11	17.03097204323055	0.1428767497509345	4.028515483107134	6.663859156280943	0.9747627134679844	5.2483329879033525	0.0645439357505461	0.7006594384407872	51.454358839559774	1.5207771082243389	17.051909623776414	0.14540948996914121	17.030972042841753	0.1428767497363218	17.030972042841753	-3.887947741532116e-10	-1.461269993896508e-11	False	False
13	17.031030189294597	0.14186846129013367	3.7140896677050947	6.231714286499402	1.0349123227606276	5.486971390400334	0.10050231096082672	0.7438949776003391	76.32018579802589	1.483259873784463	17.0799205993573	0.15208670023527512	17.03103019045241	0.14186846135421693	17.031030190452405	1.1578116243526893e-09	6.408326647111551e-11	False	False
14	17.031027876943945	0.1421587412072421	3.1244671593775033	6.4676934575257174	0.8345924856616693	5.150426311606056	-0.23620956551468436	0.5999050786936079	69.06508971708568	0.9049386999641206	17.06131860875626	0.1444678821354172	17.031027877997463	0.14215874125511585	17.03102787799747	1.0535181615978217e-09	4.787376051140768e-11	False	False
19	17.031033819460202	0.14389080986793434	3.274380726465109	6.868788917298233	1.0786215227057663	6.142652060899993	-0.3761471412394303	0.7753131505209048	12.9239591152532	0.18712723270460047	17.096692685177484	0.1538045310907313	17.031033819191567	0.1438908098581865	17.031033819191567	-2.686348921088211e-10	-9.747841422935721e-12	False	False
20	17.031144677140638	0.1430532358762474	2.763199982382601	7.038713119989438	0.7223268267638538	7.25128376561487	-0.5840882657848641	0.5192085230778581	9.7140845797248	0.7516338061035784	17.06354311684655	0.1436097366631896	17.031144677373522	0.14305323589025093	17.64111254136757	2.3288393435905164e-10	1.4003520565353256e-11	False	False
25	17.031137531405637	0.14181191160494797	3.1565901554877005	7.333498182266023	0.8302184276990766	7.542399830992099	-0.47530660686580783	0.5967610058300963	9.230553113731483	0.9502236714098062	17.059572674175197	0.14231918496766016	17.031137531372597	0.14181191160331433	17.031137531372597	-3.304023721284466e-11	-1.6336376695846866e-12	False	False
32	17.031030118845422	0.1417318303086669	3.129732550554583	7.197941425894284	0.8185999880234939	7.453068372336755	-0.5321638969619862	0.5884096713912874	97.72912642312201	10.587569912548249	17.064399818789983	0.14237994082058042	17.031030119345612	0.14173183033677347	17.03103011934562	5.001901115520013e-10	2.8106572624864157e-11	False	False
34	17.03097863351684	0.14344156357745794	3.930354341090422	6.896261943199378	0.7571010803076186	7.182577398049121	-0.5743162778273673	0.5442042565251163	41.34547761560263	0.42306197884749114	17.072973347157568	0.14435683304763672	17.030978633482867	0.14344156357916718	17.030978633482867	-3.397104819669039e-11	1.7092438575616598e-12	False	False
35	17.030980290404123	0.14186454788317632	4.453548212379825	7.023142764997425	0.7860791475933793	6.311248096597413	-0.5647699359900564	0.565033691290121	115.16780302644045	2.7854993984391494	17.061957426287318	0.1425111145442298	17.03098029042453	0.14186454788418149	17.030980290424527	2.0406787371030077e-11	1.0051681709200011e-12	False	False
41	17.030955657897184	0.14288819785415682	3.518246514137798	6.7277557120282525	0.8283177367880422	5.4376971495630455	-0.46985332297633586	0.5953947892032447	53.66913440293627	0.4660081463099093	17.062742209392468	0.1442252654133488	17.030955657873392	0.14288819785167986	17.030955657873395	-2.3792523506926955e-11	-2.4769630790899555e-12	False	False
42	17.030915725575774	0.14150397420509006	3.074705598452562	6.919100722167496	0.908251808639188	6.735692076547777	-0.11845046760158161	0.6528514000498483	26.362510040111225	0.49120430827497963	17.066863326072465	0.14306267072714096	17.030915725485	0.1415039741999263	17.030915725485	-9.07753872070316e-11	-5.1637583098340656e-12	False	False
43	17.03090231408596	0.1433256082630861	2.2556378093779696	7.072233320284634	0.7792154964370893	7.487382268033638	-0.3578155149335507	0.5601000988389798	10.778930080913058	0.40887343672937987	17.068516437512205	0.14403075323035308	17.03090231422987	0.14332560825977905	17.030902314229873	1.439097729871719e-10	-3.3070490790265694e-12	False	False
