Iteration_step	Porb	eccentricity	Wdisk	logQ	primary_mass	age	feh	secondary_mass	posterior_probability	acceptance_ratio	inital_orbital_period	initial_eccentricity	current_orbital_period	current_eccentricity	current_spin	delta_e	delta_p	bad_solution_flag	gsl_flag	
2	8.817019912051093	0.012203606380874081	4.240738528593058	8.588521552244611	0.7649635268764045	3.661916292195395	-0.3367305112336651	0.7090446930617392	2.276796613472513e-50	1.5357922438145963e-51	8.821552580858661	0.012218549029421311	8.817019912051922	0.012203606381032017	21.514744013955546	8.29558643999917e-13	1.5793616414683243e-13	False	False
3	8.81703771664566	0.03307060262286862	4.493284547951415	7.6494121923278575	0.9062468148463677	2.4563041034672652	-0.15462259718238586	0.8400001726810982	0.0	0.0	8.84750058892522	0.03342899359671692	8.81703771680135	0.03307060266200767	8.817037716801352	1.5569057154607435e-10	3.913904617069974e-11	False	False
4	8.817017153812628	0.05141495728828772	4.566641586565367	7.395190889455155	0.7783791529946549	2.4100935407236483	-0.3993975313787985	0.7214796369107456	0.0	0.0	8.858542162998685	0.0520416614377209	8.817017154408326	0.05141495745571689	8.817017154408326	5.956977133791952e-10	1.6742917469114715e-10	False	False
5	8.817048864235709	0.04257716804292492	3.567247749079614	7.713402115098994	0.7954847767698098	4.278011437075916	-0.38890355603013904	0.7373348395879367	1.9739770982578013	0.13315281211474686	8.865058439243189	0.04312178225189813	8.817048864094623	0.04257716801556214	10.305936209621109	-1.410853656125255e-10	-2.7362778709516533e-11	False	False
7	8.816992375598106	0.0364852367468853	3.7928727297245883	7.392967314848519	0.8401608223366617	6.727830866043765	-0.17999317226542735	0.7787450662238516	3.470855055662832	0.31367734888344906	8.958352638110478	0.038597216764213904	8.816992376276074	0.03648523671629153	8.816992376276078	6.779679040391784e-10	-3.0593770572462375e-11	False	False
8	8.817004237903317	0.06612895929875798	4.114375251566596	7.256416445202167	0.7620346270202671	5.065728341019573	-0.4332166562541047	0.7063298957850855	0.31661020079386454	0.02861353955200239	8.942574549049516	0.06881745406116918	8.81700423582218	0.066128959298864	8.81700423582218	-2.081137040477188e-09	1.0602629885170245e-13	False	False
9	8.81698751073541	0.051778348946263014	4.116832575686126	7.048195786052381	0.8168443170926529	5.166873899693414	-0.3999791503893714	0.75713299751318	1.8801532752484602	0.1699182147961645	8.920662777670179	0.05637802118308657	8.816987510809742	0.05177834898338812	8.81698751080974	7.433165194470348e-11	3.712510854292361e-11	False	False
10	8.817028260841871	0.06206680553808143	3.0578161789976583	7.491548183375634	0.7880296060072429	5.774459460955035	-0.5273557848529201	0.7304246418081134	0.37440915537909475	0.03383710047626217	8.9335992209249	0.0639400080703157	8.817028260921942	0.062066805549727065	8.817028260921944	8.007106089280569e-11	1.1645635844548252e-11	False	False
11	8.816983348888591	0.06438456690461289	3.590610172875472	8.136051754006541	0.7914520072641971	5.600559497824131	-0.37977950576391273	0.7335968655331843	1.656352808204559e-05	1.4969232346524513e-06	8.843560784121047	0.06482101092764632	8.816983348904524	0.06438456690788211	13.991220188737536	1.5932144492580846e-11	3.2692182294624672e-12	False	False
12	8.816994752038722	0.07211857551340609	3.7027569011095745	7.381697900598291	0.8101741107759576	4.5140765367065345	-0.38225414584867107	0.750950383278235	0.07529505047195055	0.006804764658078331	8.915170122429673	0.07444681119692204	8.81699475252559	0.07211857557119464	8.816994752525591	4.868674352564994e-10	5.778855172167141e-11	False	False
13	8.817017571388927	0.07263446001457675	3.209914502730563	8.224343484391087	0.7889692555008239	6.163697362357099	-0.31611931982723657	0.7312956029237137	2.9403272366758076e-09	2.657310771146938e-10	8.841909994751946	0.07308789064587971	8.817017802512122	0.07263445975843451	14.939430642939245	2.311231952489834e-07	-2.561422463021046e-10	False	False
14	8.816989582746116	0.059912092218487874	4.692633188515304	8.062806196806715	0.8892574588279853	4.875092129422342	-0.16029110350286635	0.8242527385876596	0.0	0.0	8.854308978824381	0.06050049983691556	8.816989582741476	0.05991209221507735	10.782014321423958	-4.639844064513454e-12	-3.410521864921634e-12	False	False
15	8.817018001396578	0.05829844302275058	4.3705321701378725	8.30150686691688	0.7493491111225817	6.476775667530111	-0.6229381500561322	0.694571691099521	1.0350911215900662e-18	9.354600917241774e-20	8.83492077391461	0.05855500660793318	8.817018001417594	0.05829844302658969	17.314861481268842	2.1016077766944363e-11	3.839109585790368e-12	False	False
16	8.816983533991893	0.05880231655445384	4.704579371049173	7.995257268323208	0.7495966051803344	5.284847501686351	-0.40133474813273456	0.694801093341652	0.0	0.0	8.845692841712829	0.0592355837722522	8.816983533815748	0.058802316525607655	13.967455716342263	-1.7614532055176824e-10	-2.8846182387187724e-11	False	False
17	8.816975008315477	0.044307686033174865	3.9935833743836455	7.2251751660163315	0.7620346270202671	5.065728341019573	-0.4332166562541047	0.7063298957850855	1.4218161184571962	0.1284961496475507	8.939318170063629	0.046223950658125366	8.816975008374756	0.04430768606579565	8.816975008374756	5.927880408762576e-11	3.262078801524737e-11	False	False
19	8.81701212277118	0.04665131702798508	4.222625029520903	6.910059320629029	0.7622341395179497	5.866172504562256	-0.571121572879179	0.7065148239191875	2.4009874243441343	0.6138642199053961	8.955024722781689	0.05187300517213022	8.817012123109153	0.04665131710424088	8.817012123109155	3.3797320497797045e-10	7.625580028536305e-11	False	False
20	8.817002370078983	0.03697349899229896	4.2163790254006	7.247151086177833	0.8016682021343361	4.708194391309765	-0.43759411087063305	0.743066256558316	1.5347146834627055	0.392382909793266	8.916048261475433	0.03861449675258013	8.817002370093538	0.036973498966486856	8.817002370093538	1.4555467942045652e-11	-2.581210245544696e-11	False	False
22	8.817044640611048	0.050914181532017676	4.63334456761664	7.211188694941316	0.7749448048638895	5.8871541603281266	-0.4626133768748752	0.7182963396283392	0.0	0.0	8.95822492424038	0.05382361557386294	8.81704464059492	0.05091418153480828	8.81704464059492	-1.6127543744914874e-11	2.7906010835465622e-12	False	False
23	8.817038240701603	0.06902233542610246	5.136003613617247	8.312043738577431	0.7316612549943127	6.076798592752641	-0.7988648369352677	0.6781768172542284	0.0	0.0	8.83170835107885	0.06926804886557797	8.817038240680697	0.06902233542565846	18.42591395953218	-2.0905943642901548e-11	-4.4400594312321573e-13	False	False
25	8.817040806828436	0.04299962181261352	5.14808996402645	6.435806787886953	0.7906046062246221	5.531474906499638	-0.37020314078659333	0.7328114095096022	0.0	0.0	8.907254060889432	0.06082503620253795	8.817040808577547	0.04299962195463924	8.817040808577548	1.7491110781975294e-09	1.420257175754891e-10	False	False
26	8.817068339970909	0.06892518986312102	4.0248334668957035	7.189262310957691	0.7731726484723639	5.624315038261403	-0.47870369466255713	0.716653727869034	0.003738161536375031	0.0020382104915351554	8.954819763986523	0.0728784239061448	8.817068339752016	0.068925189801084	8.817068339752018	-2.1889334789193526e-10	-6.203701441442888e-11	False	False
28	8.816961478192393	0.047052005916811614	4.806903080327112	6.282719717363346	0.7653520230261001	6.012858016334832	-0.438150394315713	0.7094047901428921	0.0	0.0	8.937849512358426	0.076965258021228	8.816961477520099	0.047052005883206495	8.816961477520103	-6.72294220294134e-10	-3.360511868777394e-11	False	False
31	8.816955582081711	0.06598121052615331	2.589149915813427	6.002245805583568	0.7803920988547203	5.545270937607406	-0.46054380679361695	0.7233454364284402	0.06727125063808176	0.08294245695800694	9.14346554738159	0.16863551973108687	8.816962761137527	0.06621204462660787	8.816962761137525	7.17905581559819e-06	0.00023083410045456054	False	False
32	8.816956499036017	0.06892177649951414	2.7104579428149007	6.883153795250035	0.7725088331862769	6.08857105388509	-0.5131538499755839	0.7160384374803601	0.04153395107593499	0.05120951248469217	8.96829208892286	0.07830342673207807	8.816956499148024	0.06892177652918957	8.816956499148025	1.1200640415154339e-10	2.9675428780961965e-11	False	False
34	8.816982254533556	0.01898450647923557	2.9358268762648274	5.663778364644137	0.7853451156875698	4.520583555431039	-0.4648325830594987	0.7279363877308084	0.04499930691308023	0.09964037908613828	8.81531397976514	0.09841964831067182	8.817069963220959	0.019266783994847915	8.817069963220959	8.770868740270998e-05	0.0002822775156123454	False	False
35	8.817031888841694	0.05376714956557341	4.578324022353751	6.438543885563903	0.7658280398593933	4.934046789053252	-0.40508911370791834	0.7098460101456716	0.0	0.0	8.908469607908222	0.07067979513933692	8.817031888480678	0.05376714950131359	8.81703188848068	-3.610161058986705e-10	-6.425981968760652e-11	False	False
39	8.816966967356771	0.05939232595741458	3.4261190648714175	6.060372584416439	0.7481380989902424	6.51595930087756	-0.36548698160172066	0.6934492039540556	0.5643381993367051	0.5550678977650967	8.989642052316258	0.10626802111304463	8.811259762535121	0.04505813832120976	8.811259762535123	-0.005707204821650436	-0.014334187636204823	False	False
41	8.817035330335315	0.036271250371480296	3.7679832032691944	6.297501673404982	0.7934908659987091	4.5216330596494965	-0.7329450134351456	0.7354866836942034	0.6338217457655839	0.29907207969281496	8.860548633709305	0.052451289593155634	8.817035329800744	0.03627125013150348	8.817035329800746	-5.345714981785932e-10	-2.3997681619647437e-10	False	False
43	8.81703701091158	0.05958133919562876	2.623628523485198	6.525157123699384	0.7594420217883064	5.433758338585521	-0.356680427550569	0.7039268099955812	0.3492660911261414	0.22446024001523138	8.941587094300697	0.07633442241370189	8.817037014031422	0.05958133879499792	8.817037014031428	3.119842162391251e-09	-4.006308410020587e-10	False	False
46	8.816974521323441	0.044820763324400575	2.406435100804022	4.755463578883437	0.8110522739227904	2.998474397885386	-0.3512954564763321	0.7517643526990344	0.0	0.0	8.689796281315411	0.0529175512084147	8.81697800163653	2.4395940955491397e-06	8.81697800163653	3.480313088388698e-06	-0.044818323730305025	False	False
47	8.816994400713023	0.06830365597864009	0.9419825345797777	5.297330385984372	0.8429210952258447	4.83111185102898	-0.2593935671909733	0.7813035631648354	nan	0.0	nan	nan	8.816994400713023	0.06830365597864009	nan	nan	nan	False	True
48	8.817032181961649	0.05692275189694916	2.6172452006042115	5.233546334551308	0.8494490745439085	3.0123104422074967	-0.4052154678720713	0.7873543471947487	nan	0.0	nan	nan	8.817032181961649	0.05692275189694916	nan	nan	nan	False	True
49	8.81702689471561	0.046117965774320126	2.1553051603414413	5.2114687504055155	0.837821158797885	4.350596180092543	-0.2051318475773255	0.7765764320897596	nan	0.0	nan	nan	8.81702689471561	0.046117965774320126	nan	nan	nan	False	True
55	8.816947223195791	0.02374353779294552	2.3974799516522287	6.033046882209105	0.7898423614363645	1.2324163773335701	-0.3080638500495197	0.7321048848153663	0.016332457911771882	0.05024278231168115	8.703381559173524	0.027633591995873303	8.816947223595504	0.02374353782877257	8.816947223595506	3.9971226328816556e-10	3.582704966031969e-11	False	False
56	8.816988743923096	0.017461047152505606	1.9959096896090731	5.394700960845718	0.8346964750743998	0.059045707503927236	-0.36207287388968845	0.7736801627464611	0.04996531808623393	0.1537059892210803	8.629345349581142	0.01878003072622301	8.816989400721418	0.017458901912842967	8.816989400721418	6.567983223959573e-07	-2.1452396626389647e-06	False	False
57	8.816986317694077	0.017748264680814918	2.898507384787672	6.0938139406354335	0.8721673025245021	0.642472940930815	-0.20967627999426547	0.808411872709961	0.04057170847488554	0.12480886391554258	8.664076426210263	0.01898909329649092	8.816986317592752	0.017748264675412226	8.816986317592754	-1.0132517047622969e-10	-5.402692182521207e-12	False	False
58	8.816973256460479	0.02454482099320486	3.091968289054414	5.9346776593509825	0.9218842793923221	1.00510345513734	-0.22075339067700328	0.8544945385687432	0.1249573593448322	0.38440052548856124	8.60394790560046	0.031556684116229666	8.816973249223105	0.024544821109413452	8.816973249223107	-7.237373367274813e-09	1.162085913608557e-10	False	False
59	8.816999576603052	0.021521470643204026	2.369606489360772	5.2008096468448	0.7513167547540653	0.6730563151798288	-0.41278394592029205	0.6963954999815432	0.11529336110797755	0.3546716162026666	8.615404248860496	0.02655492737577509	8.816964503444487	0.01393030533248625	8.816964503444487	-3.5073158565879226e-05	-0.007591165310717775	False	False
61	8.817005956430604	0.03569827693922056	1.9754353830409084	4.499384355850577	0.8470789462888652	2.4967115581406736	-0.2765003962187003	0.785157475315149	0.0	0.0	8.69156277588495	0.034872359707864814	8.81703772326261	1.7941269131608007e-08	8.817037723262612	3.176683200578623e-05	-0.03569825899795143	False	False
62	8.817031120608892	0.04069697186335939	2.9083508431559792	4.914837202715136	0.8684899714493858	1.1196560275446765	-0.1609358928592555	0.8050033545364357	nan	0.0	nan	nan	8.817031120608892	0.04069697186335939	nan	nan	nan	False	True
63	8.817020286300151	0.02787060079991122	2.4363369054871744	5.568370250780286	0.8349163430632968	1.4486769927146332	-0.2621262112313471	0.7738839583853697	0.27986900480396526	0.2822922601817931	8.639292273128424	0.05563008089435543	8.816775953175886	0.026518773972070718	8.816775953175886	-0.0002443331242645286	-0.0013518268278405014	False	False
64	8.817012686526175	0.038439212614307286	2.8625852952997253	5.6779790824661545	0.8614755495896843	1.2650032545492595	-0.456118507958519	0.7985016869146784	nan	0.0	nan	nan	8.817012686526175	0.038439212614307286	nan	nan	nan	False	True
65	8.817011510269412	0.03135859341184944	2.1007106145426366	5.299417450456248	0.7881971006546897	1.2317270625346195	-0.4643631328639764	0.7305798925968319	0.6211111960403857	0.6264891086359167	8.739198431358593	0.08782307571965828	8.817011510059594	0.03135859344267872	8.817011510059592	-2.0981794079943938e-10	3.0829276631560987e-11	False	False
66	8.817024196968504	0.04243515579653182	2.306186221814743	5.747758531217054	0.8127397151977582	1.892911539720687	-0.441266500941671	0.753328442016802	nan	0.6264891086359167	nan	nan	8.817024196968504	0.04243515579653182	nan	nan	nan	False	True
67	8.817046765102154	0.02569069331360626	2.7794185531443527	4.476974288432169	0.7869714413696927	1.3672739140194923	-0.523028889860889	0.729443829005568	nan	0.6264891086359167	nan	nan	8.817046765102154	0.02569069331360626	nan	nan	nan	False	True
69	8.817010965810884	0.01850556500670101	1.2693271639288817	6.329619457863607	0.8435979459999442	2.0781118296535666	-0.5130116583055325	0.7819309361473482	0.041773829348669855	0.17567922090185928	8.786160204812063	0.022104845813441555	8.817010952528317	0.018505562085241723	8.817010952528317	-1.3282566158068221e-08	-2.921459286292505e-09	False	False
71	8.817040735811208	0.06127841234193851	2.2075893363102157	6.690662434667648	0.8841167169731503	0.08217170632222699	-0.33928790084561344	0.8194877849624129	1.958058057437638e-24	3.4115322447547465e-24	8.787216083880407	0.06095787588066445	8.817040735811247	0.06127841234193897	2.389381388792041	3.907985046680551e-14	4.579669976578771e-16	False	False
73	8.817040151560015	0.0260760566540724	2.7897060082242033	6.380420057178975	0.9210131366296199	0.7959091639808378	-0.18018730806802824	0.8536870763419947	0.0901878385876652	0.22693586091618423	8.715538254307907	0.02751398854277567	8.817040151751081	0.02607605664243312	8.81704015175108	1.9106671800273034e-10	-1.1639279817732273e-11	False	False
74	8.817007029913444	0.007361836035421093	2.8740217609496312	7.379343119981645	0.8585410402772223	0.10693473943773801	-0.4034723364979121	0.7957816902329573	2.2113507367334302e-27	5.5643287508264346e-27	8.810857538227655	0.007353708007885188	8.817007029913444	0.007361836035421097	2.2596352427587716	0.0	3.469446951953614e-18	False	False
77	8.81699386668709	0.03748313355819308	2.8727015754630516	7.013801435296825	0.788127037620866	1.1159263845799279	-0.3311008755127226	0.7305149511707807	1.3696807256092811	0.763108480246279	8.815761297841789	0.03790287555498899	8.8169938663297	0.03748313350837561	8.816993866329698	-3.573905615894546e-10	-4.9817469593982366e-11	False	False
83	8.81700267130545	0.03509655406405897	1.1179026514757457	7.458375136805436	0.788127037620866	1.1159263845799279	-0.3311008755127226	0.7305149511707807	2.244998835117282	0.2790218379062581	8.826291010719817	0.03523842460925632	8.817002671118388	0.03509655405392965	9.115600931058085	-1.8706280968672218e-10	-1.0129320993090829e-11	False	False
84	8.817042295187424	0.05120393748893685	0.5640337171555938	8.487377244435878	0.8084677387406218	1.9263817573594286	-0.401436949393233	0.7493687470386823	5.371604690302894e-20	6.676150516202343e-21	8.820008832111869	0.05125311649300744	8.817042295214945	0.05120393748882432	17.464152108987307	2.752109651282808e-11	-1.1252804243966352e-13	False	False
85	8.817032651323567	0.06323246833115849	1.5659918052965984	7.9028753251119275	0.8911343147474178	2.1899970225849783	-0.1527241828088191	0.8259923963393815	1.5549667334848016	0.19326053496030168	8.833588860551261	0.06355801447969223	8.817032650195884	0.06323246825392316	10.182135480969393	-1.1276828359996216e-09	-7.723532924330812e-11	False	False
86	8.817005509078742	0.03040364067187714	0.8265575775268472	7.381240470210158	0.8195550599117865	0.3766601833142629	-0.3638601118808773	0.7596455850322348	0.7618940058094711	0.09469272877356046	8.807958771346161	0.030424610753377466	8.817005509379909	0.03040364066224059	8.81700550937991	3.0116709126559726e-10	-9.636548503610953e-12	False	False
87	8.817024305010253	0.05421339559145122	1.044586813322324	7.655871862902933	0.8724624177144426	1.005297077105109	-0.255820807792032	0.8086854149795167	1.3303181643624664	0.16533987163565883	8.821378043254487	0.05436950025227075	8.817024302165745	0.05421339558835364	8.952590762230443	-2.8445086286410515e-09	-3.097577749855418e-12	False	False
88	8.81700933977048	0.015978953986930725	1.4889922906928583	7.564387949653565	0.9471222478685044	0.6275683167771984	-0.0419380960205912	0.8778876115493167	0.0366283604080818	0.004552390977085693	8.807492644306508	0.015997459660358263	8.817009342372502	0.01597895462616008	8.817009342372504	2.602021709208202e-09	6.392293534773774e-10	False	False
90	8.817035340782432	0.038129665223946174	1.5926367061584783	8.046646032456366	0.8720413585687156	1.4835536664510869	-0.3325973660697281	0.8082951352573424	0.5628419330432879	0.087461544670015	8.821731399077652	0.038204732233538916	8.817035340800581	0.03812966522961975	11.729021096903999	1.814903782815236e-11	5.6735727227419375e-12	False	False
91	8.816986200105926	0.029650412324214455	1.9831305490272297	8.132121033508106	0.9214217812285886	0.25179409541239883	-0.27618969431421736	0.8540658490207788	1.1740306354207876e-11	1.824358258252305e-12	8.81462499827768	0.029637949677518382	8.816986200105921	0.029650412324212946	4.7953093612943745	-5.329070518200751e-15	-1.5092094240998222e-15	False	False
92	8.816974627818158	0.026883740519135342	1.8893263002781278	7.762818966339312	0.9218842793923221	1.00510345513734	-0.22075339067700328	0.8544945385687432	0.2310387968942736	0.03590174944111871	8.81795331984918	0.026942581571500496	8.81697462850891	0.02688374052037911	8.84801606739099	6.90752344212342e-10	1.243768976699755e-12	False	False
93	8.816979425157061	0.028526064195119688	1.1995905075413589	7.552447177406058	0.7660727656506452	0.3637950767711402	-0.5554370871049892	0.710072846481583	0.5250920906987171	0.08159549360190496	8.811661920985284	0.028525785830302592	8.816979425163307	0.02852606419486396	8.864534182593102	6.245670647331281e-12	-2.5572946538154895e-13	False	False
94	8.816938551273022	0.03388013388186798	1.5932189432174217	8.531520885754684	0.8935094197740542	1.085211502559299	-0.16084392945255496	0.8281938811885707	0.0007612584450858421	0.00011829402820130825	8.817254823047719	0.0338937868666543	8.816938551234868	0.033880133881001695	12.92549498094423	-3.815436855347798e-11	-8.662862094332979e-13	False	False
95	8.817022228933599	0.022011995329548065	1.0567711605584345	7.737986238595828	0.8015693329418306	0.04983840508694293	-0.42853073169435096	0.7429746147037828	8.459600950769856e-23	1.314560488493942e-23	8.815221550017938	0.0220051214891112	8.817022228934345	0.022011995330029097	2.7159908487716273	7.460698725481052e-13	4.810318809944647e-13	False	False
96	8.817014354906327	0.030708639838287734	1.3391152490593894	7.879386789006723	0.844280499084236	0.22100758719925473	-0.48085936037225063	0.7825635946011783	5.814044265369404e-09	9.034602121408424e-10	8.814089706256992	0.030693509825075273	8.817014354899413	0.030708639835414848	5.454959121452656	-6.913580818945775e-12	-2.872885956906046e-12	False	False
97	8.817017161984285	0.036278425636594905	1.6209553806509986	8.171451676550435	0.8557211602204204	0.8416782435202879	-0.23625959569349794	0.7931679434083077	2.453667058303141	0.38128202329342004	8.816726668448997	0.03629690558747268	8.817017161999024	0.03627842563696299	11.440200579448259	1.4738432696503878e-11	3.6808750492056674e-13	False	False
99	8.817033653807139	0.05592623014235014	1.134646166508613	7.295923334146835	0.8145221098162078	1.6138337709798667	-0.46676060599599484	0.754980543588643	0.46198615614140637	0.10256719892244864	8.837806139381993	0.056550490655397544	8.817033653840284	0.055926230150448966	8.817033653840285	3.3145042266369273e-11	8.098827164459976e-12	False	False
101	8.81699903886072	0.027878681514814086	0.7451052346551883	7.750903075791179	0.788127037620866	1.1159263845799279	-0.3311008755127226	0.7305149511707807	1.2728161836784653	0.1579621025003247	8.821742638134495	0.027944959148933468	8.816999039291579	0.02787868155074159	11.220616566250138	4.3085890411020955e-10	3.592750402736655e-11	False	False
102	8.816941704390254	0.05657943755619227	0.19412564314997743	8.345929379254393	0.8338050715790615	1.7495337801871975	-0.27517249557520046	0.7728539208466321	0.0	0.0	8.8223935224685	0.056668621149949916	8.816941704390736	0.05657943755619124	15.503427170203002	4.813927034774679e-13	-1.0269562977782698e-15	False	False
104	8.817017357978306	0.046207575060361154	1.2374715204245894	8.452319329103272	0.8038053189437587	1.9328823702356095	-0.3368459783186469	0.7450471501289699	4.498423335382303e-18	3.8729990015918396e-19	8.81983912502924	0.04624972001298659	8.817017357977694	0.046207575060248106	17.220367554720116	-6.128431095930864e-13	-1.1304845948245656e-13	False	False
105	8.816962263886774	0.06274836774481267	1.0506373865567102	7.371562423823305	0.8656434715485871	1.5424234136162254	-0.19306782588142407	0.8023649337783854	0.1654712077995627	0.01424654317345251	8.831984576585075	0.06342952518258725	8.816962263865223	0.0627483677464019	8.816962263865225	-2.155076117560384e-11	1.5892287485996803e-12	False	False
106	8.816980037779638	0.07162476809078863	1.6223997408305892	8.907324843251107	0.8327933235482524	0.35899909601898666	-0.466018035116644	0.7719161315968751	0.0004374416106951643	3.766232733480859e-05	8.816590451144505	0.07162324793567867	8.816980037777025	0.07162476809033473	7.4660047369581175	-2.6130209107577684e-12	-4.5390080583018744e-13	False	False
107	8.816969689570458	0.030521128981399925	1.2472120311480737	8.312917969569154	0.8721673025245021	0.642472940930815	-0.20967627999426547	0.808411872709961	2.421418425296052	0.20847640260630743	8.815906508782644	0.03052734709403474	8.816969689583772	0.030521128979629365	10.440469851652187	1.3313794511304877e-11	-1.770559393543536e-12	False	False
108	8.817029120371513	0.05504339435948741	-0.013786274049425673	7.720187955230763	0.7959834290248409	0.48959931698494796	-0.4395360790167031	0.737797040363125	0.0	0.0	8.824247170956506	0.05513512539117169	8.817029120371517	0.055043394359487435	19.829752854163537	3.552713678800501e-15	2.7755575615628914e-17	False	False
109	8.817050459784593	0.04510064866306869	-0.2937497597676545	8.075201175370928	0.8341478104689644	0.5845998760986875	-0.333104040691993	0.773171605523683	0.0	0.0	8.821260345980109	0.04514481679936528	8.817050459784594	0.04510064866306863	-14.630134752314518	1.7763568394002505e-15	-6.245004513516506e-17	False	False
110	8.817010018270922	0.03555954630410523	1.2848943748887416	8.022282712696695	0.809147126374769	0.8022069438342213	-0.5373983434775838	0.7499984714367733	1.9793454183964456	0.1704153268314689	8.817007762349931	0.03558120277658743	8.817010018263248	0.03555954630321261	11.600755686227444	-7.673861546209082e-12	-8.926193117986259e-13	False	False
111	8.817031651261859	0.05161647775060432	1.123069923647697	7.80124134239474	0.9214217812285886	0.25179409541239883	-0.27618969431421736	0.8540658490207788	1.076629193540875e-07	9.269433934487767e-09	8.811878343715373	0.05157548538528565	8.817031651295272	0.05161647775871844	5.771047340848111	3.341327214911871e-11	8.114120486624188e-12	False	False
112	8.816936160096489	0.042107524806654854	1.493851361845217	7.974967055844	0.8496518656508658	1.1369825697305946	-0.33543321377774127	0.7875423142717874	0.1337564768015115	0.011516005997791894	8.819371631435143	0.0421680255032998	8.816936160104152	0.04210752485398932	11.435386584032623	7.66320340517268e-12	4.733446273830211e-11	False	False
113	8.817007585913034	0.05042374806580123	0.3668516027766716	8.08233192028105	0.9357864958025004	0.12440071267902644	0.0985656001509888	0.8673805029593376	0.0	0.0	8.816401133313239	0.050427563901967995	8.817007585754537	0.05042374803297968	5.139782247983565	-1.5849721535232675e-10	-3.282155103256912e-11	False	False
114	8.817003693753502	0.04811191716802154	-0.020182476503810554	7.739786108073374	0.8271037888475643	1.3175353909813223	-0.443512267798301	0.7666425018828074	0.0	0.0	8.83565388215474	0.048324777760840966	8.817003693753495	0.048111917168023294	10.908340243200653	-7.105427357601002e-15	1.7555401576885288e-15	False	False
115	8.816990828492166	0.06053688979432437	0.5468208963062152	8.33322066917879	0.8585410402772223	0.10693473943773801	-0.4034723364979121	0.7957816902329573	2.030098102311789e-12	1.7478497102627266e-13	8.816513322360025	0.060536121746372816	8.8169908284918	0.06053688979428058	4.573569450497978	-3.659295089164516e-13	-4.378442053365461e-14	False	False
116	8.817015639275548	0.032201031870581535	0.4736954479795958	7.743938969116159	0.8626254903400881	0.20087719009708316	-0.15606628182563048	0.7995675669962276	4.4929044896895124e-05	3.86824745148983e-06	8.814133281680972	0.0322043084668131	8.817015639280802	0.03220103186956687	6.601909094909156	5.254463530945941e-12	-1.01466751667445e-12	False	False
117	8.816978432372538	0.03055014352605418	1.0902484728503765	6.836121451493709	0.9134517504143311	0.4014936322920932	-0.1367514195993182	0.8466784274590434	0.6593206157262193	0.056765401920972125	8.777557471419065	0.030648076640646334	8.816978433238036	0.03055014371768602	8.816978433238038	8.654978955746628e-10	1.916318388694993e-10	False	False
118	8.816979332490352	0.05249448404493198	1.131077523644685	7.61714299559341	0.8439197534261035	1.00098563528667	-0.4023559037202792	0.7822292194506553	2.651987083759563	0.22832762863485231	8.821436982316293	0.052641085071670986	8.816979332474506	0.05249448404299437	9.174351412331546	-1.5845103007450234e-11	-1.9376097948331505e-12	False	False
121	8.817051970146235	0.06408775761516183	0.8934514896530221	8.105252556736565	0.844280499084236	0.22100758719925473	-0.48085936037225063	0.7825635946011783	2.0824163411047398e-08	5.40391968248392e-08	8.815276736299507	0.06407475143820054	8.817051970157125	0.06408775761728805	5.927525264081665	1.0890843782362936e-11	2.126215870035253e-12	False	False
122	8.817022183995388	0.05792251155203893	0.6635439718811085	7.973227889760015	0.9357864958025004	0.12440071267902644	0.0985656001509888	0.8673805029593376	7.763072693347997e-14	2.0145357340925073e-13	8.8148288431805	0.057914209047360124	8.817022183998239	0.05792251155242834	4.1838740940184405	2.851052727237402e-12	3.8941072588727366e-13	False	False
123	8.81707282953839	0.05380248910735402	0.4600431830778977	8.03255382853945	0.8996146323490368	1.6691881384626979	-0.2015306561168927	0.8338528027243222	0.07159956859983159	0.18580257481494988	8.826612671242922	0.05398085061848964	8.81707282949059	0.053802489081669805	11.1173044156055	-4.779998619142134e-11	-2.568421864079795e-11	False	False
124	8.817047189585736	0.06162502615771624	1.7097623890654774	8.248910829430935	0.8346964750743998	0.059045707503927236	-0.36207287388968845	0.7736801627464611	2.1476416959961546e-27	5.573181021889145e-27	8.816386203547502	0.061617879031634265	8.817047189585741	0.061625026157715666	1.9498627436068028	5.329070518200751e-15	-5.759281940243e-16	False	False
125	8.817099292593356	0.054973819428120824	1.0079920253387527	7.7419360110511555	0.7879010780903063	1.056842344498836	-0.4398590939309706	0.7303055092819049	0.0013718347606927867	0.0035599436664478716	8.821120984915241	0.055082776463492335	8.81709929259613	0.054973819426128175	11.095653234697576	2.772893026303791e-12	-1.9926491012789427e-12	False	False
126	8.817054429832416	0.06242903819685661	0.39462759837903216	7.707229748809995	0.8721673025245021	0.642472940930815	-0.20967627999426547	0.808411872709961	0.0	0.0	8.819119650061788	0.06256680486755267	8.81705442982156	0.0624290381975451	9.200901519805015	-1.085531664557493e-11	6.88490930933483e-13	False	False
127	8.817081404358227	0.055634552485509706	0.45126874531055816	8.2361031646906	0.7975190865192247	0.9821768216506203	-0.35623591791880316	0.7392204412946692	1.0583493747268555e-06	2.746441671696113e-06	8.818786591327953	0.055679560904787526	8.81708140433883	0.05563455248398418	13.728276739016055	-1.9396040329411335e-11	-1.525522763667908e-12	False	False
128	8.817061303910638	0.06961148269181006	0.6340780249010853	7.6996739256106705	0.8454660179756804	0.5103575923992305	-0.23179273861084715	0.7836624520616582	0.017244212532093364	0.0447491395796861	8.814506772124313	0.06968806820853576	8.81706130391768	0.06961148269360672	9.220528948707377	7.041478511382593e-12	1.796660042963083e-12	False	False
129	8.817070001336978	0.05703319032776636	1.3896936511513913	8.557066567848617	0.8476607379855597	0.7256001524231661	-0.38781452244815257	0.7856967380388152	0.03627337579327033	0.09413026853957546	8.816729244669414	0.057041949950585064	8.817070393305436	0.05703318990114808	11.523557227439676	3.919684576914051e-07	-4.266182823675635e-10	False	False
131	8.817066525457298	0.06775991566657238	2.307650563904427	7.536634295716459	0.9009241175771854	0.7919522841135956	-0.3533841793442865	0.8350665645822931	0.005005391214580453	0.03688553423707299	8.81113681414906	0.0678978298471034	8.817066525665172	0.06775991566861858	8.817066525665172	2.078746064171355e-10	2.0461965455353948e-12	False	False
132	8.817079163869316	0.05325933658581962	2.285737615016872	9.886734960495998	0.837146680761763	1.8426778803384414	-0.25880721415779295	0.7759512583980781	9.116616015905515e-41	6.718181212317423e-40	8.817173992858809	0.053261115479872306	8.817079163869332	0.05325933658581109	20.360092707988276	1.5987211554602254e-14	-8.527900607901984e-15	False	False
133	8.817054897843635	0.06968840718659493	1.4401455852459302	7.89657693054284	0.7424158855251753	1.3949453603347055	-0.5861369987303744	0.688145284293285	4.440362943977544e-06	3.272174988400826e-05	8.82188728539081	0.0698056220948555	8.817054897838984	0.06968840718812098	13.61957496493077	-4.650502205549856e-12	1.526057058498509e-12	False	False
134	8.817084543559996	0.055167744778502156	2.1628696510298138	8.2642240152099	0.9179518876764728	0.28110385881703903	-0.34011983918269406	0.8508496046873226	7.134820582510489e-13	5.257764230395376e-12	8.815171268193616	0.05514942166212534	8.817084543559943	0.055167744778480646	5.02418982467998	-5.3290705182007514e-14	-2.1510571102112408e-14	False	False
135	8.81709292998077	0.053350120509085296	1.6979996630755252	7.887031345966399	0.7739768760701374	1.902212693157711	-0.6203537442711489	0.7173991664294104	2.1770307426024897e-05	0.0001604289026550252	8.826006579201325	0.05349993640849381	8.817092929894525	0.05335012051156399	12.902033046944227	-8.624567726656096e-11	2.4786978025659323e-12	False	False
136	8.817089025677422	0.056803784677799625	0.6725872314754022	7.631103965001818	0.839550311785976	0.5647937197298007	-0.35106156029355645	0.7781791839944211	0.00372096816967408	0.027420413896474278	8.814956217991385	0.05688445466668314	8.817089025791763	0.05680378471027826	9.150262897169485	1.1434053703851532e-10	3.247863783473193e-11	False	False
140	8.81709170848696	0.05592055324691591	0.23965983160479976	8.123058235958336	0.8117511309952938	2.4092725939765494	-0.35690625887715804	0.7524121233195378	0.0	0.0	8.828828602485281	0.05610242866318438	8.817091708480946	0.05592055324846073	14.091818894876546	-6.012967901369848e-12	1.544819827614674e-12	False	False
141	8.817094315808092	0.05071338959259172	0.84805740693148	8.17362739043703	0.8129764168359565	2.6321740981701667	-0.3134019628629054	0.753547840765248	7.409587141162909e-10	1.1170590240293276e-08	8.826536988613803	0.05085465831363067	8.817094315828683	0.0507133895939969	14.568274834593662	2.0591528482327703e-11	1.405174587798541e-12	False	False
142	8.817070597294812	0.049883360236807665	2.030513090111271	8.015577747996492	0.8338050715790615	1.7495337801871975	-0.27517249557520046	0.7728539208466321	0.003260422197207032	0.04915367034827842	8.82377375802117	0.05000008159184238	8.81707060006976	0.049883360233578936	12.450354660153222	2.774948271166977e-09	-3.2287297835331685e-12	False	False
143	8.817068566687876	0.0715611437121324	0.7057601780568211	7.660827875053886	0.8423764101510093	0.8612990039392749	-0.3245600972475522	0.7807986945689704	0.005600415545246831	0.08443108372904895	8.820048835268167	0.07174367184198037	8.817068566711363	0.07156114371646494	9.424557233906096	2.3486990130550112e-11	4.332534331297211e-12	False	False
145	8.81708895341288	0.032218811732956	1.150706452279675	6.919673133071328	0.7770754809435443	2.631606610505452	-0.5942713002184942	0.7202712632865712	0.001134104754173418	0.011162871690604332	8.860648635943756	0.03362494581708042	8.817088953314197	0.03221881169170902	8.8170889533142	-9.868195149920211e-11	-4.12469780552982e-11	False	False
149	8.817055083235111	0.02541874183069068	1.8162333780760833	7.060332107032813	0.8144868874532567	1.403319065818144	-0.48438731803033364	0.7549478959804236	0.01892574252241497	0.019992898153316722	8.822840190155244	0.025812175727368238	8.817055083258587	0.02541874182480563	8.81705508325859	2.347633198951371e-11	-5.885049392251318e-12	False	False
152	8.816994870736792	0.06561176017123764	2.4845902606384693	7.341900406959465	0.8879337127049687	0.7795026044817688	-0.23903523342122507	0.8230257583062355	0.33793613080428203	0.2749323833824132	8.807073440553314	0.06581844053778328	8.816994870762022	0.06561176016660189	8.816994870762027	2.5229596190001757e-11	-4.635750117110149e-12	False	False
153	8.816982889248633	0.06417463853930841	2.354288263287044	6.063610541088247	0.8176970721139578	0.36721497507299466	-0.40158007011717767	0.7579234161424274	0.39917292422826645	0.324752381991864	8.681276121788786	0.06546954519617146	8.816982891135552	0.06417463859191232	8.816982891135552	1.8869190654413615e-09	5.2603907341186584e-11	False	False
155	8.817036593733665	0.061441215285974085	2.6235923547693774	7.273743311549572	0.8799872186126861	1.147363944038358	-0.2581617816346201	0.8156601529320987	0.2092611221377056	0.15872972253746712	8.81516031919916	0.06196328402279902	8.817036593782156	0.06144121529055736	8.817036593782154	4.849098900194804e-11	4.5832782014088025e-12	False	False
156	8.816996512940422	0.05433971171529308	4.521184142320424	7.112074483804077	0.8241767526872763	1.611041358343416	-0.3292108309761023	0.7639294320658364	0.0	0.0	8.82647555655109	0.0552559532931593	8.816996512965797	0.05433971171330599	8.8169965129658	2.5375257450832578e-11	-1.987091047261913e-12	False	False
160	8.816973312394637	0.05259893871055529	4.63760580289201	7.03166345494747	0.7924998147648746	1.0286964062575648	-0.33245050757661443	0.7345680783055623	0.0	0.0	8.812020350505247	0.053076917447207744	8.81697331097922	0.052598937835213064	8.81697331097922	-1.4154171168456742e-09	-8.753422292562263e-10	False	False
161	8.816949800305016	0.048227992772988545	4.822868342924305	8.009404969332929	0.8801909225498709	1.8038287972581464	-0.301005406117539	0.8158489661114753	0.0	0.0	8.821609697748022	0.04823119181779356	8.814172403521619	0.04809836900403986	11.263496283074236	-0.002777396783397279	-0.00012962376894868483	False	False
162	8.816952827287611	0.05207931024937466	3.824992354951528	7.836171931424795	0.8092197025457982	2.5017720331887197	-0.526891260882697	0.7500657422897004	0.6782218939293528	0.49319615172939285	8.834093130143826	0.05234324281418189	8.816952827286721	0.05207931025244567	11.3580211268727	-8.899547765395255e-13	3.0710087250973572e-12	False	False
163	8.816935363532847	0.03478095166400053	4.666868045505016	7.466143138029731	0.813968195797705	1.5562685468641755	-0.4909804732183806	0.7544671206848926	0.0	0.0	8.832909761441288	0.034994720247875824	8.816935363462616	0.03478095165234278	8.816935363462619	-7.02318203593677e-11	-1.1657751153304474e-11	False	False
164	8.816948544195395	0.05166148948941161	4.871162404391475	7.166037831495394	0.7798433460036255	1.8216749590979888	-0.33853518602144506	0.7228367974107605	0.0	0.0	8.840933094642635	0.05243640786299701	8.816948544166483	0.051661489481658086	8.816948544166483	-2.8911983918078477e-11	-7.753526987119841e-12	False	False
165	8.81693295061502	0.037610703473181586	4.534992976367923	6.7377064419094514	0.7416274457334949	2.0795422840681628	-0.5026116040962854	0.6874144794503764	0.0	0.0	8.83765433883377	0.039236491074609796	8.816932949414252	0.03761070397454819	8.816932949414252	-1.2007674854430661e-09	5.013666010134088e-10	False	False
166	8.816886233090527	0.05100169552232469	4.60172272980558	7.859317905663643	0.8752969143033428	1.221598340836664	-0.24915130289050846	0.8113127098677684	0.0	0.0	8.820074427604435	0.05110557152014803	8.81688623309319	0.05100169552567451	10.189043202804013	2.6627589022609754e-12	3.3498204210502536e-12	False	False
167	8.816944607949434	0.041068762095699984	4.625109627497745	7.38045289916751	0.7739768760701374	1.902212693157711	-0.6203537442711489	0.7173991664294104	0.0	0.0	8.843819557077921	0.041421008011171406	8.816944607971784	0.04106876210040603	8.816944607971786	2.235012175333395e-11	4.706048051250633e-12	False	False
168	8.81700115679911	0.023048672212561506	4.085393372848841	8.39856740923299	0.8979800100991773	0.6461447099144084	-0.10678018287986907	0.8323376713609274	0.8806877119497832	0.6404272617808494	8.815452481596566	0.02305049108492756	8.817001156784723	0.023048672211754277	9.517205260276814	-1.4386714042302629e-11	-8.072292834171435e-13	False	False
170	8.816954194417418	0.03999743514041983	3.626614176955236	6.8323467977350525	0.7739768760701374	1.902212693157711	-0.6203537442711489	0.7173991664294104	0.33467627502252323	0.108258361430854	8.831549340542905	0.04134026393469605	8.816954194515501	0.03999743517610223	8.816954194515503	9.808331924432423e-11	3.5682394539104934e-11	False	False
172	8.816967672855894	0.03357749440088915	3.5951339151428496	7.3899551322387955	0.8151787802235797	1.9349154743998032	-0.5923749752354132	0.755589211389236	0.4278673777520851	0.02153771344443878	8.8431981957745	0.03391868073367048	8.816967672903646	0.033577494392462236	8.816967672903646	4.775202455675753e-11	-8.426911946024518e-12	False	False
173	8.816991592454382	0.050291979970437356	2.737978304959899	7.523295490532123	0.8190425276713005	0.39534344498871765	-0.572319677893161	0.7591705188985284	0.8792075041833912	0.044256983046447755	8.80852059147624	0.05027401420456604	8.81699159261525	0.050291980000340804	8.442881369119513	1.6086687537608668e-10	2.990344777353826e-11	False	False
174	8.817022286364327	0.025144219717810515	3.8387096186749945	6.956908623958662	0.7144510597757913	2.6661341018333804	-0.754308623605007	0.6622246873061809	0.23328576234790127	0.011742988975962092	8.873754522523269	0.025875333398535805	8.817022286006816	0.02514421965637426	8.817022286006818	-3.575113538545338e-10	-6.143625538856945e-11	False	False
175	8.81701767281472	0.04182693341924551	2.8366309614484746	7.530441741393947	0.8038053189437587	1.9328823702356095	-0.3368459783186469	0.7450471501289699	3.2746930790865028	0.16483939842854328	8.840382203111181	0.04213559343674714	8.817017672821777	0.041826933427240365	9.202013788844173	7.057465722937195e-12	7.99485477820383e-12	False	False
176	8.816998660479884	0.04431859605925438	3.36174664731699	8.081729630411349	0.7740252615445438	1.3972386246038169	-0.574774488809453	0.7174440149256376	1.7545013206886077e-05	8.831696139446207e-07	8.819755665114256	0.04436808871638408	8.81699866048362	0.04431859605970337	14.232985719926752	3.735678433258727e-12	4.489880689462211e-13	False	False
177	8.816974138963577	0.03536048617749526	3.5393551852216696	7.986389891852999	0.8190185757014709	1.9766219147904514	-0.48852625242085673	0.7591483178176933	0.0435951365137311	0.0021944640012914714	8.825051011795605	0.03545559716964508	8.816974138967236	0.03536048617727682	12.584164991101838	3.659295089164516e-12	-2.1843638009499955e-13	False	False
178	8.816986473138753	0.056898173799800625	3.4596907151074463	7.549104370027495	0.8076257095895368	2.282917939303903	-0.5965854706644559	0.7485882702185417	2.3904461344051926	0.12032874326076037	8.845726127333895	0.05738831297014159	8.81698647347766	0.05689817383638784	9.16952208051675	3.38907568675495e-10	3.658721242638663e-11	False	False
179	8.816991975611138	0.03516644941370148	3.3270481700248915	7.120168952546878	0.7570325081584115	1.8270140680702294	-0.7122055227833555	0.7016934318120316	1.501313679099187	0.0755721643948043	8.84418950189212	0.035669815174012874	8.816991975555737	0.035166449320879235	8.816991975555739	-5.540101710721501e-11	-9.282224294748787e-11	False	False
180	8.81700982455816	0.029778358804743034	3.017443986485512	8.32493317461591	0.7644051990614018	1.7759662442248758	-0.5699632865951088	0.7085271790100133	4.378792924618846e-18	2.2041686781183245e-19	8.8195852112915	0.029804379726367725	8.817009824536466	0.029778358864970458	17.137385640283444	-2.169286972275586e-11	6.022742374267587e-11	False	False
181	8.817001605814855	0.03656320539635593	4.090639081894199	8.508913380609519	0.7560453991424922	2.046500338687042	-0.7729680145674976	0.700778480465176	1.827941649327319e-32	9.201375352148995e-34	8.818983495680897	0.03658605473131427	8.817001605812003	0.03656320539737253	19.56515029743602	-2.8528290840768022e-12	1.0166034680736402e-12	False	False
182	8.816969397111276	0.04353168307608171	4.155672171707902	7.495245506943948	0.7311932984019236	2.678450549590497	-0.769946544026459	0.677743068288743	9.532415761526996	0.47983662644170727	8.84752112422865	0.04390741637026044	8.816969397092919	0.04353168307363365	10.49200305061035	-1.8356871578362188e-11	-2.448062585980182e-12	False	False
184	8.816979304200725	0.029613173796274747	5.012387239687366	8.798769960823202	0.8702927849519527	1.51424322025919	-0.25184599616914144	0.806674382371965	0.0	0.0	8.817632258898325	0.02962276209709272	8.816979304194628	0.029613173796076312	15.737464324929329	-6.0964566728216596e-12	-1.9843501841698696e-13	False	False
185	8.817021575393557	0.05320616342085167	3.8351117479327015	8.425661622377259	0.8311984412085692	1.176682939425275	-0.4528445949424383	0.7704378351562228	7.951683213589962e-05	1.0508537645358023e-05	8.817671024352308	0.0532302592813834	8.817021575389193	0.05320616342089142	13.895646257790572	-4.364508754406415e-12	3.975292317548451e-14	False	False
186	8.817013725549437	0.05676869621844696	3.745732283433053	7.211509553095611	0.8041786455048389	1.8452564977247778	-0.46078888344051505	0.7453931865184351	0.9288015022465792	0.12274565383518014	8.83974629975145	0.05760757776512229	8.817013725673617	0.056768696217961545	8.817013725673615	1.241797775719533e-10	-4.854172619417341e-13	False	False
187	8.817005748246638	0.04102788753302584	2.9806936886025657	8.020487852304363	0.8301227177688871	1.7654030464735626	-0.2480308211347873	0.7694407470999814	0.11581813851644321	0.015305932541870671	8.8234900647728	0.041121577240847945	8.817005748257271	0.04102788753565742	12.594927758909837	1.06332720406499e-11	2.6315824519507203e-12	False	False
188	8.816997211978222	0.03834541148224903	3.0225244325296776	7.877765718137398	0.7887939314240515	0.20656856727138562	-0.4108732021270825	0.7311330950369533	1.0805453999897207e-11	1.4279935088339594e-12	8.814452107036539	0.03832889980050324	8.816997211979182	0.038345411482573324	4.664666892271079	9.592326932761353e-13	3.2429614549300823e-13	False	False
189	8.816977429795125	0.04295578938633336	3.978009085818682	7.413463028124002	0.8581329956644356	0.7228853965923956	-0.3496993288345211	0.7954034736813653	1.3988508430796656	0.18486496946483477	8.809765839007591	0.043030034717462605	8.816977429988611	0.04295578944070617	8.816977429988613	1.9348611601799348e-10	5.4372804869640134e-11	False	False
190	8.817002316421872	0.05037948819883527	3.90112998273287	7.590523622822907	0.835102429546948	0.6808392383341604	-0.5261895940457089	0.7740564419470661	3.426050943542366	0.45276936150572683	8.812533054008087	0.050419127653285094	8.817002317121858	0.050379488428786236	8.985917021225044	6.999858470635445e-10	2.299509679892786e-10	False	False
191	8.81698693215305	0.04940227431448853	3.644713029862837	8.664273363194088	0.7906319279766463	1.576447194859404	-0.415027996583849	0.7328367340415534	1.0094008464310015e-20	1.3339725073362829e-21	8.817987293724757	0.04942091939483282	8.81698693217528	0.04940227431510629	17.706238670884392	2.2229329488254734e-11	6.177627853709566e-13	False	False
193	8.8170003239332	0.04226047320802655	3.388981268179873	7.172597508381212	0.8127672141585462	1.0996790517503003	-0.44714035504965344	0.7533539308035565	1.9150984747518154	0.16311537025642514	8.817470777840713	0.04258276479510503	8.81700032384444	0.04226047316520905	8.817000323844441	-8.876099855115172e-11	-4.2817499545932947e-11	False	False
194	8.817011109301797	0.03841136175581762	3.8802696021277145	8.671746603952581	0.8449445646711966	1.2503107438367351	-0.3683773961581901	0.7831791169937321	2.4177525997933647e-07	2.0592811059224375e-08	8.8174655896365	0.03842279205721958	8.817011109298079	0.038411361755026206	14.744441441887737	-3.717914864864724e-12	-7.914155442101389e-13	False	False
195	8.816973761267777	0.04664749639589757	4.159565817126132	8.237590335164123	0.8832019130703275	0.8483469948269973	-0.18756094228564474	0.8186398532248865	7.294266059601881	0.6212771430539766	8.81609405942725	0.046665367010868465	8.816973761211457	0.04664749638798734	10.844849461801548	-5.631939359318494e-11	-7.910228028151778e-12	False	False
196	8.8169622255943	0.03993684456488141	5.090710517971251	7.769228297981084	0.8205692609468319	0.710524118713276	-0.5202881700711398	0.7605856479716184	0.0	0.0	8.814296536637087	0.03995796680147787	8.816962225565282	0.0399368445575395	9.75933949056783	-2.901856532844249e-11	-7.341911800740064e-12	False	False
197	8.816999986264332	0.061951300681796245	4.415932786580203	7.439728827709729	0.8286425611016696	1.1333153600963786	-0.40027444314950433	0.7680687898851375	0.5624872379634628	0.04790892755361544	8.822947581834754	0.06221513254179926	8.816999986329943	0.06195130066494683	8.816999986329943	6.561151622008765e-11	-1.6849417694420055e-11	False	False
198	8.817037345589515	0.05204594403445134	4.125557563262623	7.5579686427173645	0.85539820780508	0.9855682409768091	-0.501552257687333	0.7928685988145286	0.5678322744022243	0.04836418226204794	8.817540480639208	0.052176311757367234	8.817037345376486	0.052045943970398696	8.817037345376484	-2.1302959396507504e-10	-6.405264513231756e-11	False	False
199	8.817003510598086	0.03151919789300695	4.18409691578014	6.94377449895535	0.7770754809435443	2.631606610505452	-0.5942713002184942	0.7202712632865712	0.7818971263843479	0.06659680478788228	8.85565292533573	0.032759548956963806	8.817003510649624	0.031519197880745385	8.817003510649624	5.1537440981519467e-11	-1.2261566761928577e-11	False	False
200	8.817012872081262	0.031346097040815354	3.921801858693668	8.203108335612608	0.8076257095895368	2.282917939303903	-0.5965854706644559	0.7485882702185417	1.0601463467669405e-08	9.029622557727541e-10	8.822904803789347	0.031404499552405755	8.817012872007865	0.03134609702016342	15.04496811647303	-7.339728824717895e-11	-2.0651931553761216e-11	False	False
201	8.816950018299568	0.05054675561444705	3.5918255764686897	7.273662826549207	0.7688138634028611	2.290708484109179	-0.4013766502830417	0.7126135699881119	0.21531173039465945	0.0183388233487199	8.859663604704554	0.05130187903010273	8.816950017251903	0.05054675558716703	8.816950017251905	-1.047665065811998e-09	-2.728001852192463e-11	False	False
202	8.816971947411874	0.03989064796487068	4.522771472600901	8.07177547586924	0.7528774474118813	1.5968119260758629	-0.5443417447129153	0.6978421060060728	0.0	0.0	8.82059822397393	0.03994226542786033	8.816971947385365	0.03989064796449281	15.001133570642734	-2.6508573114369938e-11	-3.7786440643117203e-13	False	False
204	8.816985643380365	0.020775217352846917	3.6857813790274987	7.099426032563524	0.7608971943261117	0.7632694008278053	-0.5511766875512218	0.7052756094208729	0.08753106743869697	0.012444355575117068	8.811946834868252	0.020851915483666425	8.81698564332046	0.020775217346107752	8.816985643320464	-5.990408169509465e-11	-6.739164781777163e-12	False	False
205	8.816995367198231	0.040717831781235635	3.1201878297979806	8.030583924667258	0.8144868874532567	1.403319065818144	-0.48438731803033364	0.7549478959804236	0.04298615304514078	0.006111372669764125	8.820390535712667	0.04077730761994226	8.81699536718272	0.04071783178137523	12.819845551229825	-1.5511147921642987e-11	1.3959666755880562e-13	False	False
208	8.8170491570889	0.05959310389464887	2.8334148422231222	6.944793817259946	0.7814324810776022	0.4532733081048499	-0.47214244969159386	0.7243097667108295	0.1376155162047456	0.11800788859939779	8.795395231009023	0.05965258446497939	8.817049156414777	0.05959310388413421	8.817049156414777	-6.741220914818769e-10	-1.0514658588256509e-11	False	False
209	8.817079483161157	0.039613038301361855	3.5050237160436946	7.260251190822157	0.7814324810776022	0.4532733081048499	-0.47214244969159386	0.7243097667108295	0.010677523025551368	0.009156176443374915	8.805995422926975	0.03961712765978516	8.817079520455838	0.03961305750743505	8.817079520455843	3.7294681121124995e-08	1.9206073197108875e-08	False	False
212	8.817028315971044	0.020304944635607898	3.3661601499515372	7.03428174720462	0.7902013190028815	2.542078736622595	-0.29793624732340956	0.7324376025837708	0.03900769968399934	0.032152208165469744	8.854064956866644	0.020984997629997493	8.817028313631024	0.02030494495529188	8.817028313631026	-2.3400197335377015e-09	3.1968398067627746e-10	False	False
215	8.816910400131365	0.028437731025837555	4.077101972961409	4.700567075948959	0.7786682323538762	3.317092634248253	-0.43882012613024324	0.7217475845688078	0.0	0.0	8.82131616046389	0.15419329275215468	8.81691015087909	2.6224591349727755e-06	8.816910150879089	-2.4925227393168825e-07	-0.02843510856670258	False	False
218	8.816989116967044	0.026140088984079376	4.375733769144931	4.79258879057258	0.7755604924993552	3.911768201672392	-0.616126848796078	0.7188670204976523	0.0	0.0	8.525948036183776	0.019275326694262757	8.81698960990159	7.91462337135655e-07	8.816989609901594	4.929345465143342e-07	-0.02613929752174224	False	False
219	8.816937832510003	0.041789458537234106	3.344358081860539	5.174584640339833	0.8264893893024835	2.0609436640829255	-0.42968398933146384	0.7660730149444719	0.06848574789181218	0.06242567159679445	9.023584446373341	0.19026041241423133	8.81566789726886	0.013615639853829282	8.815667897268861	-0.001269935241143827	-0.028173818683404822	False	False
220	8.816966108988535	0.012536318766481078	4.294562225177822	5.079337312701482	0.7510716213541617	1.8037644908864132	-0.7109330655649339	0.6961682858331725	0.0040134577547257825	0.0036583202122565032	8.50080682705204	0.01724077476323338	8.817006658170113	0.002327762480817309	8.817006658170113	4.054918157869736e-05	-0.01020855628566377	False	False
